Minimal lambda 2.431300790032677
Minimal cost: [135971.26425255]
Minimal theta: [[ 607.50273162]
 [-264.94024965]
 [   0.        ]
 [   0.        ]
 [ -71.22431966]
 [ -25.17987322]
 [ -92.06522624]
 [  -9.01958592]
 [-193.52382912]
 [   0.        ]
 [   0.        ]
 [   0.        ]
 [ -22.88720889]
 [   0.        ]
 [   0.        ]
 [   0.        ]
 [  11.01069909]
 [   0.        ]
 [  28.561465  ]
 [  12.41900608]
 [   0.        ]
 [  13.25194055]
 [   0.        ]
 [   0.        ]
 [   0.        ]
 [  58.93486562]
 [   0.        ]
 [   0.        ]
 [ -44.55508124]
 [   0.        ]
 [  34.86253629]
 [  36.73075496]
 [  69.41866721]
 [-239.49732431]
 [   0.        ]
 [  -6.06890487]
 [ -32.91577348]
 [   4.73399331]
 [   0.        ]
 [  -7.84941511]
 [-237.0213077 ]
 [   0.        ]
 [ -20.97094027]
 [   0.        ]
 [   0.        ]
 [   0.        ]
 [   0.        ]
 [   0.        ]
 [-274.29358722]]


Minimal lambda 1.164975905257686
Minimal cost: [131860.80627293]
Minimal theta: [[ 6.98090808e+02]
 [ 0.00000000e+00]
 [ 0.00000000e+00]
 [ 0.00000000e+00]
 [-4.05710721e+02]
 [ 0.00000000e+00]
 [ 1.47047262e+02]
 [ 0.00000000e+00]
 [-1.69526901e+02]
 [ 0.00000000e+00]
 [-1.66953333e+02]
 [-4.05468616e+00]
 [ 0.00000000e+00]
 [ 1.04459224e+01]
 [ 3.20622053e+01]
 [ 1.14368004e+01]
 [ 1.36523953e-01]
 [-6.95299944e+01]
 [-3.21009700e+01]
 [ 4.89334603e+01]
 [ 2.75197604e+01]
 [ 1.37697983e+01]
 [-3.35251071e+01]
 [-2.57803596e+01]
 [ 0.00000000e+00]
 [ 9.65898659e+01]
 [ 0.00000000e+00]
 [ 1.25465676e+02]
 [-7.36224187e+01]
 [-9.90082048e+00]
 [-5.27919074e+01]
 [ 4.58184932e+01]
 [ 3.64450698e+02]
 [ 0.00000000e+00]
 [ 1.46354180e+02]
 [ 0.00000000e+00]
 [ 0.00000000e+00]
 [ 0.00000000e+00]
 [ 0.00000000e+00]
 [ 0.00000000e+00]
 [-1.06112257e+02]
 [ 0.00000000e+00]
 [ 0.00000000e+00]
 [ 0.00000000e+00]
 [ 0.00000000e+00]
 [ 0.00000000e+00]
 [ 2.93377119e+01]
 [ 0.00000000e+00]
 [-4.77069607e+02]]


Minimal lambda 19.534699685273086
Minimal cost: [128592.1557087]
Minimal theta: [[ 4.63676278e+02]
 [ 0.00000000e+00]
 [ 1.20292647e+01]
 [ 0.00000000e+00]
 [ 0.00000000e+00]
 [ 0.00000000e+00]
 [ 0.00000000e+00]
 [ 0.00000000e+00]
 [-1.52756524e+01]
 [-9.94552205e+00]
 [-7.30011753e+00]
 [ 2.57859678e-01]
 [-5.58355926e+00]
 [-3.15804398e+00]
 [ 2.51995950e+01]
 [-8.70512795e+00]
 [ 0.00000000e+00]
 [-5.09997619e+00]
 [ 8.12882535e+00]
 [-4.67278094e+00]
 [-2.59115385e+01]
 [ 0.00000000e+00]
 [-2.31982962e-01]
 [-2.14101770e+00]
 [ 2.76293335e+00]
 [ 0.00000000e+00]
 [ 0.00000000e+00]
 [-4.36574703e+00]
 [ 0.00000000e+00]
 [ 1.47444387e-01]
 [ 1.62124289e-02]
 [ 0.00000000e+00]
 [ 1.96054727e+01]
 [ 0.00000000e+00]
 [-5.67205633e+00]
 [ 0.00000000e+00]
 [-2.27604168e-01]
 [-2.86222327e-04]
 [ 0.00000000e+00]
 [ 0.00000000e+00]
 [-1.17079509e+01]
 [-1.35717156e+00]
 [ 0.00000000e+00]
 [-1.09526324e-01]
 [ 0.00000000e+00]
 [-1.76349793e-02]
 [-2.69749930e-01]
 [-4.53969617e-02]
 [-1.01221810e+01]]


