Minimal lambda 3.0679536367065863
Minimal cost: [129989.50581018]
Minimal theta: [[ 4.94665320e+02]
 [-3.96735939e+02]
 [ 0.00000000e+00]
 [-1.66531408e+02]
 [ 0.00000000e+00]
 [-2.72766456e-01]
 [ 0.00000000e+00]
 [ 7.92058875e+01]
 [ 0.00000000e+00]
 [ 1.45155233e+02]
 [ 0.00000000e+00]
 [-2.14647382e+02]
 [ 0.00000000e+00]
 [ 0.00000000e+00]
 [ 2.03139723e+01]
 [-3.51433331e+01]
 [ 4.40059108e+02]
 [ 0.00000000e+00]
 [ 0.00000000e+00]
 [ 0.00000000e+00]
 [ 0.00000000e+00]
 [-5.49450033e+02]]


Minimal lambda 2.431300790032677
Minimal cost: [134589.00489458]
Minimal theta: [[ 553.39774053]
 [-390.4712304 ]
 [ -53.12752407]
 [ -51.77086052]
 [   0.        ]
 [-139.9354674 ]
 [   0.        ]
 [  17.43941773]
 [   0.        ]
 [  47.7051474 ]
 [ -24.59748864]
 [ -49.96860759]
 [   0.        ]
 [  43.78742824]
 [   0.        ]
 [-234.83199948]
 [ 436.98756993]
 [   0.        ]
 [   0.        ]
 [   0.        ]
 [   0.        ]
 [-646.70123991]]


Minimal lambda 9.815203250201352
Minimal cost: [124300.53583218]
Minimal theta: [[ 582.55235974]
 [-204.12951847]
 [   0.        ]
 [ -66.82130621]
 [ -99.28122483]
 [ -26.01445488]
 [   0.        ]
 [  66.87311255]
 [   0.        ]
 [   0.        ]
 [   0.        ]
 [   0.        ]
 [   0.        ]
 [   0.        ]
 [ -25.77689035]
 [   0.        ]
 [   0.        ]
 [   0.        ]
 [   0.        ]
 [   0.        ]
 [   0.        ]
 [-107.41076859]]


Minimal lambda 1.9267642968552647
Minimal cost: [127110.53855698]
Minimal theta: [[ 677.3605351 ]
 [-285.91121428]
 [ -67.68253887]
 [   0.        ]
 [ -30.11904392]
 [-132.56931723]
 [  62.0741136 ]
 [   0.        ]
 [   0.        ]
 [  84.36116894]
 [   0.        ]
 [   0.        ]
 [ -36.54221137]
 [-107.98440421]
 [ -38.17779355]
 [ 104.29761498]
 [   0.        ]
 [ -17.66300932]
 [   0.        ]
 [   0.        ]
 [ 143.87234911]
 [-350.74265272]]


Minimal lambda 15.628579248441175
Minimal cost: [123770.5613115]
Minimal theta: [[ 5.62036750e+02]
 [-3.35156213e+01]
 [-2.19983601e+00]
 [-5.99396202e+00]
 [-1.56349729e+00]
 [ 3.67237013e+00]
 [ 1.56827506e-01]
 [ 8.18039524e+00]
 [-8.21095766e-01]
 [ 7.19091142e-01]
 [-2.17336401e+01]
 [-1.13074614e+01]
 [-9.99962609e+00]
 [ 0.00000000e+00]
 [ 0.00000000e+00]
 [-2.42829672e+00]
 [ 0.00000000e+00]
 [ 0.00000000e+00]
 [-1.52776810e+01]
 [-1.91898943e+01]
 [-1.72442885e+01]
 [-3.36992808e+01]]


Minimal lambda 24.885117821660558
Minimal cost: [128316.01632563]
Minimal theta: [[528.84592525]
 [-18.36994605]
 [-21.30735908]
 [ -2.2954998 ]
 [ -1.23032832]
 [ -3.14295321]
 [  6.57586815]
 [  4.37547134]
 [  9.30043006]
 [  3.30392532]
 [  0.        ]
 [-18.41210122]
 [  0.        ]
 [  4.48655748]
 [ -5.26385396]
 [ -6.37363102]
 [  0.        ]
 [  2.13286746]
 [  0.        ]
 [  0.        ]
 [  0.        ]
 [-34.17319842]]


