Mean costs for ks are equal [0.18773738 0.21676614 0.16332067 0.18068367 0.16684753 0.18176886
 0.16494845 0.18502442]
Mean costs for ks are equal [0.11665762 0.1269669  0.10336408 0.10716224 0.10906131 0.10526316
 0.10390667 0.10444927 0.10363538 0.10444927 0.10499186 0.10363538
 0.10743353 0.1098752  0.10933261 0.11285947 0.10770483 0.11068909
 0.11150298 0.10960391 0.1101465  0.11611503 0.11150298 0.11665762
 0.11177428 0.11421595 0.11665762]

Mean costs for ks are equal [0.082637   0.0962561  0.08556701 0.09001628 0.08752035 0.08762887
 0.08619099 0.0878459  0.08521432 0.08922952 0.08781877 0.08931091
 0.08841563 0.08993489 0.08898535 0.09017906 0.08827998 0.09110147
 0.08941942 0.0915898  0.09034183 0.092051   0.09164406 0.09357027
 0.09256647 0.09381443 0.09319045 0.09481823 0.09522518 0.09576777
 0.09587629 0.09685296 0.09620184 0.09650027 0.09639175 0.09761259
 0.09663592 0.09842648 0.09793814 0.09880629 0.0982637  0.09943028
 0.09891481 0.09975583 0.09945741 0.10056972 0.09986435 0.1010038
 0.10054259]
Mean costs for ks are equal [0.0831796  0.09696148 0.0859197  0.09104721 0.08787303 0.08874118
 0.08662507 0.08752035 0.08686923 0.08979924 0.08893109 0.08898535
 0.08762887 0.08895822 0.08792729 0.08996202 0.08868692 0.09148128
 0.08990776 0.09256647 0.09167119 0.09384156 0.09194249 0.09370591
 0.09275638 0.09449267 0.09386869 0.09492675 0.09508953 0.09574064
 0.09555073 0.09736842 0.09734129 0.09810092 0.09793814 0.09829083
 0.09839935 0.09815518 0.09810092 0.09834509 0.09858926 0.09902333
 0.09891481 0.09967444 0.09915898 0.09981009 0.09867065 0.09970157
 0.09945741]
Mean costs for ks are equal [0.06644059 0.08285404 0.06646772 0.0757732  0.06752577 0.07514921
 0.06885513 0.07379273 0.06896365 0.07582746 0.07053717 0.07479653
 0.07064569 0.0752306  0.07080846 0.07504069 0.07194791 0.07555616
 0.0730331  0.07710255 0.07354856 0.07639718 0.07430819 0.07699403
 0.0747694  0.07829626 0.07604449 0.07894737 0.07645144 0.07875746
 0.0765057  0.0789745  0.07753663 0.07948996 0.07818774 0.08027672
 0.07892024 0.08057515 0.07916441 0.08138904 0.07924579 0.08174173
 0.08000543 0.08122626 0.08011394 0.08138904 0.07978839 0.08166034
 0.0804395 ]
Mean costs for ks are equal [0.06540966 0.08168747 0.06690179 0.07569181 0.06717309 0.07414542
 0.06869235 0.07381986 0.06823114 0.07368421 0.06945198 0.07425393
 0.06966902 0.07479653 0.07132393 0.07493218 0.07200217 0.07601736
 0.0737656  0.07642431 0.07411829 0.07683125 0.07392838 0.07699403
 0.07430819 0.07721107 0.0747694  0.07761801 0.07533912 0.07837765
 0.07628866 0.07832339 0.07767227 0.07921867 0.07737385 0.07978839
 0.07783505 0.08008681 0.0776994  0.07976126 0.07791644 0.08014107
 0.07856755 0.08084645 0.07935431 0.08119913 0.07951709 0.08160608
 0.07989691]
