Mean costs are equal [0.17921867 0.15702659 0.13613673 0.13092784 0.11600651 0.1052089
 0.09191536 0.0678242  0.06185567 0.05664677 0.05035269 0.04628323]
Mean k is equal [ 5.2  6.8 10.   8.4 15.   9.8  5.4  1.   1.   1.   1.   1. ]
Mean precision is equal [0.81660128 0.8376558  0.85968651 0.85831716 0.87435926 0.89325276
 0.9168329  0.93554263 0.94049879 0.94459026 0.95139668 0.95577529]
Mean tenderness is equal [0.87910375 0.89147589 0.90336094 0.91729177 0.92479299 0.92177302
 0.91836337 0.94330248 0.94905017 0.95431076 0.95859717 0.96142231]
Mean F1 is equal [0.84521075 0.86315794 0.88065539 0.88621867 0.89880958 0.90708454
 0.91757592 0.93938454 0.94473717 0.94941714 0.95497342 0.95857987]
Mean costs are equal [0.18971785 0.17004883 0.14443842 0.13301682 0.11323928 0.10453066
 0.09129137 0.06866522 0.06101465 0.05501899 0.05010852 0.04609333]
Mean k is equal [ 4.5  7.2  9.3  9.4 13.1  9.6  6.9  1.2  1.4  1.   1.   1. ]
Mean precision is equal [0.80347777 0.82594339 0.84755738 0.85948383 0.8807881  0.89007506
 0.91031148 0.93841824 0.94457395 0.94960722 0.95359679 0.9574129 ]
Mean tenderness is equal [0.87627862 0.8814905  0.90404286 0.91047248 0.9216756  0.9269849
 0.92766683 0.93833415 0.94598149 0.95172918 0.9566001  0.95996103]
Mean F1 is equal [0.83759886 0.85248528 0.87469758 0.88400694 0.90064662 0.90809461
 0.91881905 0.93836407 0.94526825 0.95066124 0.95508671 0.95867877]
Mean costs are equal [0.19061313 0.15032556 0.12756375 0.11565383 0.09270212 0.08209441
 0.06893652 0.05249593 0.04788388 0.04373304 0.0408573  0.03809007]
Mean k is equal [4.3 6.3 7.5 8.9 8.4 8.4 8.4 1.2 1.2 1.2 1.4 1.6]
Mean precision is equal [0.79716009 0.82642894 0.85246074 0.86352218 0.89193825 0.90626966
 0.92190007 0.94678054 0.95129616 0.95521844 0.9577296  0.96083618]
Mean tenderness is equal [0.89123234 0.92688748 0.9354603  0.94320507 0.94885533 0.95119338
 0.95747686 0.95971749 0.96337068 0.96682903 0.96945933 0.97121286]
Mean F1 is equal [0.83948435 0.87310549 0.89127214 0.90098691 0.91936534 0.92811809
 0.93929476 0.95319471 0.95728846 0.96097858 0.96354828 0.96599131]
Mean costs are equal [0.19837222 0.15382528 0.12322301 0.11429734 0.0895822  0.08046663
 0.07053717 0.05510038 0.04913185 0.04460119 0.04088443 0.03814433]
Mean k is equal [3.7 5.7 7.3 8.9 8.8 7.6 7.6 1.6 1.  1.  1.  1. ]
Mean precision is equal [0.78419242 0.82756672 0.86043338 0.86560494 0.89758834 0.90862047
 0.92101492 0.94339106 0.94970756 0.95389697 0.95738165 0.95978453]
Mean tenderness is equal [0.89425231 0.91919143 0.93219679 0.94305894 0.94773502 0.95158305
 0.95547979 0.95869459 0.96283488 0.9666829  0.96980029 0.97228446]
Mean F1 is equal [0.83419071 0.86947303 0.89403569 0.90199932 0.9217971  0.9294841
 0.93785999 0.95093154 0.95619334 0.96022223 0.9635263  0.96597416]
