Cluster assign [ 2  1  1  2  1  2  1  2  1  2  2  2  2  2  1  2  1  1  1  1  1  2  1  2
  2  1  1  1  1  1  1  1  1  1  1  2  2  1  1  2 10 10 10 10 10 10 10 10
 10 10  1 10 10 10 10 10 10 10 10 10 10 10 10 10 10 10 10 10 10 10 10 10
 10 10 10 10 10 10 10 10 11 11 11 11 11 11 11 11 11 11 11 11 11 11 11 11
 11 11 11 11 11 11 11 11 11 11 11 11 11 11 11 11 11 11 11 11 11 11 11 11
  3  3  3  3  3  3  5 11  3  3  3 11  3  3  3  3  3  3 11  3  3  3  3  1
  3 11  3  3  3  3  3 11  3  3  3  3 11  3  3 11  5  5  5  5  5 12  5  5
  5  5  5  5 12 12  5  5  5  5  5  5  5  5  5  5 12  5 12  5  5  5 12 12
  5 12 12  5  5  5  5  5  4  4  4  4  4  4  4  4  4  4  4  4  4  4  4  4
  4  4  4  4  4  4  4  4  4  4  4  4  4  4  4  4  5  4  4  4  4  4  4  4
  2  8  4  8  8  4  4  8  4  4  8  8  4  8  8  8  8  8  4  4  2  8  4  4
  4  4  8  4  8  4  4  4  8  8  8  8  8  8  8  8 14 14 14 14 14 14  8 14
 14 14 14 14  8 14 14  8 14 14 14 14 14 14 14 14 14  8  8  8 14 14 14 14
 14 14 14  8  8 14 14 14 10 10 10 10 10 10 10 10 10 10 10 10 10 10 10 10
 10 10 10 10 10 10 10 10 10 10 10 10 10 10 10 10 10 10 10 10 10 10 10 10
 11 11 11 11 11 11 11 11 11 11 11 11 11  7 11 11 11 11 11 11 11 11 11 11
 11 11 11  7 11  7 11 11  7  7 11 11 11 11  7 11  9  9  9  7  9  9  9  7
  9  9  9  9  7  7  9  9  9  7  9  7  9  7  9  9  7  9  9  9  9  9  9  7
  9  7  9  9  7  7  9  9  6  6  6  6  6  6  6  6 13  6  6  6  6  6  6  6
  6  6  6  6  6  6  6  6  6  6  6  6  6  6  6  6 13  6  6 13  6  6  6  6
  0  0  0  0  0  0  0  0  0  0  0  0  0  0  0  0  0  0  0  0  0  0  0  0
  0  0  0  0  0  0  0  0  0  0  0  0  0  0  0  0  4  4  4  4  4  4  4  4
  4  4  4  8  8  4  4  4  4  4  4  4  4  4  4  4  4  4  4  4  4  4  0  4
  4  4  4  4  4  4  4  4  8 14 14 14 14 14 14 14 14  8 14 14 14 14 14 14
 14 14 14  8 14 14  8 14  8 14  8 14 14  8 14 14 14 14 14 14 14 14 14 14]
Cluster assign [ 7  7  7  5  7  5  7  5  7  0  0  7  7  5  7  0  5  7  7  7  7  5  7  5
  5  7  7  7  7  7  7  7  7  7  7  7  7  7  7  5 14 14 14 14 14 14 14 14
 14 14 14 14 14 14 14 14 14 14 14 14 14 14 14 14 14 14 14 14 14 14 14 14
 14 14 14 14 14 14 14 14  7  7  7  7  7  7  7  7  7  7  7  7  7  7  7  7
  7  7  7  7  7  7  7  7  7  7  7  7  7  7  7  7  7  7  7  7  7  7  7  7
  0  0  0  0  0  0  0  7  0  0  0  0  0  0  0  0  0  0  0  0  0  0  0  0
  0  0  0  0  0  0  0  0  0  0  0  0  0  0  0  7  0  3  0  0  0  0  0  0
  0  3  0  0  0  0  3  0  3  0  0  0  0  0  0  3  0  0  0  3  0  0  0  0
  0  0  0  0  0  0  0  3  3  3  3  3  3 11  3  3  3  3  3  3  3  3  3  3
  3  3  3  3  3 11  3  3  3  3  3  3  3  3  3  3  3  3  3  3  3  3  3  3
  5 10  5 10 10 11 12 12 11 12 10 10  5  5 10 10 12  5  5 12  5 12 11  5
 12 11 12  5 10 12  5  5 10 10 12  5 12 10 12 10 14 14  5 10 14 14 10 10
 10 10 14 10 10 14 10 10 10 10 10 10 14 10 10 10 10 10 10 10 10 14 10 10
 10 14 10 10 10 10 14 10 13  6  6 13  6 13 13  6 13 13 13  6  6 13 13 13
  6  6  6 13 13 13 13  6 13 13 13  6  6  6  6 13 13 13 13 13 13 13 13 13
  9  9  9  9  9  9  9  9  9  9  9  9  9  9  9  9  9  9  9  9  9  9  9  9
  9  9  9  9  9  9  9  9  9  9  9  9  9  9  9  9  4  4  4  4  4  4  4  4
  4  4  4  4  4  4  4  4  4  4  4  4  4  4  4  4  4  4  4  4  4  4  4  4
  4  4  4  4  4  4  4  4  8  8  8  8  8  8  8  8  8  8  8  8  8  8  8  8
  8  8  8  8  8  8  8  8  8  8  8  8  8  8  8  8  8  8  8  8  8  8  8  8
  2  2  2  2  2  2  2  2  2  2  2  2  2  2  2  2  2  2  2  2  2  2  2  2
  2  2  2  2  2  2  2  2  2  2  2  2  2  2  2  2 12 12 12 12 12 12 12 12
 12 12 12 12 12 12 12 12 12 12 12 12 12 12 12 12 12 12 12 12 12 12 12 12
 12 12 12 12 12 12 12 12  1  1  1  1  1  1  1  1  1  1  1  1  1  1  1  1
  1  1  1  1  1  1  1  1  1  1  1  1  1  1  1  1  1  1  1  1  1  1  1  1]Iterations None
Cluster assign [ 6  1  1  6  6  6  1  6  1  6  6  6  6  6  1  6  1  1 13 13 13  6  2  1
  1  6 13 13  2  1  6 13 13  6 13  1  6  2 13  1 13 13 13 13 13 13 13 13
 13 13 13 13 13 13 13 13 13 13 13 13 13 13 13 13 13 13 13 13 13 13 13 13
 13 13 13 13 13 13 13 13 10 10 10 10 10 10 10 13 10 10 10 10 10 10 10 10
 10 10 10 10 10 10 10 10 10 10 10 10 10 10 10 10 13 10 10 10 10 10 10 10
  2 12 12  2  2  2  6 10  2  2  2  2 12 12  2  2 12  2  2  2 12  2 12  2
 12  2  2  2 12 12  2  2  2  2  2  2  2 12 12  2  6  6  6  6  6  6  6  6
  6  6  6  6  6  6  6  6  6  6  6  6  6  6  6  6  6  6  6  6  6  6  6  6
  6  6  6  6  6  6  6  6  6  3  6  6  3  3  3  6  3  6  6  3  6  6  6  3
  6  3  3  6  6  3  6  6  3  6  6  6  6  6  6  6  6  3  6  6  3  6  6  6
  3  3  3  3  3  3  4  4  3  4  3  3  3  3  3  3  4  3  3  4  3  4  3  3
  4  3  4  3  3  4  3  3  3  3  4  3  4  3  4  3  1  1  1  1  1  1  1  1
  1  1  1  1  1  1  1  1  1  1  1  1  1  1  1  1  1  1  1  1  1  1  1  1
  1  1  1  1  1  1  1  1  8  8  8  8  8  8  8  8  8  8  8  8  8  8  8  8
  8  8  8  8  8  8  8  8  8  8  8  8  8  8  8  8  8  8  8  8  8  8  8  8
  7  7  7  7  7  7  7  7  7  7  7  7  7  7  7  7  7  7  7  7  7  7  7  7
  7  7  7  7  7  7  7  7  7  7  7  7  7  7  7  7  0  0  0  0  0  0  0  0
  0  0  0  0  0  0  0  0  0  0  0  0  0  0  0  0  0  0  0  0  0  0  0  0
  0  0  0  0  0  0  0  0 12 12  6  6 12  6  6  6 12 12 12 12 12  6 12 12
  6  6  6  6  6  6 12 12  6  6  6 12  6  6 12 12 12  6  6 12  6 12 12 12
 14 14 14 14 14 14 14 14 14 14 14 14 14 14 14 14 14 14 14 14 14 14 14 14
 14 14 14 14 14 14 14 14 14 14 14 14 14 14 14 14  9  9  9  9  9  9 11 11
  9 11  9 11 11 11  9  9  9 11  9  9  9 11  9  9  9  9  9  9  9  9  9  9
  9 11 11 11  9  9  9  9  5  5  5  5  5  5  5  5  5  5  5  5  5  5  5  5
  5  5  5  5  5  5  5  5  5  5  5  5  5  5  5  5  5  5  5  5  5  5  5  5]Iterations None
Cluster assign [ 2  9  1  2  2  1  9  2  1  2  2  2  2  2  9  2  1  1  2  9  9  2  2  1
  1  2  9  9  2  9  2  9  9  2  9  1  1  2  9  1  8  8  8  8  8  8  8  8
  8  8  9  0  8  8  8  8  8  8  8  8  8  8  8  8  8  0  8  8  0  8  8  8
  8  8  8  8  8  8  8  8  0  0  0  0  0  0  0  0  0  0  0  0  0  0  0  0
  0  0  0  0  0  0  0  0  0  0  0  0  0  0  0  0  0  0  0  0  0  0  0  0
  4  5  6  4  6  6  6  0  4  6  5  6  5  4  4  4  5  6  6  4  4  4  5  6
  5  6  6  4  5  5  4  6  6  6  5  4  6  5  5  6  6  2  2  2  2  5  6  6
  2  2  2  6  5  6  2  2  2  2  6  6  6  6  2  2  5  6  5  2  5  6  5  5
  2  5  5  5  2  6  2  2  2  2  2  2  2  1  2  2  2  2  2  2  2  2  2  2
  2  2  2  2  2  1  2  2  2  2  2  2  2  2  2  2  2  2  2  2  2  2  2  2
  1  1  1  1  1  1  1  1  1  1  1  1  1  1  1  1  1  1  1  1  1  1  1  1
  1  1  1  1  1  1  1  1  1  1  1  1  1  1  1  1  8  8  9  8  8  8  8  8
  8  8  8  8  8  8  8  8  8  8  8  8  8  8  8  8  8  8  8  8  8  8  8  8
  9  8  8  9  1  8  8  8 14 14 14 14 14 14 14 14 14 14 14 14 14 14 14 14
 14 14 14 14 14 14 14 14 14 14 14 14 14 14 14 14 14 14 14 14 14 14 14 14
  7  7  7  7  7  7  7  7  7  7  7  7  7  7  7  7  7  7  7  7  7  7  7  7
  7  7  7  7  7  7  7  7  7  7  7  7  7  7  7  7  3  3  3  3  3  3  3  3
  3  3  3  3  3  3  3  3  3  3  3  3  3  3  3  3  3  3  3  3  3  3  3  3
  3  3  3  3  3  3  3  3 11 11 11 11 11 11 11 11 11 11 11 11 11 11 11 11
 11 11 11 11 11 11 11 11 11 11 11 11 11 11 11 11 11 11 11 11 11 11 11 11
 12 12 12 12 12 12 12 12 11 12 12 12 12 12 12 12 12 11 12 11 12 12 12 12
 12 11 12 12 12 12 12 12 12 12 12 12 12 12 12 12 12 12 12 12 12 12 13 13
 13 13 12 12 13 13 12 12 12 13 12 13 12 13 12 12 12 12 12 13 12 12 12 12
 12 12 13 13 12 12 12 12 10 10 10 10 10 10 10 10 10 10 10 10 10 10 10 10
 10 10 10 10 10 10 10 10 10 10 10 10 10 10 10 10 10 10 10 10 10 10 10 10]Iterations None
Cluster assign [ 6  6  6  6  6  6  6  6  6  6  6  6  6  6  6  6  6  6  6  6  6  6  6  6
  6  6  6  6  6  6  6  6  6  6  6  6  6  6  6  6 14 14 14 14 14 14 14 14
 14 14 14 14 14 14 14 14 14 14 14 14 14 14 14 14 14 14 14 14 14 14 14 14
 14 14 14 14 14 14 14 14 14  4  4 14  4  4  4 14  4 14 14  4  4  4 14 14
  4  4  4  4  4  4 14  4 14  4 14 14  4  4  4 14 14 14  4 14 14 14  4 14
  4  4  4  4  4  4  7  4  4  4  4  4  4  4  4  4  4  4  4  4  4  4  4  4
  4  4  4  4  4  4  4  4  4  4  4  4  4  4  4  4  8  8  8  8  8  1  8  7
  8  8  8  8  1  8  8  8  8  8  8  8  8  7  8  8  1  7  1  8  7  8  1  1
  8  1  1  1  8  7  8  8  0  0  0  0  0  0  0  0  0  0  0  0  0  0  0  0
  0  0  0  0  0  0  0  0  0  0  0  0  0  0  0  0  0  0  0  0  0  0  0  0
  0  6  0  0  0  0  0  0  0  0  0  0  0  0  0  0  0  0  0  0  0  0  0  0
  0  0  0  0  0  0  0  0  0  6  0  0  0  0  0  0 14 14  6 14 14 14 14 14
 14 14 14 14 14 14 14 14 14 14 14 14 14 14 14 14 14 14 14 14 14 14 14 14
 14 14 14  6  6 14 14 14  9  9  9  9  9  9  9  9  9  9  9  9  9  9  9  9
  9  9  9  9  9  9  9  9  9  9  9  9  9  9  9  9  9  9  9  9  9  9  9  9
  2  2  2 13  2 13  2  2  2  2  2  2  2 13  2  2 13 13  2  2  2  2  2 13
  2 13  2 13 13  2  2  2 13 13  2 13  2  2 13  2 10  3  3 11 10  3 11 10
 10 10  3 11 10 10 11  3 11 11  3 11 11 10 11 11 11  3  3 10 10  3  3 10
 11 10 11  3 10 10 11  3  1  1  1  1  1  1  1  1  1  1  1  1  1  1  1  1
  1  1  1  1  1  1  1  1  1  1  1  1  1  1  1  1  1  1  1  1  1  1  1  1
  0  0  0  0  0  0  0  0  0  0  0  0  0  0  0  0  0  0  0  0  0  0  0  0
  0  0  0  0  0  0  0  0  0  0  0  0  0  0  0  0 12 12 12 12 12 12 12 12
 12 12 12 12 12 12 12 12 12 12 12 12 12 12 12 12 12 12 12 12 12 12 12 12
 12 12 12 12 12 12 12 12  5  5  5  5  5  5  5  5  5  5  5  5  5  5  5  5
  5  5  5  5  5  5  5  5  5  5  5  5  5  5  5  5  5  5  5  5  5  5  5  5]Iterations None
Cluster assign [ 4  8  4  0  4  0  0  0  0  4  4  4  4  0  4  0  0  0  4  8  4  0  4  0
  0  4  4  8  4  0  4  8  8  4  8  0  4  4  4  0  8  8  7  8  8  8  7  8
  8  8  8  7  8  7  8  7  7  8  8  8  8  8  8  8  8  7  8  8  7  8  8  8
  8  8  8  8  8  8  7  7  7  7  7  7  7  7  7  7  7  7  7  7  7  7  7  7
  7  7  7  7  7  7  7  7  7  7  7  7  7  7  7  7  7  7  7  7  7  7  7  7
  7  7  1  7  7  7  1  7  7  4  7  7  1  7  7  7  7  7  7  7  7  7  7  4
  7  7  4  7  1  7  7  7  7  7  7  7  7  1  1  7  3  1  1  1  1  3  1  1
  1  1  1  3  3  3  1  1  1  1  1  1  1  1  1  3  1  1  3  1  1  1  3  3
  3  3  3  1  1  1  1  1  1  5  1  1  5  5  5  3  5  3  5  5  1  1  3  5
  1  5  5  1  3  5  1  1  1  3  1  1  5  1  1  1  1  5  3  1  5  1  3  1
  5 12  5 12 12  5 12 12  5 12 12 12  5 12 12 12 12  5  5 12  5 12  5  5
 12  5 12 12 12 12  5  5 12 12 12 12 12 12 12 12  8  8  0 12  8  8 12  8
  8  8  8 12 12  8 12 12 12 12 12  8  8  8 12  8  8 12 12 12 12 12  8 12
  8  8 12  0  0  8  8 12  2  2  2  2  2  2  2  2  2  2  2  2  2  2  2  2
  2  2  2  2  2  2  2  2  2  2  2  2  2  2  2  2  2  2  2  2  2  2  2  2
 10 10 14 10 14 14 10 10 14 14 14 14 14 14 10 14 10 10 14 10 10 10 14 14
 10 10 14 14 14 14 14 14 14 14 10 10 14 10 14 10 11 11 11 11 11 11 11 11
 11 11 11 11 11 11 11 11 11 11 11 11 11 11 11 11 11 11 11 11 11 11 11 11
 11 11 11 11 11 11 11 11  9  9  9  9  9  9  9  9  9  9  9  9  9  9  9  9
  9  9  9  9  9  9  9  9  9  9  9  9  9  9  9  9  9  9  9  9  9  9  9  9
 13 13 13 13 13 13 13 13 13 13 13 13 13 13 13 13 13 13 13 13 13 13 13 13
 13 13 13 13 13 13 13 13 13 13 13 13 13 13 13 13 12 12 12 12 12 12 12 12
 12 12 12 12 12 12 12 12 12 12 12 12 12 12 12 12 12 12 12 12 12 12 12 12
 12 12 12 12 12 12 12 12  6  6  6  6  6  6  6  6  6  6  6  6  6  6  6  6
  6  6  6  6  6  6  6  6  6  6  6  6  6  6  6  6  6  6  6  6  6  6  6  6]Iterations None
Cluster assign [ 9  9  9  9  9  9  9  9  9  9  9  9  9  9  9  9  9  9  9  9  9  9  9  4
  9  9  9  9  9  9  9  9  9  9  9  9  9  9  9  4 13 13 13 13 13 13 13  3
  3 13  3 13 13 13 13 13 13  3  3  3 13  3 13  3  3 13  3 13 13 13  3  3
 13  3 13 13 13 13 13 13  6  6  6  9  6  6  6  3  6  9  6  6  6  6  6  9
  6  6  6  6  6  6 13  6  6  6  6  9  6  6  6  6  9 13  6  6  6  6  6  6
  6  7  7 12  6  6  7  6 12  6  7  6  7 12 12 12  7  6  6  6 12 12  7  7
  7  6  7 12  7  7  6  6  7  6  7  6  6  7  7  6  7  7  7  7  7  7  7  7
  7  9  7  7  7  7  9  7  9  7  7  7  7  7  7  7  7  7  7  7  7  7  7  7
  7  7  7  7  7  7  7  9  9  9  9  9  9  4  9  9  9  9  9  9  9  9  9  9
  9  9  9  9  9  9  9  9  9  9  9  9  9  9  9  9  9  9  9  9  9  9  9  9
  4  4  4  4  4  9  4  4  4  4  4  4  4  4  4  4  4  4  4  4  4  4  4  4
  4  4  4  4  4  4  4  4  4  4  4  4  4  4  4  4  4  4  4  4  4  4  4  4
  4  4  4  4  4  4  4  4  4  4  4  4  4  4  4  4  4  4  4  4  4  4  4  4
  4  4  4  4  4  4  4  4  2  2  2  2  2  2  2  2  2  2  2  2  2  2  2  2
  2  2  2  2  2  2  2  2  2  2  2  2  2  2  2  2  2  2  2  2  2  2  2  2
 13  6  0  6  0  0  6  6  6  6  0  0  6  0 13  6  0  6  0  6 13  6  6  0
 13  0  6  0  0  0  6  6  0  0  6  6  6  6  0  6  0 14 14  0  0  0 14  0
  0  0 14 14  0  0 14  0 14  0 14 14 14  0 14 14  0  0 14 14  0 14 14  0
 14  0 14  0  0  0 14 14  7 14 14  7 14  8  7  7 14  7 14 14 14  7  7 14
  7  7  7  7  7  7  7 14  7  7  7  7  7  7 14 14 14  7  8 14  8 14 14 14
 10  8  8 10 10  8 10  8  8 10 10  8  8  8 10  8  8  8 10  8 10 10 10  8
 10  8 10  8 10  8 10 10  8  8  8  8  8  8 10  8  5  5  5  5  5  5  5  5
  5  5  5  5  5  5  5  5  5  5  5  5  5  5  5  5  5  5  5  5  5  5  5  5
  5  5  5  5  5  5  5  5 11  1  1  1  1  1  1  1  1 11  1  1  1  1  1  1
  1  1  1 11  1  1 11  1 11  1 11  1  1 11  1  1  1  1  1  1  1  1  1  1]Iterations None
Cluster assign [14 14 14 14 14 14 14 14 14 14 14 14 14 14 14 14 14 14 14 14 14 14 14  4
 14 14 14 14 14 14 14 14 14 14 14 14 14 14 14 14  9  9  9  9  9  9  9  4
  9  9 14  9  9  9  9  9  9  4  9  9  4  9  4  4  9  9  4  9  9  9  4  9
  9  9  9  4  9  9  9  9  9  9  9  9  9  9  9  9  9  9  9  9  9  9  9  9
  9  9  9  9  9  9  9  9  9  9  9  9  9  9  9  9  9  9  9  9  9  9  9  9
 13  8  8 13  8  8  8  9 13  8  8 13  8  8  8  8  8  8 13 13 13 13  8  8
  8  8  8  8  8  8 13  8  8  8  8 13  8  8  8  8 10 10 10 10 10 10 10 10
 10 10 10 10 10 10 10 10 10 10 10 10 10 10 10 10 10 10 10 10 10 10 10 10
 10 10 10 10 10 10 10 10 10  2  2  2  2  2  2 10  2 10  2  2 10  2  2  2
  2  2  2  2 10  2  2  2  2  2  2  2  2  2 10  2 10  2 10  2  2  2  2  2
  2  3  2  2  2  2  2  2  2  2  2  2  2  2  2  2  2  2  2  2  2  2  2  2
  2  2  2  2  2  2  2  2  2  3  2  2  2  2  2  2  4  4  4  4  4  4  3  4
  4  4  4  4  4  4  4  3  4  4  4  4  4  4  4  4  4  4  4  3  4  4  4  4
  4  4  4  4  4  4  4  4  7  7  7  7  7  7  7  7  7  7  7  7  7  7  7  7
  7  7  7  7  7  7  7  7  7  7  7  7  7  7  7  7  7  7  7  7  7  7  7  7
  9  9  9  9  9  9  9  9  9  9  9  9  9  9  9  9  9  9  9  9  9  9  9  9
  9  9  9  9  9  9  9  9  9  9  9  9  9  9  9  9  5  6  6  6  5  5  6  5
  5  5  5  6  5  6  6  5  6  6  6  6  6  6  6  6  6  5  6  6  5  6  5  5
  6  5  6  5  5  6  6  6  0  0  0  0  0  0  0  0  0  0  0  0  0  0  0  0
  0  0  0  0  0  0  0  0  0  0  0  0  0  0  0  0  0  0  0  0  0  0  0  0
 11 11 11 11 11 11 11 11 11 11 11 11 11 11 11 11 11 11 11 11 11 11 11 11
 11 11 11 11 11 11 11 11 11 11 11 11 11 11 11 11 12  1 12 12  1  1 12 12
 12 12  1  1 12 12 12 12 12 12  1 12  1 12 12 12  1  1  1 12 12  1 12  1
 12  1 12 12  1  1  1 12  3  3  3  3  3  3  3  3  3  3  3  3  3  3  3  3
  3  3  3  3  3  3  3  3  3  3  3  3  3  3  3  3  3  3  3  3  3  3  3  3]Iterations None
Cluster assign [ 5  5  5  5  5  5  5  5  5  5  5  5  5  5  5  5  5  5  5  5  5  5  5  5
  5  5  6  5  5  5  5  5  5  5  6  5  5  5  5  5  6  6  6  6  6  6  6  6
  6  6  6  6  6  6  6  6  6  6  6  6  6  6  6  6  6  6  6  6  6  6  6  6
  6  6  6  6  6  6  6  6  6  6  6  6  6  6  6  6  6  6  6  6  6  6  6  6
  6  6  6  6  6  6  6  6  6  6  6  6  6  6  6  6  6  6  6  6  6  6  6  6
  6 14 14  6 14  6 14  6 14 14 14  6 14 14 14  6 14  6  6  6 14  6 14 14
 14  6 14  6 14 14  6  6 14  6 14  6  6 14 14  6  2  1  1  1  2  2  2 14
  1  1  2  2  2  2  1  1  1  1  2  2  2 14  1  1  2 14  2  1 14  2  2  2
  2  2  2  2  1 14  1  1  1  1  1  1  5  5  5  1  5  1  1  5  1  5  1  1
  1  5  5  1  1  5  1  1  5  1  1  1  1  1  1  1  1  5  1  1  1  1  1  1
  5  5  5  5  5  5  5  5  5  5  5  5  5  5  5  5  5  5  5  5  5  5  5  5
  5  5  5  5  5  5  5  5  5  5  5  5  5  5  5  5  5  5  5  5  5  5  5  5
  5  5  5  5  5  5  5  5  5  5  5  5  5  5  5  5  5  5  5  5  5  5  5  5
  5  5  5  5  5  5  5  5  3  6  6  3  6  6  6  6  6  6  3  6  6  3  3  3
  6  6  6  3  3  3  3  6  3  3  6  6  6  6  6  6  3  6  3  3  3  3  6  6
  6  6  6  6  6  6  6  6  6  6  6  6  6  6  6  6  6  6  6  6  6  6  6  6
  6  6  6  6  6  6  6  6  6  6  6  6  6  6  6  6  4  4  4  4  4  4  4  4
  4  4  4  4  4  4  4 11  4  4  4  4  4  4  4  4  4  4  4  4  4  4  4  4
  4  4  4  4  4  4  4  4 13 13 13 13 13 13 13 13 13 13 13 13 13 13 13 13
 13 13 13 13 13 13 13 13 13 13 13 13 13 13 13 13 13 13 13 13 13 13 13 10
  0  0  0  0  0  0  0  0  0  0  0  0  0  0  0  0  0  0  0  0  0  0  0  0
  0  0  0  0  0  0  0  0  0  0  0  0  0  0  0  0  9  7  8  9  9  9  9  9
  8  8  7  7  7  9  9  9  9  9  9  8  7  9  9  9  7  7  7  8  9  9  8  9
  9  7  8  9  7  9  7  9 12  3  3  3  3  3  3  3  3 12  3  3  3  3  3  3
  3  3  3 12  3  3 12  3  3  3 12  3  3 12  3  3  3  3  3  3  3  3  3  3]Iterations None
Cluster assign [12 12 12 12 12 12 12 12 12 12 12 12 12 12 12 12 12 12 12 12 12 12 12 12
 12 12 12 12 12 12 12 12 12 12 12 12 12 12 12 12  6  6  6  6  6  6  6 12
  6  6 12  6  6  6  6  6  6  6  6  6  6  6  6  6  6  6 12  6  6  6 12  6
  6  6  6  6  6  6  6  6  6  6  6  6  6  6  6  6  6  6  6  6  6  6  6  6
  6  6  6  6  6  6  6  6  6  6  6  6  6  6  6  6  6  6  6  6  6  6  6  6
  6  4  4  6  4  6  4  6  6  4  4  6  4  4  6  6  4  6  6  6  4  6  4  4
  4  6  4  6  4  4  6  6  4 12  4  6  6  4  4  6 14 14 14 14 14 14 14  4
  4 14 14 14  4 14 14 14 14 14 14 14 14  4 14 14  4  4 14 14  4 14 14 14
 14 14  4  4  4  4 14 14 14  2  2 14  2  2  2 14  2 14  2  2 14  2  2  2
  2  2  2 14 14  2 14 14  2  2  2 14  2  2 14 14 14  2 14 14  2 14 14 14
  2  1  2  1  1  2  1  1  2  1  1  1  2  2  1  1  1  2  2  1  2  1  2  2
  1  2  1  2  1  1  2  2  1  1  1  1  1  1  1  1  1  1  1  1  1  1  1  1
  1  1  1  1  1  1  1  1  1  1  1  1  1  1  1  1  1  1  1  1  1  1  1  1
  1  1  1  1  1  1  1  1  9  9  9  9  9  9  9  9  9  9  9  9  9  9  9  9
  9  9  9  9  9  9  9  9  9  9  9  9  9  9  9  9  9  9  9  9  9  9  9  9
  7  7  7  8  7  8  7  7  7  8  7  7  7  8  7  7  8  8  7  8  7  8  7  8
  7  8  7  8  8  7  7  7  7  7  7  8  7  8  8  8 10 10 10 10 10 10 10 10
 10 10 10 10 10 10 10 10 10 10 10 10 10 10 10 10 10 10 10 10 10 10 10 10
 10 10 10 10 10 10 10 10  3  3  3  3  3  3  3  3  3  3  3  3  3  3  3  3
  3  3  3  3  3  3  3  3  3  3  3  3  3  3  3  3  3  3  3  3  3  3  3  3
 11 11 11 11 11 11 11 11 11 11 11 11 11 11 11 11 11 11 11 11 11 11 11 11
 11 11 11 11 11 11 11 11 11 11 11 11 11 11 11 11  0 13  0  0 13 13  0 13
  0  0 13 13 13  0 13 13  0 13 13  0 13 13  0 13 13 13 13  0 13 13  0 13
 13 13  0 13 13 13 13 13  5  5  5  5  5  5  5  5  5  5  5  5  5  5  5  5
  5  5  5  5  5  5  5  5  5  5  5  5  5  5  5  5  5  5  5  5  5  5  5  5]Iterations None
Cluster assign [ 5  5  5  5  5  5  5  5  5  5  5  5  5  5  5  5  5  5  5  5  5  5  5  5
  5  5  5  5  5  5  5  5  5  5  5  5  5  5  5  5 11 11 11 11 11 11 11  4
 11 11  4  8 11 11 11 11 11 11 11 11 11 11 11 11 11  8  4 11  8 11  4 11
 11 11 11 11 11 11 11 11  8  3  3  8  8  3  3  8  8  8  8  8  3  3  8  8
  3  3  8  3  3  3  8  3  8  8  8  8  3  8  3  8  8  8  8  8  8  8  3  8
  3 13 13  3 13  3 13  3  3 13 13  3 13 13  3  3 13  3  3  3 13  3 13 13
 13  3 13  3 13 13  3  3 13 13 13  3  3 13 13  3 13 13 13 13 13 13 13 13
 13  2 13 13 13 13  2 13  2 13 13 13 13 13 13  2 13 13 13 13 13 13 13 13
 13 13 13 13 13 13 13  2  6  6  6  6  6 12  6  6  6  6  6  6  6  6  6  6
  6  6  6  6  6  6  6  6  6  6  6  6  6  6  6  6  2  6  6  6  6  6  6  6
 12 12 12 12 12 12 12 12 12 12 12 12 12 12 12 12 12 12 12 12 12 12 12 12
 12 12 12 12 12 12 12 12 12 12 12 12 12 12 12 12  0  0  0  0  0  0  0  0
  0  0  0  0  0  4  0  0  0  0  0  0  0  0  0  0  0  0  0  0  0  0  0  0
  0  4  0  0 12  0  0  0  9  9  9  9  9  9  9  9  9  9  9  9  9  9  9  9
  9  9  9  9  9  9  9  9  9  9  9  9  9  9  9  9  9  9  9  9  9  9  9  9
  8  8  8  8  8  8  8  8  8  8  8  8  8  8  8  8  3  8  8  8  8  8  8  8
  8  8  8  3  8  8  8  8  8  8  8  8  8  8  3  8 14 14 14 14 14 14 14 14
 14 14 14 14 14 14 14 14 14 14 14 14 14 14 14 14 14 14 14 14 14 14 14 14
 14 14 14 14 14 14 14 14 13 13 13 13 13  2 13 13 13 13 13 13 13 13 13 13
 13 13 13  2 13 13 13 13 13 13 13 13 13  2 13 13 14 13  2 13  2 13 13 13
 10  7 10 10  7  7 10  7  7 10 10  7 10 10 10  7  7 10 10  7 10 10 10  7
 10  7 10  7 10 10 10 10  7 10  7  7 10  7 10 10 12 12 12 12 12 12 12 12
 12 12 12 12 12 12 12 12 12 12 12 12 12 12 12 12 12 12 12 12 12 12 10 12
 12 12 12 12 12 12 12 12  1  1  1  1  1  1  1  1  1  1  1  1  1  1  1  1
  1  1  1  1  1  1  1  1  1  1  1  1  1  1  1  1  1  1  1  1  1  1  1  1]Iterations None
Cluster assign [10  3  3  3 10  3  3 10  3 10 10 10 10 10  3 10  3  3  3  3  3  3 10  3
  3 10  3  3 10  3  3  3  3 10  3  3  3 10  3  3  3  3  3  3  3  3  3  3
  3  3  3 12  3  3  3  3  3  3  3  3  3  3  3  3  3  3  3  3 12  3  3  3
  3  3  3  3  3  3  3  3 12 12 12 12 12 12 12 12 12 12 12 12 12 12 12 12
 12 12 12 12 12 12 12 12 12 12 12 12 12 12 12 12  3 12 12 12 12 12 12 12
 10 10 10 10 10 10 10 12 10 10 10 10 10 10 10 10 10 10 10 10 10 10 10 10
 10 10 10 10 10 10 10 10 10 10 10 10 10 10 10 10  4  4  4  4  4  4  4  4
  4  4  4  4  4  4  4  4  4  4  4  4  4  4  4  4  4  4  4  4  4  4  4  4
  4  4  4  4  4  4  4  4 14 14 14 14 14 14 14 14 14 14 14 14 14 14 14 14
 14 14 14 14 14 14 14 14 14 14 14 14 14 14 14 14 14 14 14 14 14 14 14 14
  9  9  9  9  9 14  9  9  9  9  9  9  9  9  9  9  9  9  9  9  9  9  9  9
  9  9  9  9  9  9  9  9  9  9  9  9  9  9  9  9  8  8  8  8  8  8  8  8
  8  8  8  8  8  8  8  8  8  8  8  8  8  8  8  8  8  8  8  8  8  8  8  8
  8  8  8  8  8  8  8  8  6  6  6  6  6  6  6  6  6  6  6  6  6  6  6  6
  6  6  6  6  6  6  6  6  6  6  6  6  6  6  6  6  6  6  6  6  6  6  6  6
  5  5  5  5  5  5  5  5  5  5  5  5  5  5  5  5  5  5  5  5  5  5  5  5
  5  5  5  5  5  5  5  5  5  5  5  5  5  5  5  5  2  2  2  2  2  2  2  2
  2  2  2  2  2  2  2  2  2  2  2  2  2  2  2  2  2  2  2  2  2  2  2  2
  2  2  2  2  2  2  2  2  1  1  1  1  1  1  1  1  1  1  1  1  1  1  1  1
  1  1  1  1  1  1  1  1  1  1  1  1  1  1  1  1  1  1  1  1  1  1  1  1
 11 11 11 11 11 11 11 11 11 11 11 11 11 11 11 11 11 11 11 11 11 11 11 11
 11 11 11 11 11 11 11 11 11 11 11 11 11 11 11 11  0  0  0  0 13 13  0  0
  0  0 13  0  0  0  0  0  0  0  0  0  0  0  0  0  0 13  0  0  0 13 13 13
  0  0  0  0  0  0  0  0  7  7  7  7  7  7  7  7  7  7  7  7  7  7  7  7
  7  7  7  7  7  7  7  7  7  7  7  7  7  7  7  7  7  7  7  7  7  7  7  7]Iterations None
Cluster assign [11 11 11 11 11 11 11 11 11 11 11 11 11 11 11 11 11 11 11 11 11 11 11 11
 11 11 11 11 11 11 11 11 11 11 11 11 11 11 11 11  2  2  2  2  2  2  2  2
 13  2 13  2  2  2  2  2  2  2 13 13  2 13  2  2 13  2 13  2  2  2 13 13
  2 13  2  2  2  2  2  2 13  9  9 13  9  9  9 13  9 13  9  9  9  9  9 13
  9  9  9  9  9  9 13  9  9  9 13 13  9  9  9  9 13 13  9  9 13  9  9  9
  9  9  9  9  9  9  9  9  9  9  9  9  9  9  9  9  9  9  9  9  9  9  9  9
  9  9  9  9  9  9  9  9  9  9  9  9  9  9  9  9  0  0  0  0  0  0  0  0
  0  0  0  0  0  0  0  0  0  0  0  0  0  0  0  0  0  0  0  0  9  0  0  0
  0  0  0  0  0  0  0  0  0 12 12  0 12 12 12  0 12  0 12 12  0 12 12 12
 12 12 12  0  0 12  0  0 12 12 12  0 12 12  0  0  0 12  0  0 12  0  0  0
  7  7  7  7  7 12  7  7 12  7  7  7  7  7  7  7  7  7  7  7  7  7 12  7
  7  7  7  7  7  7  7  7  7  7  7  7  7  7  7  7 14 14 14 14 14 14 14 14
 14 14 14 14 14 14 14 14 14 14 14 14 14 14 14 14 14 14 14 14 14 14 14 14
 14 14 14 14  7 14 14 14 10 10 10 10 10 10 10 10 10 10 10 10 10 10 10 10
 10 10 10 10 10 10 10 10 10 10 10 10 10 10 10 10 10 10 10 10 10 10 10 10
  5  5  5  5  5  5  5  5  5  5  5  5  5  5  5  5  5  5  5  5  5  5  5  5
  5  5  5  5  5  5  5  5  5  5  5  5  5  5  5  5  3  3  3  3  3  3  3  3
  3  3  3  3  3  3  3  3  3  3  3  3  3  3  3  3  3  3  3  3  3  3  3  3
  3  3  3  3  3  3  3  3  4  4  4  4  4  4  4  4  4  4  4  4  4  4  4  4
  4  4  4  4  4  4  4  4  4  4  4  4  4  4  4  4  4  4  4  4  4  4  4  4
  8  8  8  8  8  8  8  8  8  8  8  8  8  8  8  8  8  8  8  8  8  8  8  8
  8  8  8  8  8  8  8  8  8  8  8  8  8  8  8  8  6  6  6  6  6  6  6  6
  6  6  6  6  6  6  6  6  6  6  6  6  6  6  6  6  6  6  6  6  6  6  6  6
  6  6  6  6  6  6  6  6  1  1  1  1  1  1  1  1  1  1  1  1  1  1  1  1
  1  1  1  1  1  1  1  1  1  1  1  1  1  1  1  1  1  1  1  1  1  1  1  1]Iterations None
Cluster assign [10 10 10 10 10 10 10 10 10 10 10 10 10 10 10 10 10 10 10 10 10 10 10 10
 10 10 10 10 10 10 10 10 10 10 10 10 10 10 10 10  3  3  3  3  3  3  3  3
  3  3  3  3  3  3  3  3  3  3  3  3  3  3  3  3  3  3  3  3  3  3  3  3
  3  3  3  3  3  3  3  3  9  9  9  9  9  9  9  9  9  9  9  9  9  9  9  9
  9  9  9  9  9  9  9  9  9  9  9  9  9  9  9  9  9  9  9  9  9  9  9  9
 14 14 14 14 14 14  6  9 14 14 14  9 14 14 14 14 14 14 14 14 14 14 14 14
 14 14 14 14 14 14  9 14 14 14 14 14 10 14 14  9  6  6  6  6  6  6  6  6
  6  6  6  6  6  6  6  6  6  6  6  6  6  6  6  6  6  6  6  6  6  6  6  6
  6  6  6  6  6  6  6  6  1  1  1  1  1  1  1  1  1  1  1  1  1  1  1  1
  1  1  1  1  1  1  1  1  1  1  1  1  1  1  1  1  1  1  1  1  1  1  1  1
  1  8  1  8  8  1  1  1  1  1  8  1  1  1  8  1  8  1  1  1  1  1  1  1
  1  1  1  1  8  1  1  1  8  8  1  1  8  1  8  1 13 13 13  8 13 13  8  8
  8  8 13  8  8 13  8  8  8  8  8  8  8  8  8 13 13  8  8  8  8  8 13  8
  8 13  8  8  8 13 13  8 11 11 11 11 11 11 11 11 11 11 11 11 11 11 11 11
 11 11 11 11 11 11 11 11 11 11 11 11 11 11 11 11 11 11 11 11 11 11 11 11
  2  2  2  2  2  2  2  2  2  2  2  2  2  2  2  2  2  2  2  2  2  2  2  2
  2  2  2  2  2  2  2  2  2  2  2  2  2  2  2  2  7  7  7  7  7  7  7  7
  7  7  7  7  7  7  7  7  7  7  7  7  7  7  7  7  7  7  7  7  7  7  7  7
  7  7  7  7  7  7  7  7  5  5  5  5  5  5  5  5  5  5  5  5  5  5  5  5
  5  5  5  5  5  5  5  5  5  5  5  5  5  5  5  5  5  5  5  5  5  5  5  5
  4  4  4  4  4  4  4  4  4  4  4  4  4  4  4  4  4  4  4  4  4  4  4  4
  4  4  4  4  4  4  4  4  4  4  4  4  4  4  4  4 12 12 12 12 12 12 12 12
 12 12 12 12 12 12 12 12 12 12 12 12 12 12 12 12 12 12 12 12 12 12 12 12
 12 12 12 12 12 12 12 12  0  0  0  0  0  0  0  0  0  0  0  0  0  0  0  0
  0  0  0  0  0  0  0  0  0  0  0  0  0  0  0  0  0  0  0  0  0  0  0  0]Iterations None
Cluster assign [14 14 14 14 14 14 14 14 14 14 14 14 14 14 14 14 14 14 14 14 14 14 14 14
 14 14 14 14 14 14 14 14 14 14 14 14 14 14 14 14 12 12 12 12 12 12 12 12
 12 12 12 12 12 12 12 12 12 12 12 12 12 12 12 12 12 12 12 12  9 12 12 12
 12 12 12 12 12 12 12 12  9  9  9  9  9  9  9  9  9  9  9  9  9  9  9  9
  9  9  9  9  9  9  9  9  9  9  9  9  9  9  9  9  9  9  9  9  9  9  9  9
 13 13 13 13 13 13 14 14 13 13 13 13 13 13 13 13 13 13 13 13 13 13 13 14
 13 13 13 13 13 13 13 13 13 13 13 13 13 13 13 13  0  0  0  0  0  0  0  0
  0  0  0  0  0  0  0  0  0  0  0  0  0  0  0  0  0  0  0  0  0  0  0  0
  0  0  0  0  0  0  0  0  8  8  8  8  8  8  8  8  8  8  8  8  8  8  8  8
  8  8  8  8  8  8  8  8  8  8  8  8  8  8  8  8  8  8  8  8  8  8  8  8
  8  6  8  6  6  8  6  6  8  6  6  6  8  6  6  6  6  6  8  6  8  6  8  8
  6  8  6  6  6  6  8  8  6  6  6  6  6  6  6  6  6  6  6  6  6  6  6  6
  6  6  6  6  6  6  6  6  6  6  6  6  6  6  6  6  6  6  6  6  6  6  6  6
  6 12  6  6  6  6  6  6 10 10 10 10 10 10 10 10 10 10 10 10 10 10 10 10
 10 10 10 10 10 10 10 10 10 10 10 10 10 10 10 10 10 10 10 10 10 10 10 10
  2  2  2  2  2  2  2  2  2  2  2  2  2  2  2  2  2  2  2  2  2  2  2  2
  2  2  2  2  2  2  2  2  2  2  2  2  2  2  2  2  3  3  3  3  3  3  3  3
  3  3  3  3  3  3  3  3  3  3  3  3  3  3  3  3  3  3  3  3  3  3  3  3
  3  3  3  3  3  3  3  3  4  4  4  4  4  4  4  4  4  4  4  4  4  4  4  4
  4  4  4  4  4  4  4  4  4  4  4  4  4  4  4  4  4  4  4  4  4  4  4  4
  7  7  7  7  7  7  7  7  7  7  7  7  7  7  7  7  7  7  7  7  7  7  7  7
  7  7  7  7  7  7  7  7  7  7  7  7  7  7  7  7  1  5  1  1  1  1  5  5
  1  1  5  5  5  1  1  1  1  5  1  1  5  5  1  1  5  5  5  1  1  1  1  1
  1  5  1  5  5  1  5  1 11 11 11 11 11 11 11 11 11 11 11 11 11 11 11 11
 11 11 11 11 11 11 11 11 11 11 11 11 11 11 11 11 11 11 11 11 11 11 11 11]Iterations None
Cluster assign [14 14 14 14 14 14 14 14 14 14 14 14 14 14 14 14 14 14 14 14 14 14 14 14
 14 14 14 14 14 14 14 14 14 14 14 14 14 14 14 14  0  0  0  0  0  0  0  0
  0  0  0 13  0  0  0  0  0  0  0  0  0  0  0  0  0 13  0  0 13  0  0  0
  0  0  0  0  0  0  0  0 13 13 13 13 13 13 13 13 13 13 13 13 13 13 13 13
 13 13 13 13 13 13 13 13 13 13 13 13 13 13 13 13 13 13 13 13 13 13 13 13
  8  8  8  8  8  8 14 13  8  8  8  8  8  8  8  8  8  8  8  8  8  8  8 14
  8  8  8  8  8  8  8  8  8  8  8  8  8  8  8 13 12 12 12 12 12  8  8  8
 14 12 12 12  8 12 12 12 12 12 12  8  8  8 12 12  8  8  8 12  8  8  8 12
 12  8  8  8 14  8 12 12 12 12 12 12 12  3 12 12 12 12 12 12 12 12 12 12
 12 12 12 12 12 12 12 12 12 12 12 12 12 12 12 12 12 12 12 12 12 12 12 12
  3  3  3  3  3 12  3  3  3  3  3  3  3  3  3  3  3  3  3  3  3  3  3  3
  3  3  3  3  3  3  3  3  3  3  3  3  3  3  3  3 11 11 11 11 11 11 11 11
 11 11 11 11 11 11 11 11 11 11 11 11 11 11 11 11 11 11 11 11 11 11 11 11
 11 11 11 11  3 11 11 11 10 10 10 10 10 10 10 10 10 10 10 10 10 10 10 10
 10 10 10 10 10 10 10 10 10 10 10 10 10 10 10 10 10 10 10 10 10 10 10 10
 15 15 15 15 15 15 15 15 15 15 15 15 15 15 15 15  7  7 15 15 15 15 15 15
 15 15 15  7 15 15 15 15 15 15 15  7 15 15  7 15  1  1  1  1  1  1  1  1
  1  1  1  1  1  1  1  1  1  1  1  1  1  1  1  1  1  1  1  1  1  1  1  1
  1  1  1  1  1  1  1  1  9  9  6  6  9  6  6  6  6  6  6  6  9  9  6  6
  9  6  6  6  6  6  9  6  9  6  9  6  6  6  6  6  6  6  6  6  6  9  6  9
  4  4  4  4  4  4  4  4  4  4  4  4  4  4  4  4  4  4  4  4  4  4  4  4
  4  4  4  4  4  4  4  4  4  4  4  4  4  4  4  4  2  2  2  2  2  2  2  2
  2  2  2  2  2  2  2  2  2  2  2  2  2  2  2  2  2  2  2  2  2  2  2  2
  2  2  2  2  2  2  2  2  5  5  5  5  5  5  5  5  5  5  5  5  5  5  5  5
  5  5  5  5  5  5  5  5  5  5  5  5  5  5  5  5  5  5  5  5  5  5  5  5]Iterations None
Cluster assign [ 7  7  7  7  7  7  7  7  7  7  7  7  7  7  7  7  7  7  7  7  7  7  7  5
  7  7  7  7  7  7  7  7  7  7  7  7  7  7  7  5  8  8  8  8  8  8  8  8
  8  8  8  8  8  8  8  8  8  8  8  8  8  8  8  8  8  8  8  8  8  8  8  8
  8  8  8  8  8  8  8  8  0  0  0  0  0  0  0  0  0  0  0  0  0  0  0  0
  0  0  0  0  0  0  0  0  0  0  0  0  0  0  0  0  0  0  0  0  0  0  0  0
 13 13 13 13 13 13 11 13 13 13 13 13 13 13 13 13 13 13 13 13 13 13 13 13
 13 13 13 13 13 13 13 13 13 13 13 13 13 13 13 13 11 11 11 11 11 11 11 11
 11 11 11 11 11 11 11 11 11 11 11 11 11 11 11 11 11 11 11 11 11 11 11 11
 11 11 11 11 11 11 11 11  9  9  9  9  9  9  9  9  9  9  9  9  9  9  9  9
  9  9  9  9  9  9  9  9  9  9  9  9  9  9  9  9  9  9  9  9  9  9  9  9
 15 15 15 15 15  9 15 15 15 15 15 15 15 15 15 15 15 15 15 15 15 15 15 15
 15 15 15 15 15 15 15 15 15  5 15 15 15 15 15 15  5  5  5  5  5  5  5  5
  5  5  5  5  5  5  5  5  5  5  5  5  5  5  5  5  5  5  5  5  5  5  5  5
  5  5  5  5  5  5  5  5  3  3  3  3  3  3  3  3  3  3  3  3  3  3  3  3
  3  3  3  3  3  3  3  3  3  3  3  3  3  3  3  3  3  3  3  3  3  3  3  3
  1  1  1  1  1  1  1  1  1  1  1  1  1  1  1  1  1  1  1  1  1  1  1  1
  1  1  1  1  1  1  1  1  1  1  1  1  1  1  1  1 12 12 12 12 12 12 12 12
 12 12 12 12 12 12 12 12 12 12 12 12 12 12 12 12 12 12 12 12 12 12 12 12
 12 12 12 12 12 12 12 12 10 10 10 10 10 10 10 10 10 10 10 10 10 10 10 10
 10 10 10 10 10 10 10 10 10 10 10 10 10 10 10 10 10 10 10 10 10 10 10 10
  4 14  4  4  4  4  4 14 14  4  4  4  4  4  4  4  4  4  4 14  4  4  4  4
  4 14  4  4  4  4  4  4 14  4  4 14  4  4  4  4  6  6  6  6  6  6  6  6
  6  6  6  6  6  6  6  6  6  6  6  6  6  6  6  6  6  6  6  6  6  6  6  6
  6  6  6  6  6  6  6  6  2  2  2  2  2  2  2  2  2  2  2  2  2  2  2  2
  2  2  2  2  2  2  2  2  2  2  2  2  2  2  2  2  2  2  2  2  2  2  2  2]Iterations None
Cluster assign [11 11 11 11 11 11 11 11 11 11 11 11 11 11 11 11 11 11 11 11 11 11 11 11
 11 11  2 11 11 11 11 11 11 11  2 11 11 11 11 11 13 13 13 13 13 13 13 13
 13 13  2  2 13 13 13 13 13 13 13 13 13  2 13 13 13  2 13 13  2 13 13 13
 13 13 13 13 13 13 13 13  2  2  2  2  2  2  2  2  2  2  2  2  2  2  2  2
  2  2  2  2  2  2  2  2  2  2  2  2  2  2  2  2  2  2  2  2  2  2  2  2
 12 12 12 12 12 12 12  2 12 12 12 12 12 12 12 12 12 12 12 12 12 12 12 12
 12 12 12 12 12 12 12 12 12 12 12 12 12 12 12  2 14 14 14 14 14 14 14 14
 14 14 14 14 14 14 14 14 14 14 14 14 14 14 14 14 14 14 14 14 14 14 14 14
 14 14 14 14 14 14 14 14  9  9  9  9  9  9  9  9  9  9  9  9  9  9  9  9
  9  9  9  9  9  9  9  9  9  9  9  9  9  9  9  9 14  9  9  9  9  9  9  9
  6  6  6  6  6  9  6  6  6  6  6  6  6  6  6  6  6  6  6  6  6  6  6  6
  6  6  6  6  6  6  6  6  6  6  6  6  6  6  6  6 13 10 13 10 10 10 10 10
 10 10 13 10 10 13 10 10 10 10 10 10 10 10 10 10 10 10 10 10 10 10 10 10
 10 13 10 10  6 10 13 10  8  8  8  8  8  8  8  8  8  8  8  8  8  8  8  8
  8  8  8  8  8  8  8  8  8  8  8  8  8  8  8  8  8  8  8  8  8  8  8  8
  0  0  0  0  0  0  0  0  0  0  0  0  0  0  0  0  0  0  0  0  0  0  0  0
  0  0  0  0  0  0  0  0  0  0  0  0  0  0  0  0  3  3  3  3  3  3  3  3
  3  3  3  3  3  3  3  3  3  3  3  3  3  3  3  3  3  3  3  3  3  3  3  3
  3  3  3  3  3  3  3  3  1  1  1  1  1  1  1  1  1  1  1  1  1  1  1  1
  1  1  1  1  1  1  1  1  1  1  1  1  1  1  1  1  1  1  1  1  1  1  1  1
  7  7  7  7  7  7  7  7  7  7  7  7  7  7  7  7  7  7  7  7  7  7  7  7
  7  7  7  7  7  7  7  7  7  7  7  7  7  7  7  7  4  4  4  4  4  4  4  4
  4  4  4  4  4  4  4  4  4  4  4  4  4  4  4  4  4  4  4  4  4  4  4  4
  4  4  4  4  4  4  4  4  5  5  5  5  5  5  5  5  5  5  5  5  5  5  5  5
  5  5  5  5  5  5  5  5  5  5  5  5  5  5  5  5  5  5  5  5  5  5  5  5]Iterations None
Cluster assign [14 12 14 14 14 14 14 14 14 14 14 14 14 14 14 14 14 14 14 14 14 14 14 12
 14 14 14 14 14 12 14 14 14 14 14 14 14 14 14 12  6  6  6  6  6  6  6 12
  6 12  6  6  6  6 12  6  6 12 12  6 12  6 12 12  6  6 12  6  6 12 12  6
 12  6  6 12  6  6  6  6  0  0  0  0  0  0  0  6  0  0  0  0  0  0  0  0
  0  0  0  0  0  0  0  0  0  0  0  0  0  0  0  0  0  0  0  0  0  0  0  0
 14 14 14 14 14 14 14  0 14 14 14  0 14 14 14 14 14 14 14 14 14 14 14 14
 14 14 14 14 14 14 14 14 14 14 14 14 14 14 14 14 11 11 11 11 11 11 11 11
 11 11 11 11 11 11 10 11 10 11 11 11 11 11 11 10 11 11 11 11 11 11 11 11
 11 11 11 11 11 11 11 11 10 13 13 10 13 13 13 10 13 10 13 13 10 13 10 13
 13 13 13 10 10 13 10 10 13 10 13 10 13 13 10 10 10 13 10 13 13 13 10 10
  4  4  4  4  4 13  4  4 13  4  4  4  4  4  4  4  4  4  4  4  4  4  4  4
  4  4  4  4  4  4  4  4  4  4  4  4  4  4  4  4 12 12 12 12 12 12 12 12
 12 12 12 12 12 12 12 12 12 12 12 12 12 12 12 12 12 12 12 12 12 12 12 12
 12 12 12 12  4 12 12 12  7  7  7  7  7  7  7  7  7  7  7  7  7  7  7  7
  7  7  7  7  7  7  7  7  7  7  7  7  7  7  7  7  7  7  7  7  7  7  7  7
  1  1  1  1  1  1  1  1  1  1  1  1  1  1  1  1  1  1  1  1  1  1  1  1
  1  1  1  1  1  1  1  1  1  1  1  1  1  1  1  1  5  5  5  5  5  5  5  5
  5  5  5  5  5  5  5  5  5  5  5  5  5  5  5  5  5  5  5  5  5  5  5  5
  5  5  5  5  5  5  5  5  3  3  3  3  3  3  3  3  3  3  3  3  3  3  3  3
  3  3  3  3  3  3  3  3  3  3  3  3  3  3  3  3  3  3  3  3  3  3  3  3
  9  9  9  9  9  9  9  9  9  9  9  9  9  9  9  9  9  9  9  9  9  9  9  9
  9  9  9  9  9  9  9  9  9  9  9  9  9  9  9  9  8  8  8  8  8  8  8  8
  8  8  8  8  8  8  8  8  8  8  8  8  8  8  8  8  8  8  8  8  8  8  8  8
  8  8  8  8  8  8  8  8  2  2  2  2  2  2  2  2  2  2  2  2  2  2  2  2
  2  2  2  2  2  2  2  2  2  2  2  2  2  2  2  2  2  2  2  2  2  2  2  2]Iterations None
Cluster assign [14 14 14 14 14 14 14 14 14 14 14 14 14 14 14 14 14 14 14 14 14 14 14 14
 14 14 14 14 14 14 14 14 14 14 14 14 14 14 14 14  4  4  4  4  4  4  5  4
  4  4  4  5  4  4  4  4  4  4  4  4  4  4  4  4  4  5  4  4  5  4  4  4
  4  4  4  4  4  4  4  4  5  5  5  5  5  5  5  5  5  5  5  5  5  5  5  5
  5  5  5  5  5  5  5  5  5  5  5  5  5  5  5  5  5  5  5  5  5  5  5  5
  9  9  9  9  9  9  9  5  9  9  9  9  9  9  9  9  9  9  9  9  9  9  9  9
  9  9  9  9  9  9  9  9  9  9  9  9  9  9  9  9  2  2  2  2  2  2  2  2
  2  2  2  2  2  2 11  2 11  2  2  2  2  2  2 11  2  2  2  2  2  2  2  2
  2  2  2  2  2  2  2  2 11  0  0 11  0  0  0 11  0 11  0  0 11  0  0  0
  0  0  0 11 11  0 11 11  0  0  0 11  0  0 11 11 11  0 11 11  0 11 11 11
  7  7  7  7  7  0  7  7  7  7  7  7  7  7  7  7  7  7  7  7  7  7  7  7
  7  7  7  7  7  7  7  7  7  7  7  7  7  7  7  7  4  4  4  4  4  4  4  4
  4  4  4  4  4  4  4  7  4  4  4  4  4  4  4  4  4  4  4  4  4  4  4  4
  4  4  4  4  7  4  4  4 13 13 13 13 13 13 13 13 13 13 13 13 13 13 13 13
 13 13 13 13 13 13 13 13 13 13 13 13 13 13 13 13 13 13 13 13 13 13 13 13
  8  8  8  8  8  8  8  8  8  8  8  8  8  8  8  8  8  8  8  8  8  8  8  8
  8  8  8  8  8  8  8  8  8  8  8  8  8  8  8  8 12 12 12 12 12 12 12 12
 12 12 12 12 12 12 12 12 12 12 12 12 12 12 12 12 12 12 12 12 12 12 12 12
 12 12 12 12 12 12 12 12 10 10  3  3 10  3  3  3 10 10 10 10 10  3 10 10
  3  3  3  3  3  3 10 10  3  3  3  3  3  3 10 10 10  3  3 10  3 10 10 10
  1  1  1  1  1  1  1  1  1  1  1  1  1  1  1  1  1  1  1  1  1  1  1  1
  1  1  1  1  1  1  1  1  1  1  1  1  1  1  1  1  6  6  6  6  6  6  6  6
  6  6  6  6  6  6  6  6  6  6  6  6  6  6  6  6  6  6  6  6  6  6  6  6
  6  6  6  6  6  6  6  6 13 13 13 13 13 13 13 13 13 13 13 13 13 13 13 13
 13 13 13 13 13 13 13 13 13 13 13 13 13 13 13 13 13 13 13 13 13 13 13 13]Iterations 6
Cluster assign [11 11 11 11 11 11 11 11 11 11 11 11 11 11 11 11 11 11 11 11 11 11 11 11
 11 11 11 11 11 11 11 11 11 11 11 11 11 11 11 11  6  6  6  6  6  6  6  6
  6  6  6  6  6  6  6  6  6  6  6  6  6  6  6  6  6  6  6  6  6  6  6  6
  6  6  6  6  6  6  6  6 14 14 14 14 14 14 14 14 14 14 14 14 14 14 14 14
 14 14 14 14 14 14 14 14 14 14 14 14 14 14 14 14 14 14 14 14 14 14 14 14
  0  0  0  0  0  0  0 14  0  0  0  0  0  0  0  0  0  0  0  0  0  0  0  0
  0  0  0  0  0  0  0  0  0  0  0  0  0  0  0  0  4  4  4  4  4  4  4  4
  4  4  4  4  4  4  4  4  4  4  4  4  4  4  4  4  4  4  4  4  4  4  4  4
  4  4  4  4  4  4  4  4  5  5  5  5  5  5  5  5  5  5  5  5  5  5  5  5
  5  5  5  5  5  5  5  5  5  5  5  5  5  5  5  5  5  5  5  5  5  5  5  5
  9  9  9  9  9  5  9  9  5  9  9  9  9  9  9  9  9  9  9  9  9  9  5  9
  9  9  9  9  9  9  9  9  9  9  9  9  9  9  9  9  9  9  9  9  9  9  9  9
  9  9  9  9  9  6  9  9  9  9  9  9  9  9  9  9  9  9  9  9  9  9  9  9
  9  6  9  9  9  9  6  9  8  8  8  8  8  8  8  8  8  8  8  8  8  8  8  8
  8  8  8  8  8  8  8  8  8  8  8  8  8  8  8  8  8  8  8  8  8  8  8  8
  2  2  2 13  2 13  2  2 13 13  2  2  2 13  2  2 13 13  2 13  2 13  2 13
  2 13  2 13 13  2  2  2 13 13  2 13  2 13 13 13  7  7  7  7  7  7  7  7
  7  7  7  7  7  7  7  7  7  7  7  7  7  7  7  7  7  7  7  7  7  7  7  7
  7  7  7  7  7  7  7  7  1  1  1  1  1  1  1  1  1  1  1  1  1  1  1  1
  1  1  1  1  1  1  1  1  1  1  1  1  1  1  1  1  1  1  1  1  1  1  1  1
 12 12 12 12 12 12 12 12 12 12 12 12 12 12 12 12 12 12 12 12 12 12 12 12
 12 12 12 12 12 12 12 12 12 12 12 12 12 12 12 12  3  3  3  3  3  3  3  3
  3  3  3  3  3  3  3  3  3  3  3  3  3  3  3  3  3  3  3  3  3  3  3  3
  3  3  3  3  3  3  3  3 10 10 10 10 10 10 10 10 10 10 10 10 10 10 10 10
 10 10 10 10 10 10 10 10 10 10 10 10 10 10 10 10 10 10 10 10 10 10 10 10]Iterations 5
Cluster assign [10 13 13 10 10 10 13 10 13 10 10 10 10 10 13 10 13 13 10 13  2 10 10 13
 13 10  2 13  2 13 10 13 13 10  2 10 10 10 13 13  7  7  7  7  7  7  7  7
  7  7  7  7  7  7  7  7  7  7  7  7  7  7  7  7  7  7  7  7  7  7  7  7
  7  7  7  7  7  7  7  7  2  2  2  2  2  2  2  7  2  2  2  2  2  2  2  2
  2  2  2  2  2  2  2  2  2  2  2  2  2  2  2  2  2  2  2  2  2  2  2  2
  2 10 10  2  2  2 10  2  2  2 10  2 10  2  2  2  2  2  2  2  2  2  2 10
 10  2 10  2 10 10  2  2  2  2  2  2  2 10 10  2 10 10 10 10 10 10 10 10
 10 10 10 10 10 10 10 10 10 10 10 10 10 10 10 12 10 10 10 10 10 10 10 10
 10 10 10 10 10 10 10 10 12 12 12 12 12 12 12 12 12 12 12 12 12 12 12 12
 12 12 12 12 12 12 12 12 12 12 12 12 12 12 12 12 12 12 12 12 12 12 12 12
  0  0  0  0  0 12  0  0  0  0  0  0  0  0  0  0  0  0  0  0  0  0  0  0
  0  0  0  0  0  0  0  0  0  0  0  0  0  0  0  0 13 13 13 13 13 13 13 13
 13 13 13 13 13 13 13 13 13 13 13 13 13 13 13 13 13 13 13 13 13 13 13 13
 13 13 13 13 13 13 13 13  1  1  1  1  1  1  1  1  1  1  1  1  1  1  1  1
  1  1  1  1  1  1  1  1  1  1  1  1  1  1  1  1  1  1  1  1  1  1  1  1
 11 11 11 11 11 11 11 11 11 11 11 11 11 11 11 11 11 11 11 11 11 11 11 11
 11 11 11 11 11 11 11 11 11 11 11 11 11 11 11 11  5  5  5  5  5  5  5  5
  5  5  5  5  5  5  5  5  5  5  5  5  5  5  5  5  5  5  5  5  5  5  5  5
  5  5  5  5  5  5  5  5  4  4  4  4  4  4  4  4  4  4  4  4  4  4  4  4
  4  4  4  4  4  4  4  4  4  4  4  4  4  4  4  4  4  4  4  4  4  4  4  4
  3  3  3  3  3  3  3  3  3  3  3  3  3  3  3  3  3  3  3  3  3  3  3  3
  3  3  3  3  3  3  3  3  3  3  3  3  3  3  3  3  8  9  8  8  8  8  9  9
  8  8  9  9  9  9  9  9  8  9  9  8  9  9  9  9  9  9  9  8  9  8  8  8
  9  9  8  9  9  9  9  9 14  6  6  6 14  6  6 14 14 14 14  6  6  6  6  6
 14  6 14 14  6  6 14 14 14  6 14  6 14 14 14  6  6 14  6  6  6 14  6 14]Iterations 10
Cluster assign [11 11 11 11 11 11 11 11 11 11 11 11 11 11 11 11 11 11 11 11 11 11 11 11
 11 11 11 11 11 11 11 11 11 11 11 11 11 11 11 11  0  0  0  0  0  0  0  0
  0  0  0  0  0  0  0  0  0  0  0  0  0  0  0  0  0  0  0  0  0  0  0  0
  0  0  0  0  0  0  0  0 14 14 14 14 14 14 14 14 14 14 14 14 14 14 14 14
 14 14 14 14 14 14 14 14 14 14 14 14 14 14 14 14 14 14 14 14 14 14 14 14
 13 13 13 13 13 13 13 14 13 13 13 13 13 13 13 13 13 13 13 13 13 13 13 13
 13 13 13 13 13 13 13 13 13 13 13 13 13 13 13 13  7  7  7  7  7  7  7  7
  7  7  7  7  7  7  7  7  7  7  7  7  7  7  7  7  7  7  7  7  7  7  7  7
  7  7  7  7  7  7  7  7 12 12 12 12 12 12 12 12 12 12 12 12 12 12 12 12
 12 12 12 12 12 12 12 12 12 12 12 12 12 12 12 12 12 12 12 12 12 12 12 12
  9  9  9  9  9 12  9  9  9  9  9  9  9  9  9  9  9  9  9  9  9  9  9  9
  9  9  9  9  9  9  9  9  9  9  9  9  9  9  9  9  4  4  4  4  4  4  4  4
  4  4  4  4  4  4  4  4  4  4  4  4  4  4  4  4  4  4  4  4  4  4  4  4
  4  4  4  4  4  4  4  4  3  3  3  3  3  3  3  3  3  3  3  3  3  3  3  3
  3  3  3  3  3  3  3  3  3  3  3  3  3  3  3  3  3  3  3  3  3  3  3  3
  1  1  1  1  1  1  1  1  1  1  1  1  1  1  1  1  1  1  1  1  1  1  1  1
  1  1  1  1  1  1  1  1  1  1  1  1  1  1  1  1  2  2  2  2  2  2  2  2
  2  2  2  2  2  2  2  2  2  2  2  2  2  2  2  2  2  2  2  2  2  2  2  2
  2  2  2  2  2  2  2  2 10 10 10 10 10 10 10 10 10 10 10 10 10 10 10 10
 10 10 10 10 10 10 10 10 10 10 10 10 10 10 10 10 10 10 10 10 10 10 10 10
  5  5  5  5  5  5  5  5  5  5  5  5  5  5  5  5  5  5  5  5  5  5  5  5
  5  5  5  5  5  5  5  5  5  5  5  5  5  5  5  5  8  8  8  8  8  8  8  8
  8  8  8  8  8  8  8  8  8  8  8  8  8  8  8  8  8  8  8  8  8  8  8  8
  8  8  8  8  8  8  8  8  6  6  6  6  6  6  6  6  6  6  6  6  6  6  6  6
  6  6  6  6  6  6  6  6  6  6  6  6  6  6  6  6  6  6  6  6  6  6  6  6]Iterations 4
Cluster assign [13 13 13 13 13 13 13 13 13 13 13 13 13 13 13 13 13 13 13 13 13 13 13 13
 13 13 13 13 13 13 13 13 13 13 13 13 13 13 13 13 10 10 10 10 10 10 10 10
 10 10 10 10 10 10 10 10 10 10 10 10 10 10 10 10 10 10 10 10 10 10 10 10
 10 10 10 10 10 10 10 10 12 12 12 12 12 12 12 12 12 12 12 12 12 12 12 12
 12 12 12 12 12 12 12 12 12 12 12 12 12 12 12 12 12 12 12 12 12 12 12 12
  9  9  9  9  9  9  9 12  9  9  9  9  9  9  9  9  9  9  9  9  9  9  9  9
  9  9  9  9  9  9  9  9  9  9  9  9  9  9  9  9  0  0  0  0  0  0  0  0
  0  0  0  0  0  0  0  0  0  0  0  0  0  0  0  0  0  0  0  0  0  0  0  0
  0  0  0  0  0  0  0  0 11 11 11 11 11 11 11 11 11 11 11 11 11 11 11 11
 11 11 11 11 11 11 11 11 11 11 11 11 11 11 11 11 11 11 11 11 11 11 11 11
  8  8  8  8  8 11  8  8  8  8  8  8  8  8  8  8  8  8  8  8  8  8  8  8
  8  8  8  8  8  8  8  8  8  8  8  8  8  8  8  8  6  6  6  6  6  6  6  6
  6  6  6  6  6  6  6  6  6  6  6  6  6  6  6  6  6  6  6  6  6  6  6  6
  6  6  6  6  6  6  6  6  5  5  5  5  5  5  5  5  5  5  5  5  5  5  5  5
  5  5  5  5  5  5  5  5  5  5  5  5  5  5  5  5  5  5  5  5  5  5  5  5
  1  1  1  1  1  1  1  1  1  1  1  1  1  1  1  1  1  1  1  1  1  1  1  1
  1  1  1  1  1  1  1  1  1  1  1  1  1  1  1  1  2  2  2  2  2  2  2  2
  2  2  2  2  2  2  2  2  2  2  2  2  2  2  2  2  2  2  2  2  2  2  2  2
  2  2  2  2  2  2  2  2 14 14 14 14 14 14 14 14 14 14 14 14 14 14 14 14
 14 14 14 14 14 14 14 14 14 14 14 14 14 14 14 14 14 14 14 14 14 14 14 14
  7  7  7  7  7  7  7  7  7  7  7  7  7  7  7  7  7  7  7  7  7  7  7  7
  7  7  7  7  7  7  7  7  7  7  7  7  7  7  7  7  4  4  4  4  4  4  4  4
  4  4  4  4  4  4  4  4  4  4  4  4  4  4  4  4  4  4  4  4  4  4  4  4
  4  4  4  4  4  4  4  4  3  3  3  3  3  3  3  3  3  3  3  3  3  3  3  3
  3  3  3  3  3  3  3  3  3  3  3  3  3  3  3  3  3  3  3  3  3  3  3  3]Iterations 7
Cluster assign [10 10 10 10 10 10 10 10 10 10 10 10 10 10 10 10 10 10 10 10 10 10 10 10
 10 10 10 10 10 10 10 10 10 10 10 10 10 10 10 10 12 12 12 12 12 12 12 12
 12 12 12 12 12 12 12 12 12 12 12 12 12 12 12 12 12 12 12 12 12 12 12 12
 12 12 12 12 12 12 12 12  9  9  9  9  9  9  9  9  9  9  9  9  9  9  9  9
  9  9  9  9  9  9  9  9  9  9  9  9  9  9  9  9  9  9  9  9  9  9  9  9
  9  7  7  9  7  9  7  9  7  7  7  9  7  7  7  7  7  7  9  9  7  9  7  7
  7  9  7  9  7  7  9  9  7  7  7  9  9  7  7  9  7  7  7  7  7  7  7  7
  7  7  7  7  7  7 11  7 11  7  7  7  7  7  7 11  7  7  7  7  7  7  7  7
  7  7  7  7  7  7  7  7 11 11 11 11 11  0 11 11 11 11 11 11 11 11 11 11
 11 11 11 11 11 11 11 11 11 11 11 11 11 11 11 11 11 11 11 11 11 11 11 11
  0  0  0  0  0 11  0  0  0  0  0  0  0  0  0  0  0  0  0  0  0  0  0  0
  0  0  0  0  0  0  0  0  0  0  0  0  0  0  0  0 13 13 13 13 13 13 13 13
 13 13 13 13 13 13 13 13 13 13 13 13 13 13 13 13 13 13 13 13 13 13 13 13
 13 13 13 13 13 13 13 13  5 14 14  5 14 14 14 14 14 14  5 14 14  5  5  5
 14 14 14  5  5  5  5 14  5  5  5 14 14 14 14 14  5 14  5  5  5  5 14 14
  2  2  2  2  2  2  2  2  2  2  2  2  2  2  2  2  2  2  2  2  2  2  2  2
  2  2  2  2  2  2  2  2  2  2  2  2  2  2  2  2  3  3  3  3  3  3  3  3
  3  3  3  3  3  3  3  3  3  3  3  3  3  3  3  3  3  3  3  3  3  3  3  3
  3  3  3  3  3  3  3  3  1  1  1  1  1  1  1  1  1  1  1  1  1  1  1  1
  1  1  1  1  1  1  1  1  1  1  1  1  1  1  1  1  1  1  1  1  1  1  1  1
  4  4  4  4  4  4  4  4  4  4  4  4  4  4  4  4  4  4  4  4  4  4  4  4
  4  4  4  4  4  4  4  4  4  4  4  4  4  4  4  4  8  8  8  8  8  8  8  8
  8  8  8  8  8  8  8  8  8  8  8  8  8  8  8  8  8  8  8  8  8  8  8  8
  8  8  8  8  8  8  8  8  6  6  6  6  6  6  6  6  6  6  6  6  6  6  6  6
  6  6  6  6  6  6  6  6  6  6  6  6  6  6  6  6  6  6  6  6  6  6  6  6]Iterations 4
