Cluster assign [  0.   0.   0.   0.   0.   0.   0.   0.   0.   0.   0.   0.   0.   0.
   0.   0.   0.   0.   0.   0.   0.   0.   0.   0.   0.   0.   0.   0.
   0.   0.   0.   0.   0.   0.   0.   0.   0.   0.   0.   0.   0.   0.
   0.   0.   0.   0.   0.   0.   0.   0.   0.   0.   0.   0.   0.   0.
   0.   0.   0.   0.   0.   0.   0.   0.   0.   0.   0.   0.   0.   0.
   0.   0.   0.   0.   0.   0.   0.   0.   0.   0.   0.   0.   0.   0.
   0.   0.   0.   0.   0.   0.   0.   0.   0.   0.   0.   0.   0.   0.
   0.   0.   0.   0.   0.   0.   0.   0. 106. 106. 106. 106. 106. 106.
 106. 106. 106. 106. 106. 106. 106. 106. 106. 106. 106. 106. 106. 106.
 106. 106. 106. 106. 106. 106. 106. 106. 106. 106. 106. 106. 106. 106.
 106. 106. 106. 106. 106. 106. 106. 106. 106. 106. 106. 106. 106. 106.
 106. 106. 106. 106. 106. 106. 106. 106. 106. 106. 106. 106. 106. 106.
 106. 106. 106. 106. 106. 106. 106. 106. 106. 106. 106. 106. 106. 106.
 106. 106. 106. 106. 106. 106. 106. 106. 106. 106. 106. 106. 106. 106.
 106. 106. 106. 106. 106. 106. 106. 106. 106. 106. 106. 207. 207. 207.
 207. 207. 207. 207. 207. 207. 207. 207. 207. 207. 207. 207. 207. 207.
 207. 207. 207. 207. 207. 207. 207. 207. 207. 207. 207. 207. 207. 207.
 207. 207. 207. 207. 207. 207. 207. 207. 207. 207. 207. 207. 207. 207.
 207. 207. 207. 207. 207. 207. 207. 207. 207. 207. 207. 207. 207. 207.
 207. 207. 207. 207. 207. 207. 207. 207. 207. 207. 207. 207. 207. 207.
 207. 207. 207. 207. 207. 207. 207. 207. 207. 207. 207. 207. 207. 207.
 207. 207. 207. 207. 207. 207. 207. 207. 207. 207. 207. 207. 207. 207.
 207. 207. 207. 207.]
Cluster assign [  0.   0.   0.   0.   0.   0.   0.   0.   0.   0.   0.   0.   0.   0.
   0.   0.   0.   0.   0.   0.   0.   0.   0.   0.   0.   0.   0.   0.
   0.   0.   0.   0.   0.   0.   0.   0.   0.   0.   0.   0.   0.   0.
   0.   0.   0.   0.   0.   0.   0.   0.   0.   0.   0.   0.   0.   0.
   0.   0.   0.   0.   0.   0.   0.   0.   0.   0.   0.   0.   0.   0.
   0.   0.   0.   0.   0.   0.   0.   0.   0.   0.   0.   0.   0.   0.
   0.   0.   0.   0.   0.   0.   0.   0.   0.   0.   0.   0.   0.   0.
   0.   0.   0.   0.   0.   0.   0.   0.   0.   0.   0.   0.   0.   0.
   0.   0.   0.   0.   0.   0.   0.   0.   0.   0.   0.   0.   0.   0.
   0.   0.   0.   0.   0.   0.   0.   0.   0.   0.   0.   0.   0.   0.
   0.   0.   0.   0.   0.   0.   0.   0.   0.   0.   0.   0.   0.   0.
   0.   0.   0.   0.   0.   0.   0.   0.   0.   0.   0.   0.   0.   0.
   0.   0.   0.   0.   0.   0.   0.   0.   0.   0.   0.   0.   0.   0.
   0.   0.   0.   0.   0.   0.   0.   0.   0.   0.   0.   0.   0.   0.
   0.   0.   0.   0.   0.   0.   0.   0.   0.   0.   0.   0.   0.   0.
   0.   0.   0.   0.   0.   0.   0.   0.   0.   0.   0.   0.   0.   0.
   0.   0.   0.   0.   0.   0.   0.   0.   0.   0.   0.   0.   0.   0.
   0.   0.   0.   0.   0.   0.   0.   0.   0.   0.   0.   0.   0.   0.
   0.   0.   0.   0.   0.   0.   0.   0.   0.   0.   0.   0.   0.   0.
   0.   0.   0.   0.   0.   0.   0.   0.   0.   0.   0.   0.   0.   0.
   0.   0.   0.   0.   0.   0.   0.   0.   0.   0.   0.   0.   0.   0.
   0.   0.   0.   0.   0.   0.   0.   0.   0.   0.   0.   0.   0.   0.
   0.   0. 310. 311.]
Cluster assign [  0.   0.   0.   0.   0.   0.   0.   0.   0.   0.   0.   0.   0.   0.
   0.   0.   0.   0.   0.   0.   0.   0.   0.   0.   0.   0.   0.   0.
   0.   0.   0.   0.   0.   0.   0.   0.   0.   0.   0.   0.   0.   0.
   0.   0.   0.   0.   0.   0.   0.   0.   0.   0.   0.   0.   0.   0.
   0.   0.   0.   0.   0.   0.   0.   0.   0.   0.   0.   0.   0.   0.
   0.   0.   0.   0.   0.   0.   0.   0.   0.   0.   0.   0.   0.   0.
   0.   0.   0.   0.   0.   0.   0.   0.   0.   0.   0.   0.   0.   0.
   0.   0.   0.   0.   0.   0.   0.   0. 106. 106. 106. 106. 106. 106.
 106. 106. 106. 106. 106. 106. 106. 106. 106. 106. 106. 106. 106. 106.
 106. 106. 106. 106. 106. 106. 106. 106. 106. 106. 106. 106. 106. 106.
 106. 106. 106. 106. 106. 106. 106. 106. 106. 106. 106. 106. 106. 106.
 106. 106. 106. 106. 106. 106. 106. 106. 106. 106. 106. 106. 106. 106.
 106. 106. 106. 106. 106. 106. 106. 106. 106. 106. 106. 106. 106. 106.
 106. 106. 106. 106. 106. 106. 106. 106. 106. 106. 106. 106. 106. 106.
 106. 106. 106. 106. 106. 106. 106. 106. 106. 106. 106. 207. 207. 207.
 207. 207. 207. 207. 207. 207. 207. 207. 207. 207. 207. 207. 207. 207.
 207. 207. 207. 207. 207. 207. 207. 207. 207. 207. 207. 207. 207. 207.
 207. 207. 207. 207. 207. 207. 207. 207. 207. 207. 207. 207. 207. 207.
 207. 207. 207. 207. 207. 207. 207. 207. 207. 207. 207. 207. 207. 207.
 207. 207. 207. 207. 207. 207. 207. 207. 207. 207. 207. 207. 207. 207.
 207. 207. 207. 207. 207. 207. 207. 207. 207. 207. 207. 207. 207. 207.
 207. 207. 207. 207. 207. 207. 207. 207. 207. 207. 207. 207. 207. 207.
 207. 207. 207. 207.]
Cluster assign [  0.   0.   0.   0.   0.   0.   0.   0.   0.   0.   0.   0.   0.   0.
   0.   0.   0.   0.   0.   0.   0.   0.   0.   0.   0.   0.   0.   0.
   0.   0.   0.   0.   0.   0.   0.   0.   0.   0.   0.   0.   0.   0.
   0.   0.   0.   0.   0.   0.   0.   0.   0.   0.   0.   0.   0.   0.
   0.   0.   0.   0.   0.   0.   0.   0.   0.   0.   0.   0.   0.   0.
   0.   0.   0.   0.   0.   0.   0.   0.   0.   0.   0.   0.   0.   0.
   0.   0.   0.   0.   0.   0.   0.   0.   0.   0.   0.   0.   0.   0.
   0.   0.   0.   0.   0.   0.   0.   0. 106. 106. 106. 106. 106. 106.
 106. 106. 106. 106. 106. 106. 106. 106. 106. 106. 106. 106. 106. 106.
 106. 106. 106. 106. 106. 106. 106. 106. 106. 106. 106. 106. 106. 106.
 106. 106. 106. 106. 106. 106. 106. 106. 106. 106. 106. 106. 106. 106.
 106. 106. 106. 106. 106. 106. 106. 106. 106. 106. 106. 106. 106. 106.
 106. 106. 106. 106. 106. 106. 106. 106. 106. 106. 106. 106. 106. 106.
 106. 106. 106. 106. 106. 106. 106. 106. 106. 106. 106. 106. 106. 106.
 106. 106. 106. 106. 106. 106. 106. 106. 106. 106. 106. 207. 207. 207.
 207. 207. 207. 207. 207. 207. 207. 207. 207. 207. 207. 207. 207. 207.
 207. 207. 207. 207. 207. 207. 207. 207. 207. 207. 207. 207. 207. 207.
 207. 207. 207. 207. 207. 207. 207. 207. 207. 207. 207. 207. 207. 207.
 207. 207. 207. 207. 207. 207. 207. 207. 207. 207. 207. 207. 207. 207.
 207. 207. 207. 207. 207. 207. 207. 207. 207. 207. 207. 207. 207. 207.
 207. 207. 207. 207. 207. 207. 207. 207. 207. 207. 207. 207. 207. 207.
 207. 207. 207. 207. 207. 207. 207. 207. 207. 207. 207. 207. 207. 207.
 207. 207. 207. 207.]
Cluster assign [  0.   0.   0.   0.   0.   0.   0.   0.   0.   0.   0.   0.   0.   0.
   0.   0.   0.   0.   0.   0.   0.   0.   0.   0.   0.   0.   0.   0.
   0.   0.   0.   0.   0.   0.   0.   0.   0.   0.   0.   0.   0.   0.
   0.   0.   0.   0.   0.   0.   0.   0.   0.   0.   0.   0.   0.   0.
   0.   0.   0.   0.   0.   0.   0.   0.   0.   0.   0.   0.   0.   0.
   0.   0.   0.   0.   0.   0.   0.   0.   0.   0.   0.   0.   0.   0.
   0.   0.   0.   0.   0.   0.   0.   0.   0.   0.   0.   0.   0.   0.
   0.   0.   0.   0.   0.   0.   0.   0. 106. 106. 106. 106. 106. 106.
 106. 106. 106. 106. 106. 106. 106. 106. 106. 106. 106. 106. 106. 106.
 106. 106. 106. 106. 106. 106. 106. 106. 106. 106. 106. 106. 106. 106.
 106. 106. 106. 106. 106. 106. 106. 106. 106. 106. 106. 106. 106. 106.
 106. 106. 106. 106. 106. 106. 106. 106. 106. 106. 106. 106. 106. 106.
 106. 106. 106. 106. 106. 106. 106. 106. 106. 106. 106. 106. 106. 106.
 106. 106. 106. 106. 106. 106. 106. 106. 106. 106. 106. 106. 106. 106.
 106. 106. 106. 106. 106. 106. 106. 106. 106. 106. 106. 207. 207. 207.
 207. 207. 207. 207. 207. 207. 207. 207. 207. 207. 207. 207. 207. 207.
 207. 207. 207. 207. 207. 207. 207. 207. 207. 207. 207. 207. 207. 207.
 207. 207. 207. 207. 207. 207. 207. 207. 207. 207. 207. 207. 207. 207.
 207. 207. 207. 207. 207. 207. 207. 207. 207. 207. 207. 207. 207. 207.
 207. 207. 207. 207. 207. 207. 207. 207. 207. 207. 207. 207. 207. 207.
 207. 207. 207. 207. 207. 207. 207. 207. 207. 207. 207. 207. 207. 207.
 207. 207. 207. 207. 207. 207. 207. 207. 207. 207. 207. 207. 207. 207.
 207. 207. 207. 207.]
Cluster assign [  0.   0.   0.   0.   0.   0.   0.   0.   0.   0.   0.   0.   0.   0.
   0.   0.   0.   0.   0.   0.   0.   0.   0.   0.   0.   0.   0.   0.
   0.   0.   0.   0.   0.   0.   0.   0.   0.   0.   0.   0.   0.   0.
   0.   0.   0.   0.   0.   0.   0.   0.   0.   0.   0.   0.   0.   0.
   0.   0.   0.   0.   0.   0.   0.   0.   0.   0.   0.   0.   0.   0.
   0.   0.   0.   0.   0.   0.   0.   0.   0.   0.   0.   0.   0.   0.
   0.   0.   0.   0.   0.   0.   0.   0.   0.   0.   0.   0.   0.   0.
   0.   0.   0.   0.   0.   0.   0.   0. 106. 106. 106. 106. 106. 106.
 106. 106. 106. 106. 106. 106. 106. 106. 106. 106. 106. 106. 106. 106.
 106. 106. 106. 106. 106. 106. 106. 106. 106. 106. 106. 106. 106. 106.
 106. 106. 106. 106. 106. 106. 106. 106. 106. 106. 106. 106. 106. 106.
 106. 106. 106. 106. 106. 106. 106. 106. 106. 106. 106. 106. 106. 106.
 106. 106. 106. 106. 106. 106. 106. 106. 106. 106. 106. 106. 106. 106.
 106. 106. 106. 106. 106. 106. 106. 106. 106. 106. 106. 106. 106. 106.
 106. 106. 106. 106. 106. 106. 106. 106. 106. 106. 106. 207. 207. 207.
 207. 207. 207. 207. 207. 207. 207. 207. 207. 207. 207. 207. 207. 207.
 207. 207. 207. 207. 207. 207. 207. 207. 207. 207. 207. 207. 207. 207.
 207. 207. 207. 207. 207. 207. 207. 207. 207. 207. 207. 207. 207. 207.
 207. 207. 207. 207. 207. 207. 207. 207. 207. 207. 207. 207. 207. 207.
 207. 207. 207. 207. 207. 207. 207. 207. 207. 207. 207. 207. 207. 207.
 207. 207. 207. 207. 207. 207. 207. 207. 207. 207. 207. 207. 207. 207.
 207. 207. 207. 207. 207. 207. 207. 207. 207. 207. 207. 207. 207. 207.
 207. 207. 207. 207.]
Cluster assign [  0.   0.   0.   0.   0.   0.   0.   0.   0.   0.   0.   0.   0.   0.
   0.   0.   0.   0.   0.   0.   0.   0.   0.   0.   0.   0.   0.   0.
   0.   0.   0.   0.   0.   0.   0.   0.   0.   0.   0.   0.   0.   0.
   0.   0.   0.   0.   0.   0.   0.   0.   0.   0.   0.   0.   0.   0.
   0.   0.   0.   0.   0.   0.   0.   0.   0.   0.   0.   0.   0.   0.
   0.   0.   0.   0.   0.   0.   0.   0.   0.   0.   0.   0.   0.   0.
   0.   0.   0.   0.   0.   0.   0.   0.   0.   0.   0.   0.   0.   0.
   0.   0.   0.   0.   0.   0.   0.   0. 106. 106. 106. 106. 106. 106.
 106. 106. 106. 106. 106. 106. 106. 106. 106. 106. 106. 106. 106. 106.
 106. 106. 106. 106. 106. 106. 106. 106. 106. 106. 106. 106. 106. 106.
 106. 106. 106. 106. 106. 106. 106. 106. 106. 106. 106. 106. 106. 106.
 106. 106. 106. 106. 106. 106. 106. 106. 106. 106. 106. 106. 106. 106.
 106. 106. 106. 106. 106. 106. 106. 106. 106. 106. 106. 106. 106. 106.
 106. 106. 106. 106. 106. 106. 106. 106. 106. 106. 106. 106. 106. 106.
 106. 106. 106. 106. 106. 106. 106. 106. 106. 106. 106. 207. 207. 207.
 207. 207. 207. 207. 207. 207. 207. 207. 207. 207. 207. 207. 207. 207.
 207. 207. 207. 207. 207. 207. 207. 207. 207. 207. 207. 207. 207. 207.
 207. 207. 207. 207. 207. 207. 207. 207. 207. 207. 207. 207. 207. 207.
 207. 207. 207. 207. 207. 207. 207. 207. 207. 207. 207. 207. 207. 207.
 207. 207. 207. 207. 207. 207. 207. 207. 207. 207. 207. 207. 207. 207.
 207. 207. 207. 207. 207. 207. 207. 207. 207. 207. 207. 207. 207. 207.
 207. 207. 207. 207. 207. 207. 207. 207. 207. 207. 207. 207. 207. 207.
 207. 207. 207. 207.]
Cluster assign [  0.   0.   0.   0.   0.   0.   0.   0.   0.   0.   0.   0.   0.   0.
   0.   0.   0.   0.   0.   0.   0.   0.   0.   0.   0.   0.   0.   0.
   0.   0.   0.   0.   0.   0.   0.   0.   0.   0.   0.   0.   0.   0.
   0.   0.   0.   0.   0.   0.   0.   0.   0.   0.   0.   0.   0.   0.
   0.   0.   0.   0.   0.   0.   0.   0.   0.   0.   0.   0.   0.   0.
   0.   0.   0.   0.   0.   0.   0.   0.   0.   0.   0.   0.   0.   0.
   0.   0.   0.   0.   0.   0.   0.   0.   0.   0.   0.   0.   0.   0.
   0.   0.   0.   0.   0.   0.   0.   0. 106. 106. 106. 106. 106. 106.
 106. 106. 106. 106. 106. 106. 106. 106. 106. 106. 106. 106. 106. 106.
 106. 106. 106. 106. 106. 106. 106. 106. 106. 106. 106. 106. 106. 106.
 106. 106. 106. 106. 106. 106. 106. 106. 106. 106. 106. 106. 106. 106.
 106. 106. 106. 106. 106. 106. 106. 106. 106. 106. 106. 106. 106. 106.
 106. 106. 106. 106. 106. 106. 106. 106. 106. 106. 106. 106. 106. 106.
 106. 106. 106. 106. 106. 106. 106. 106. 106. 106. 106. 106. 106. 106.
 106. 106. 106. 106. 106. 106. 106. 106. 106. 106. 106. 207. 207. 207.
 207. 207. 207. 207. 207. 207. 207. 207. 207. 207. 207. 207. 207. 207.
 207. 207. 207. 207. 207. 207. 207. 207. 207. 207. 207. 207. 207. 207.
 207. 207. 207. 207. 207. 207. 207. 207. 207. 207. 207. 207. 207. 207.
 207. 207. 207. 207. 207. 207. 207. 207. 207. 207. 207. 207. 207. 207.
 207. 207. 207. 207. 207. 207. 207. 207. 207. 207. 207. 207. 207. 207.
 207. 207. 207. 207. 207. 207. 207. 207. 207. 207. 207. 207. 207. 207.
 207. 207. 207. 207. 207. 207. 207. 207. 207. 207. 207. 207. 207. 207.
 207. 207. 207. 207.]
Cluster assign [0 0 0 0 0 0 0 0 0 0 0 0 0 0 0 0 0 0 0 0 0 0 0 0 0 0 0 0 0 0 0 0 0 0 0 0 0
 0 0 0 0 0 0 0 0 0 0 0 0 0 0 0 0 0 0 0 0 0 0 0 0 0 0 0 0 0 0 0 0 0 0 0 0 0
 0 0 0 0 0 0 0 0 0 0 0 0 0 0 0 0 0 0 0 0 0 0 0 0 0 0 0 0 0 0 0 0 1 1 1 1 1
 1 1 1 1 1 1 1 1 1 1 1 1 1 1 1 1 1 1 1 1 1 1 1 1 1 1 1 1 1 1 1 1 1 1 1 1 1
 1 1 1 1 1 1 1 1 1 1 1 1 1 1 1 1 1 1 1 1 1 1 1 1 1 1 1 1 1 1 1 1 1 1 1 1 1
 1 1 1 1 1 1 1 1 1 1 1 1 1 1 1 1 1 1 1 1 1 1 0 0 0 0 0 0 0 0 0 0 0 0 0 0 0
 0 0 0 0 0 0 0 0 0 0 0 0 0 0 0 0 0 0 0 0 0 0 0 0 0 0 0 0 0 0 0 0 0 0 0 0 0
 0 0 0 0 0 0 0 0 0 0 0 0 0 0 0 0 0 0 0 0 0 0 0 0 0 0 0 0 0 0 0 0 0 0 0 0 0
 0 0 0 0 0 0 0 0 0 0 0 0 0 0 0 0]
Cluster assign [0 0 0 0 0 0 0 0 0 0 0 0 0 0 0 0 0 0 0 0 0 0 0 0 0 0 0 0 0 0 0 0 0 0 0 0 0
 0 0 0 0 0 0 0 0 0 0 0 0 0 0 0 0 0 0 0 0 0 0 0 0 0 0 0 0 0 0 0 0 0 0 0 0 0
 0 0 0 0 0 0 0 0 0 0 0 0 0 0 0 0 0 0 0 0 0 0 0 0 0 0 0 0 0 0 0 0 1 1 1 1 1
 1 1 1 1 1 1 1 1 1 1 1 1 1 1 1 1 1 1 1 1 1 1 1 1 1 1 1 1 1 1 1 1 1 1 1 1 1
 1 1 1 1 1 1 1 1 1 1 1 1 1 1 1 1 1 1 1 1 1 1 1 1 1 1 1 1 1 1 1 1 1 1 1 1 1
 1 1 1 1 1 1 1 1 1 1 1 1 1 1 1 1 1 1 1 1 1 1 2 2 2 2 2 2 2 2 2 2 2 2 2 2 2
 2 2 2 2 2 2 2 2 2 2 2 2 2 2 2 2 2 2 2 2 2 2 2 2 2 2 2 2 2 2 2 2 2 2 2 2 2
 2 2 2 2 2 2 2 2 2 2 2 2 2 2 2 2 2 2 2 2 2 2 2 2 2 2 2 2 2 2 2 2 2 2 2 2 2
 2 2 2 2 2 2 2 2 2 2 2 2 2 2 2 2]
Cluster assign [0 0 0 0 0 0 0 0 0 0 0 0 0 0 0 0 0 0 0 0 0 0 0 0 0 0 0 0 0 0 0 0 0 0 0 0 0
 0 0 0 0 0 0 0 0 0 0 0 0 0 0 0 0 0 0 0 0 0 0 0 0 0 0 0 0 0 0 0 0 0 0 0 0 0
 0 0 0 0 0 0 0 0 0 0 0 0 0 0 0 0 0 0 0 0 0 0 0 0 0 0 0 0 0 0 0 0 0 0 0 0 0
 0 0 0 0 0 0 0 0 0 0 0 0 0 0 0 0 0 0 0 0 0 0 0 0 0 0 0 0 0 0 0 0 0 0 0 0 0
 0 0 0 0 0 0 0 0 0 0 0 0 0 0 0 0 0 0 0 0 0 0 0 0 0 0 0 0 0 0 0 0 0 0 0 0 0
 0 0 0 0 0 0 0 0 0 0 0 0 0 0 0 0 0 0 0 0 0 0 0 0 0 0 0 0 0 0 0 0 0 0 0 0 0
 0 0 0 0 0 0 0 0 0 0 0 0 0 0 0 0 0 0 0 0 0 0 0 0 0 0 0 0 0 0 0 0 0 0 0 0 0
 0 0 0 0 0 0 0 0 0 0 0 0 0 0 0 0 0 0 0 0 0 0 0 0 0 0 0 0 0 0 0 0 0 0 0 0 0
 0 0 0 0 0 0 0 0 0 0 0 0 0 0 0 0]
Cluster assign [0 0 0 0 0 0 0 0 0 0 0 0 0 0 0 0 0 0 0 0 0 0 0 0 0 0 0 0 0 0 0 0 0 0 0 0 0
 0 0 0 0 0 0 0 0 0 0 0 0 0 0 0 0 0 0 0 0 0 0 0 0 0 0 0 0 0 0 0 0 0 0 0 0 0
 0 0 0 0 0 0 0 0 0 0 0 0 0 0 0 0 0 0 0 0 0 0 0 0 0 0 0 0 0 0 0 0 0 0 0 0 0
 0 0 0 0 0 0 0 0 0 0 0 0 0 0 0 0 0 0 0 0 0 0 0 0 0 0 0 0 0 0 0 0 0 0 0 0 0
 0 0 0 0 0 0 0 0 0 0 0 0 0 0 0 0 0 0 0 0 0 0 0 0 0 0 0 0 0 0 0 0 0 0 0 0 0
 0 0 0 0 0 0 0 0 0 0 0 0 0 0 0 0 0 0 0 0 0 0 2 2 2 2 2 2 2 2 2 2 2 2 2 2 2
 2 2 2 2 2 2 2 2 2 2 2 2 2 2 2 2 2 2 2 2 2 2 2 2 2 2 2 2 2 2 2 2 2 2 2 2 2
 2 2 2 2 2 2 2 2 2 2 2 2 2 2 2 2 2 2 2 2 2 2 2 2 2 2 2 2 2 2 2 2 2 2 2 2 2
 2 2 2 2 2 2 2 2 2 2 2 2 2 2 2 2]
Cluster assign [  0.   0.   0.   0.   0.   0.   0.   0.   0.   0.   0.   0.   0.   0.
   0.   0.   0.   0.   0.   0.   0.   0.   0.   0.   0.   0.   0.   0.
   0.   0.   0.   0.   0.   0.   0.   0.   0.   0.   0.   0.   0.   0.
   0.   0.   0.   0.   0.   0.   0.   0.   0.   0.   0.   0.   0.   0.
   0.   0.   0.   0.   0.   0.   0.   0.   0.   0.   0.   0.   0.   0.
   0.   0.   0.   0.   0.   0.   0.   0.   0.   0.   0.   0.   0.   0.
   0.   0.   0.   0.   0.   0.   0.   0.   0.   0.   0.   0.   0.   0.
   0.   0.   0.   0.   0.   0.   0.   0. 106. 106. 106. 106. 106. 106.
 106. 106. 106. 106. 106. 106. 106. 106. 106. 106. 106. 106. 106. 106.
 106. 106. 106. 106. 106. 106. 106. 106. 106. 106. 106. 106. 106. 106.
 106. 106. 106. 106. 106. 106. 106. 106. 106. 106. 106. 106. 106. 106.
 106. 106. 106. 106. 106. 106. 106. 106. 106. 106. 106. 106. 106. 106.
 106. 106. 106. 106. 106. 106. 106. 106. 106. 106. 106. 106. 106. 106.
 106. 106. 106. 106. 106. 106. 106. 106. 106. 106. 106. 106. 106. 106.
 106. 106. 106. 106. 106. 106. 106. 106. 106. 106. 106. 207. 207. 207.
 207. 207. 207. 207. 207. 207. 207. 207. 207. 207. 207. 207. 207. 207.
 207. 207. 207. 207. 207. 207. 207. 207. 207. 207. 207. 207. 207. 207.
 207. 207. 207. 207. 207. 207. 207. 207. 207. 207. 207. 207. 207. 207.
 207. 207. 207. 207. 207. 207. 207. 207. 207. 207. 207. 207. 207. 207.
 207. 207. 207. 207. 207. 207. 207. 207. 207. 207. 207. 207. 207. 207.
 207. 207. 207. 207. 207. 207. 207. 207. 207. 207. 207. 207. 207. 207.
 207. 207. 207. 207. 207. 207. 207. 207. 207. 207. 207. 207. 207. 207.
 207. 207. 207. 207.]
Cluster assign [  0.   0.   0.   0.   0.   0.   0.   0.   0.   0.   0.   0.   0.   0.
   0.   0.   0.   0.   0.   0.   0.   0.   0.   0.   0.   0.   0.   0.
   0.   0.   0.   0.   0.   0.   0.   0.   0.  37.  37.  37.  37.  37.
  37.  37.  37.  37.  37.  37.  37.  37.  37.  37.  37.  37.  37.  37.
  37.  37.  37.  37.  37.  37.  37.  37.  37.  37.  37.  37.  37.  37.
  37.  37.  37.  37.  37.  37.  37.  37.  37.  37.  37.  37.  37.  37.
  37.  37.  37.  37.  37.  37.  37.  37.  37.  37.  37.  37.  37.  37.
  37.  37.  37.  37.  37.  37.  37.  37. 106. 106. 106. 106. 106. 106.
 106. 106. 106. 106. 106. 106. 106. 106. 106. 106. 106. 106. 106. 106.
 106. 106. 106. 106. 106. 106. 106. 106. 106. 106. 106. 106. 106. 106.
 106. 106.   0.   0.   0.   0.   0.   0.   0.   0.   0.   0.   0.   0.
   0.   0.   0.   0.   0.   0.   0.   0.   0.   0.   0.   0.   0.   0.
   0.   0.   0.   0.   0.   0.   0.   0.   0.   0.   0.   0.   0.  37.
  37.  37.  37.  37.  37.  37.  37.  37.  37.  37.  37.  37.  37.  37.
  37.  37.  37.  37.  37.  37.  37.  37.  37.  37.  37.  37.  37.  37.
  37.  37.  37.  37.  37.  37.  37.  37.  37.  37.  37.  37.  37.  37.
  37.  37.  37.  37.  37.  37.  37.  37.  37.  37.  37.  37.  37.  37.
  37.  37.  37.  37.  37.  37.  37.  37.  37.  37.  37.  37.  37.  37.
  37.  37.  37.  37.  37.  37.  37.  37.  37.  37.  37.  37.  37.  37.
  37.  37.  37.  37.  37.  37.  37.  37.  37.  37.  37.  37.  37.  37.
  37.  37.  37.  37.  37.  37.  37.  37.  37.  37.  37.  37.  37.  37.
  37.  37.  37.  37.  37.  37.  37.  37.  37.  37.  37.  37.  37.  37.
  37.  37.  37.  37.]
Cluster assign [  0.   0.   0.   0.   0.   0.   0.   0.   0.   0.   0.   0.   0.   0.
   0.   0.   0.   0.   0.   0.   0.   0.   0.   0.   0.   0.   0.   0.
   0.   0.   0.   0.   0.   0.   0.   0.   0.   0.   0.   0.   0.   0.
   0.   0.   0.   0.   0.   0.   0.   0.   0.   0.   0.   0.   0.   0.
   0.   0.   0.   0.   0.   0.   0.   0.   0.   0.   0.   0.   0.   0.
   0.   0.   0.   0.   0.   0.   0.   0.   0.   0.   0.   0.   0.   0.
   0.   0.   0.   0.   0.   0.   0.   0.   0.   0.   0.   0.   0.   0.
   0.   0.   0.   0.   0.   0.   0.   0. 106. 106. 106. 106. 106. 106.
 106. 106. 106. 106. 106. 106. 106. 106. 106. 106. 106. 106. 106. 106.
 106. 106. 106. 106. 106. 106. 106. 106. 106. 106. 106. 106. 106. 106.
 106. 106. 106. 106. 106. 106. 106. 106. 106. 106. 106. 106. 106. 106.
 106. 106. 106. 106. 106. 106. 106. 106. 106. 106. 106. 106. 106. 106.
 106. 106. 106. 106. 106. 106. 106. 106. 106. 106. 106. 106. 106. 106.
 106. 106. 106. 106. 106. 106. 106. 106. 106. 106. 106. 106. 106. 106.
 106. 106. 106. 106. 106. 106. 106. 106. 106. 106. 106. 207. 207. 207.
 207. 207. 207. 207. 207. 207. 207. 207. 207. 207. 207. 207. 207. 207.
 207. 207. 207. 207. 207. 207. 207. 207. 207. 207. 207. 207. 207. 207.
 207. 207. 207. 207. 207. 207. 207. 207. 207. 207. 207. 207. 207. 207.
 207. 207. 207. 207. 207. 207. 207. 207. 207. 207. 207. 207. 207. 207.
 207. 207. 207. 207. 207. 207. 207. 207. 207. 207. 207. 207. 207. 207.
 207. 207. 207. 207. 207. 207. 207. 207. 207. 207. 207. 207. 207. 207.
 207. 207. 207. 207. 207. 207. 207. 207. 207. 207. 207. 207. 207. 207.
 207. 207. 207. 207.]
Cluster assign [  0.   0.   0.   0.   0.   0.   0.   0.   0.   0.   0.   0.   0.   0.
   0.   0.   0.   0.   0.   0.   0.   0.   0.   0.   0.   0.   0.   0.
   0.   0.   0.   0.   0.   0.   0.   0.   0.   0.   0.   0.   0.   0.
   0.   0.   0.   0.   0.   0.   0.   0.   0.   0.   0.   0.   0.   0.
   0.   0.   0.   0.   0.   0.   0.   0.   0.   0.   0.   0.   0.   0.
   0.   0.   0.   0.   0.   0.   0.   0.   0.   0.   0.   0.   0.   0.
   0.   0.   0.   0.   0.   0.   0.   0.   0.   0.   0.   0.   0.   0.
   0.   0.   0.   0.   0.   0.   0.   0. 106. 106. 106. 106. 106. 106.
 106. 106. 106. 106. 106. 106. 106. 106. 106. 106. 106. 106. 106. 106.
 106. 106. 106. 106. 106. 106. 106. 106. 106. 106. 106. 106. 106. 106.
 106. 106. 106. 106. 106. 106. 106. 106. 106. 106. 106. 106. 106. 106.
 106. 106. 106. 106. 106. 106. 106. 106. 106. 106. 106. 106. 106. 106.
 106. 106. 106. 106. 106. 106. 106. 106. 106. 106. 106. 106. 106. 106.
 106. 106. 106. 106. 106. 106. 106. 106. 106. 106. 106. 106. 106. 106.
 106. 106. 106. 106. 106. 106. 106. 106. 106. 106. 106. 207. 207. 207.
 207. 207. 207. 207. 207. 207. 207. 207. 207. 207. 207. 207. 207. 207.
 207. 207. 207. 207. 207. 207. 207. 207. 207. 207. 207. 207. 207. 207.
 207. 207. 207. 207. 207. 207. 207. 207. 207. 207. 207. 207. 207. 207.
 207. 207. 207. 207. 207. 207. 207. 207. 207. 207. 207. 207. 207. 207.
 207. 207. 207. 207. 207. 207. 207. 207. 207. 207. 207. 207. 207. 207.
 207. 207. 207. 207. 207. 207. 207. 207. 207. 207. 207. 207. 207. 207.
 207. 207. 207. 207. 207. 207. 207. 207. 207. 207. 207. 207. 207. 207.
 207. 207. 207. 207.]
Cluster assign [ 0.  0.  0.  0.  0.  0.  0.  0.  0.  0.  0.  0.  0.  0.  0.  0.  0. 17.
 17. 17. 17. 17. 17. 17. 17. 17. 17. 17. 17. 17. 17. 17. 17. 17. 17. 17.
 17. 17. 17. 17. 17. 17. 17. 17. 17. 17. 17. 17. 17. 17. 17. 17. 17. 17.
 17. 17. 17. 17. 17. 17. 17. 17. 17. 17. 17. 65. 65. 65. 65. 65. 65. 65.
 65. 65. 65. 65. 65. 65. 65. 65. 65.  0.  0.  0.  0.  0.  0.  0.  0.  0.
  0.  0.  0.  0.  0.  0.  0.  0.  0.  0.  0.  0.  0.  0.  0.  0. 65. 65.
 65. 65. 65. 65. 65. 65. 65. 65. 65. 65. 65. 65. 65.  0.  0.  0.  0.  0.
  0.  0.  0.  0.  0.  0.  0.  0.  0.  0.  0.  0.  0.  0.  0.  0.  0.  0.
  0.  0.  0.  0.  0.  0.  0.  0.  0.  0.  0.  0. 17. 17. 17. 17. 17. 17.
 17. 17. 17. 17. 17. 17. 17. 17. 17. 17. 17. 17. 17. 17. 17. 17. 17. 17.
 17. 17. 17. 17. 17. 17. 17. 17. 17. 17. 17. 17. 17. 17. 17. 17. 17. 17.
 17. 17. 17. 17. 17. 17. 17. 17. 17. 17. 17. 17. 17. 17. 17. 17. 17. 17.
 17. 17. 17. 17. 17. 17. 17. 17. 17. 17. 17. 17. 17. 17. 17. 17. 17. 17.
 17. 17. 65. 65. 65. 65. 65. 65. 65. 65. 65. 65. 65. 65. 65. 65. 65. 65.
 65. 65.  0.  0.  0.  0.  0.  0.  0.  0.  0.  0.  0.  0.  0.  0.  0.  0.
  0.  0.  0.  0.  0.  0.  0.  0.  0.  0.  0.  0.  0.  0.  0.  0. 17. 17.
 17. 17. 17. 17. 17. 17. 17. 17. 17. 17. 17. 17. 17. 17. 17. 17. 17. 17.
 17. 17. 17. 17. 17. 17.]
Cluster assign [  0.   0.   0.   0.   0.   0.   0.   0.   0.   0.   0.   0.   0.   0.
   0.   0.   0.   0.   0.   0.   0.   0.   0.   0.   0.   0.   0.   0.
   0.   0.   0.   0.   0.   0.   0.   0.   0.   0.   0.   0.   0.   0.
   0.   0.   0.   0.   0.   0.   0.   0.   0.   0.   0.   0.   0.   0.
   0.   0.   0.   0.   0.   0.   0.   0.   0.   0.   0.   0.   0.   0.
   0.   0.   0.   0.   0.   0.   0.   0.   0.   0.   0.   0.   0.   0.
   0.   0.   0.   0.   0.   0.   0.   0.   0.   0.   0.   0.   0.   0.
   0.   0.   0.   0.   0.   0.   0.   0. 106. 106. 106. 106. 106. 106.
 106. 106. 106. 106. 106. 106. 106. 106. 106. 106. 106. 106. 106. 106.
 106. 106. 106. 106. 106. 106. 106. 106. 106. 106. 106. 106. 106. 106.
 106. 106. 106. 106. 106. 106. 106. 106. 106. 106. 106. 106. 106. 106.
 106. 106. 106. 106. 106. 106. 106. 106. 106. 106. 106. 106. 106. 106.
 106. 106. 106. 106. 106. 106. 106. 106. 106. 106. 106. 106. 106. 106.
 106. 106. 106. 106. 106. 106. 106. 106. 106. 106. 106. 106. 106. 106.
 106. 106. 106. 106. 106. 106. 106. 106. 106. 106. 106. 207. 207. 207.
 207. 207. 207. 207. 207. 207. 207. 207. 207. 207. 207. 207. 207. 207.
 207. 207. 207. 207. 207. 207. 207. 207. 207. 207. 207. 207. 207. 207.
 207. 207. 207. 207. 207. 207. 207. 207. 207. 207. 207. 207. 207. 207.
 207. 207. 207. 207. 207. 207. 207. 207. 207. 207. 207. 207. 207. 207.
 207. 207. 207. 207. 207. 207. 207. 207. 207. 207. 207. 207. 207. 207.
 207. 207. 207. 207. 207. 207. 207. 207. 207. 207. 207. 207. 207. 207.
 207. 207. 207. 207. 207. 207. 207. 207. 207. 207. 207. 207. 207. 207.
 207. 207. 207. 207.]
Cluster assign [ 0.  0.  0.  0.  0.  0.  0.  0.  0.  0.  0.  0.  0.  0.  0.  0.  0.  0.
  0.  0.  0.  0.  0.  0.  0.  0.  0. 27. 27. 27. 27. 27. 27. 27. 27. 27.
 27. 27. 27. 27. 27. 27. 27. 27. 27. 27. 27. 27. 27. 27. 27. 27. 27. 27.
 27. 55. 55. 55. 55. 55. 55. 55. 55. 55. 55. 55. 55. 55. 55. 55. 55. 55.
 55. 55. 55. 55. 55. 55. 55. 55. 55. 55. 55. 55. 55. 55. 55. 55. 55.  0.
  0.  0.  0.  0.  0.  0.  0.  0.  0.  0.  0.  0.  0.  0.  0.  0. 55. 55.
 55. 55. 55. 55. 55. 55. 55. 55. 55. 55. 55. 55. 55. 55. 55. 55. 55. 55.
 55. 55. 55. 55. 55. 55. 55. 55. 55. 55. 55. 55.  0.  0.  0.  0.  0.  0.
  0.  0.  0.  0.  0.  0.  0.  0.  0.  0.  0.  0.  0.  0.  0.  0.  0.  0.
  0.  0.  0.  0.  0.  0.  0. 27. 27. 27. 27. 27. 27. 27. 27. 27. 27. 27.
 27. 27. 27. 27. 27. 27. 27. 27. 27. 27. 27. 27. 27. 55. 55. 55. 55. 55.
 55. 55. 55. 55. 55. 55. 55. 55. 55. 27. 27. 27. 27. 27. 27. 27. 27. 27.
 27. 27. 27. 27. 27. 27. 27. 27. 27. 27. 27. 27. 27. 27. 27. 55. 55. 55.
 55. 55. 55. 55. 55. 55. 55. 55. 55. 55. 55. 55. 55. 55. 55. 55. 55. 55.
 55. 55. 55. 55. 55. 55. 55. 55. 55. 55. 55. 55. 55. 55. 55. 55. 55. 55.
  0.  0.  0.  0.  0.  0.  0.  0.  0.  0.  0.  0.  0.  0.  0.  0.  0.  0.
  0.  0.  0.  0.  0.  0.  0.  0.  0.  0.  0.  0.  0.  0.  0.  0.  0.  0.
  0.  0.  0.  0.  0.  0.]
Cluster assign [ 0.  0.  0.  0.  0.  0.  0.  0.  0.  0.  0.  0.  0.  0.  0.  0.  0. 17.
 17. 17. 17. 17. 17. 17. 17. 17. 17. 17. 17. 17. 17. 17. 17. 17. 17. 17.
 17. 17. 17. 17. 17. 17. 17. 17. 17. 17. 17. 17. 17. 17. 17. 17. 17. 17.
 17. 17. 17. 17. 17. 17. 17. 17. 17. 17. 17. 65. 65. 65. 65. 65. 65. 65.
 65. 65. 65. 65. 65. 65. 65. 65. 65.  0.  0.  0.  0.  0.  0.  0.  0.  0.
  0.  0.  0.  0.  0.  0.  0.  0.  0.  0.  0.  0.  0.  0.  0.  0. 65. 65.
 65. 65. 65. 65. 65. 65. 65. 65. 65. 65. 65. 65. 65.  0.  0.  0.  0.  0.
  0.  0.  0.  0.  0.  0.  0.  0.  0.  0.  0.  0.  0.  0.  0.  0.  0.  0.
  0.  0.  0.  0.  0.  0.  0.  0.  0.  0.  0.  0. 17. 17. 17. 17. 17. 17.
 17. 17. 17. 17. 17. 17. 17. 17. 17. 17. 17. 17. 17. 17. 17. 17. 17. 17.
 17. 17. 17. 17. 17. 17. 17. 17. 17. 17. 17. 17. 17. 17. 17. 17. 17. 17.
 17. 17. 17. 17. 17. 17. 17. 17. 17. 17. 17. 17. 17. 17. 17. 17. 17. 17.
 17. 17. 17. 17. 17. 17. 17. 17. 17. 17. 17. 17. 17. 17. 17. 17. 17. 17.
 17. 17. 65. 65. 65. 65. 65. 65. 65. 65. 65. 65. 65. 65. 65. 65. 65. 65.
 65. 65.  0.  0.  0.  0.  0.  0.  0.  0.  0.  0.  0.  0.  0.  0.  0.  0.
  0.  0.  0.  0.  0.  0.  0.  0.  0.  0.  0.  0.  0.  0.  0.  0. 17. 17.
 17. 17. 17. 17. 17. 17. 17. 17. 17. 17. 17. 17. 17. 17. 17. 17. 17. 17.
 17. 17. 17. 17. 17. 17.]
Cluster assign [ 0.  0.  0.  0.  0.  0.  0.  0.  0.  0.  0.  0.  0.  0.  0.  0.  0.  0.
  0.  0.  0.  0.  0.  0.  0.  0.  0. 27. 27. 27. 27. 27. 27. 27. 27. 27.
 27. 27. 27. 27. 27. 27. 27. 27. 27. 27. 27. 27. 27. 27. 27. 27. 27. 27.
 27. 55. 55. 55. 55. 55. 55. 55. 55. 55. 55. 55. 55. 55. 55. 55. 55. 55.
 55. 55. 55. 55. 55. 55. 55. 55. 55. 55. 55. 55. 55. 55. 55. 55. 55. 55.
 55. 55. 55. 55. 55. 55. 55. 55. 55. 55. 55. 55. 55. 55. 55. 55. 55. 55.
 55. 55. 55. 55. 55. 55. 55. 55. 55. 55. 55. 55. 55. 55. 55. 55. 55. 55.
 55. 55. 55. 55. 55. 55. 55. 55. 55. 55. 55. 55. 55. 55. 55. 55. 55. 55.
 55. 55.  0.  0.  0.  0.  0.  0.  0.  0.  0.  0.  0.  0.  0.  0.  0.  0.
  0.  0. 27. 27. 27. 27. 27. 27. 27. 27. 27. 27. 27. 27. 27. 27. 27. 27.
 27. 27. 27. 27. 27. 27. 27. 27. 27. 27. 27. 55. 55. 55. 55. 55. 55. 55.
 55. 55. 55. 55. 55. 55. 55. 55. 55. 27. 27. 27. 27. 27. 27. 27. 27. 27.
 27. 27. 27. 27. 27. 27. 27. 27. 27. 27. 27. 27. 55. 55. 55. 55. 55. 55.
 55. 55. 55. 55. 55. 55. 55. 55. 55. 55. 55. 55. 55. 55. 55. 55. 55. 55.
 55. 55. 55. 55. 55. 55. 55. 55. 55. 55. 55. 55. 55. 55. 55. 55. 55. 55.
 55. 55. 55. 55. 55. 55. 55. 55. 55.  0.  0.  0.  0.  0.  0.  0.  0.  0.
  0.  0. 27. 27. 27. 27. 27. 27. 27. 27. 27. 27. 27. 27. 27. 27. 27. 27.
 27. 27. 27. 27. 27. 27.]
