Cluster assign [  0.   0.   0.   0.   0.   0.   0.   0.   0.   0.   0.   0.   0.   0.
   0.   0.   0.   0.   0.   0.   0.  21.  22.   0.   0.   0.   0.   0.
   0.   0.   0.   0.   0.   0.   0.   0.   0.   0.   0.   0.   0.   0.
   0.  43.   0.   0.   0.   0.   0.   0.   0.   0.   0.   0.   0.   0.
   0.   0.   0.   0.   0.   0.   0.   0.   0.   0.   0.   0.   0.   0.
   0.   0.   0.   0.   0.   0.   0.   0.   0.   0.   0.   0.   0.   0.
   0.   0.   0.   0.   0.   0.   0.   0.   0.   0.   0.   0.   0.   0.
   0.   0.   0.   0.   0.   0.   0.   0.   0.   0.   0.   0.   0.   0.
   0.   0.   0.   0.   0.   0.   0.   0.   0.   0.   0.   0.   0.   0.
   0.   0.   0.   0.   0.   0.   0.   0.   0.   0.   0.   0.   0.   0.
   0.   0. 142. 142. 142. 142. 142. 142. 142. 142. 142. 142. 142. 142.
 142. 142. 142. 142. 142. 142. 142. 142. 142. 142. 142. 142. 142. 142.
 142. 142. 142. 142. 142. 142. 142. 142. 142. 142. 142. 142. 142. 142.
 142. 142. 142. 142. 142. 142. 142. 142. 142. 142. 142. 142. 142. 142.
 142. 142. 142. 142. 142. 142. 142. 142. 142. 142. 142. 142. 142. 142.
 142. 142. 142. 142. 142. 142. 142. 142. 142. 142. 142. 142. 142. 142.
 142. 225. 225. 225. 225. 225. 225. 225. 225. 225. 225. 225. 225. 225.
 225. 225. 225. 225. 225. 225. 225. 225. 225. 225. 225. 225. 225. 225.
 225. 225. 225. 225. 225. 225. 225. 225. 225. 225. 225. 225. 225. 225.
 225. 225. 225. 225. 225. 225. 225. 225. 225. 225. 225. 225. 225. 225.
 225. 225. 225. 225. 225. 225. 225. 225. 225. 225. 225. 225. 225. 225.
 225. 225. 225. 225. 225. 225. 225. 225. 225. 225. 225. 225. 225. 225.
 225. 225. 225. 225. 225. 225. 225. 225. 225. 225. 225. 225. 225. 225.
 225. 225. 225. 225. 225. 225. 225. 225. 225. 225. 225. 225. 225. 225.
 225. 225. 225. 225. 225. 225. 225. 225. 225. 225. 225. 225. 225. 225.
 225. 225. 225. 225. 225. 225. 225. 225. 225. 225. 225. 225. 225. 225.
 225. 225. 225. 225. 225. 225. 225. 225. 225. 225. 225. 225. 225. 225.
 225. 225. 225. 225. 225. 225. 225. 225. 225. 225. 225. 225. 225. 225.
 225. 225. 225. 225. 225. 225. 225.]
Cluster assign [  0.   0.   0.   0.   0.   0.   0.   0.   0.   0.   0.   0.   0.   0.
   0.   0.   0.   0.   0.   0.   0.  21.  22.   0.   0.   0.   0.   0.
   0.   0.   0.   0.   0.   0.   0.   0.   0.   0.   0.   0.   0.   0.
   0.  43.   0.   0.   0.   0.   0.   0.   0.   0.   0.   0.   0.   0.
   0.   0.   0.   0.   0.   0.   0.   0.   0.   0.   0.   0.   0.   0.
   0.   0.   0.   0.   0.   0.   0.   0.   0.   0.   0.   0.   0.   0.
   0.   0.   0.   0.   0.   0.   0.   0.   0.   0.   0.   0.   0.   0.
   0.   0.   0.   0.   0.   0.   0.   0.   0.   0.   0.   0.   0.   0.
   0.   0.   0.   0.   0.   0.   0.   0.   0.   0.   0.   0.   0.   0.
   0.   0.   0.   0.   0.   0.   0.   0.   0.   0.   0.   0.   0.   0.
   0.   0. 142. 142. 142. 142. 142. 142. 142. 142. 142. 142. 142. 142.
 142. 142. 142. 142. 142. 142. 142. 142. 142. 142. 142. 142. 142. 142.
 142. 142. 142. 142. 142. 142. 142. 142. 142. 142. 142. 142. 142. 142.
 142. 142. 142. 142. 142. 142. 142. 142. 142. 142. 142. 142. 142. 142.
 142. 142. 142. 142. 142. 142. 142. 142. 142. 142. 142. 142. 142. 142.
 142. 142. 142. 142. 142. 142. 142. 142. 142. 142. 142. 142. 142. 142.
 142. 225. 225. 225. 225. 225. 225. 225. 225. 225. 225. 225. 225. 225.
 225. 225. 225. 225. 225. 225. 225. 225. 225. 225. 225. 225. 225. 225.
 225. 225. 225. 225. 225. 225. 225. 225. 225. 225. 225. 225. 225. 225.
 225. 225. 225. 225. 225. 225. 225. 225. 225. 225. 225. 225. 225. 225.
 225. 225. 225. 225. 225. 225. 225. 225. 225. 225. 225. 225. 225. 225.
 225. 225. 225. 225. 225. 225. 225. 225. 225. 225. 225. 225. 225. 225.
 225. 225. 225. 225. 225. 225. 225. 225. 225. 225. 225. 225. 225. 225.
 225. 225. 225. 225. 225. 225. 225. 225. 225. 225. 225. 225. 225. 225.
 225. 225. 225. 225. 225. 225. 225. 225. 225. 225. 225. 225. 225. 225.
 225. 225. 225. 225. 225. 225. 225. 225. 225. 225. 225. 225. 225. 225.
 225. 225. 225. 225. 225. 225. 225. 225. 225. 225. 225. 225. 225. 225.
 225. 225. 225. 225. 225. 225. 225. 225. 225. 225. 225. 225. 225. 225.
 225. 225. 225. 225. 225. 225. 225.]
Cluster assign [  0.   0.   0.   0.   0.   0.   0.   0.   0.   0.   0.   0.   0.   0.
   0.   0.   0.   0.   0.   0.   0.   0.  26.  26.  38.  26.  26.  26.
  26.  26.  26.  26.  26.  26.  26.  26.  26.  26.  38.  38.  38.  38.
  38.  38.  38.  38.   0.  38.  38.  38.   0.   0.   0.   0.   0.   0.
   0.   0.   0.   0.   0.   0.   0.   0.   0.   0.   0.   0.  38.  38.
  38.  38.  38.  38.  38.  38.  38.  38.  38.  38.  38.  38.  38.  38.
  38.  38.  38.  38.  38.  38.  38.  38.  38.  38.  38.  38.  38.  38.
  38.  38.  38.  38.  38.  38.   0.   0.   0.   0.   0.   0.   0.   0.
   0.   0.   0.   0.   0.   0.   0.   0.   0.   0.   0.   0.   0.   0.
   0.   0.   0.   0.   0.   0.   0.   0.   0.   0.   0.   0.   0.   0.
   0.   0. 142. 142. 142. 142. 142. 142. 142. 142. 142. 142. 142. 142.
 142. 142. 142. 142. 142. 142. 142. 142. 142. 142. 142. 142. 142. 142.
 142. 142. 142. 142. 142. 142. 142. 142. 142. 142. 142. 142. 142. 142.
 184. 184. 184. 184. 184. 184. 184. 184. 184. 184. 142. 142. 184. 184.
 184. 184. 184. 184. 184. 184. 184. 184. 184. 184. 184. 184. 184. 184.
 184. 184. 184. 184. 184. 184. 184. 184. 184. 184. 184. 184. 184. 184.
 184. 228. 228. 228. 228. 228. 228. 228. 228. 228. 228. 228. 228. 228.
 228. 228. 228. 228. 228. 228. 228. 228. 228. 228. 228. 228. 228. 228.
 228. 228. 228. 228. 228. 228. 228. 228. 228. 228. 228. 228. 228. 228.
 228. 228. 228. 228. 228. 228. 228. 228. 228. 228. 228. 228. 228. 228.
 228. 228. 228. 228. 228. 228. 228. 228. 228. 228. 228. 228. 228. 228.
 228. 228. 228. 228. 228. 228. 228. 228. 228. 228. 228. 228. 228. 228.
 228. 228. 228. 228. 228. 228. 228. 228. 228. 228. 228. 228. 228. 228.
 228. 228. 228. 228. 228. 228. 228. 228. 228. 228. 228. 228. 228. 228.
 228. 228. 228. 228. 228. 228. 228. 228. 228. 228. 228. 228. 228. 228.
 228. 228. 228. 228. 228. 228. 228. 228. 228. 228. 228. 228. 228. 228.
 228. 228. 228. 228. 228. 228. 228. 228. 228. 228. 228. 228. 228. 228.
 228. 228. 228. 228. 228. 228. 228. 228. 228. 228. 228. 228. 228. 228.
 228. 228. 228. 228. 228. 228. 228.]
Cluster assign [  0.   0.   0.   0.   0.   0.   0.   0.   0.   0.   0.   0.   0.  13.
   0.   0.  13.  13.  13.  13.  13.  13.  13.  13.   0.  13.   0.   0.
   0.   0.   0.  13.   0.  13.  13.  13.  13.  13.  38.  38.  38.  38.
  38.   0.   0.   0.   0.   0.   0.   0.   0.   0.   0.   0.   0.   0.
   0.   0.   0.   0.   0.   0.   0.   0.   0.   0.   0.   0.   0.   0.
   0.   0.   0.   0.   0.   0.   0.   0.   0.   0.   0.   0.   0.   0.
   0.   0.   0.   0.   0.   0.   0.   0.   0.   0.   0.   0.   0.   0.
   0.   0.   0.   0.   0.   0.   0.   0.   0.   0.   0.   0.   0.   0.
   0.   0.   0.   0.   0.   0.   0.   0.   0.   0.   0.   0.   0.   0.
   0.   0.   0.   0.   0.   0.   0.   0.   0.   0.   0.   0.   0.   0.
   0.   0. 142. 142. 142. 142. 142. 142. 142. 142. 142. 142. 142. 142.
 142. 142. 142. 142. 142. 142. 142. 142. 142. 142. 142. 142. 142. 142.
 142. 142. 142. 142. 142. 142. 142. 142. 142. 142. 142. 142. 142. 142.
 142. 142. 184. 184. 184. 184. 184. 184. 184. 184. 142. 142. 142. 142.
 142. 142. 142. 142. 184. 184. 184. 184. 184. 184. 184. 184. 184. 184.
 184. 184. 142. 184. 184. 184. 184. 184. 184. 184. 184. 184. 184. 184.
 184. 225. 225. 225. 225. 225. 225. 225. 225. 225. 225. 225. 225. 225.
 225. 225. 225. 225. 225. 225. 225. 225. 225. 225. 225. 225. 225. 225.
 225. 225. 225. 225. 225. 225. 225. 225. 225. 225. 225. 225. 225. 225.
 225. 225. 225. 225. 225. 225. 225. 225. 225. 225. 225. 225. 225. 225.
 225. 225. 225. 225. 225. 225. 225. 225. 225. 225. 225. 225. 225. 225.
 225. 225. 225. 225. 225. 225. 225. 225. 225. 225. 225. 225. 225. 225.
 225. 225. 225. 225. 225. 225. 225. 225. 225. 225. 225. 225. 225. 225.
 225. 225. 225. 225. 225. 225. 225. 225. 225. 225. 225. 225. 225. 225.
 225. 225. 225. 225. 225. 225. 225. 225. 225. 225. 225. 225. 225. 225.
 225. 225. 225. 225. 225. 225. 225. 225. 225. 225. 225. 225. 225. 225.
 225. 225. 225. 225. 225. 225. 225. 225. 225. 225. 225. 225. 225. 225.
 225. 225. 225. 225. 225. 225. 225. 225. 225. 225. 225. 225. 225. 225.
 225. 225. 225. 225. 225. 225. 225.]
Cluster assign [  0.   0.   0.   0.   0.   0.   0.   0.   0.   0.   0.   0.   0.  13.
   0.   0.  13.  13.  13.  13.  13.  13.  13.  13.   0.  13.   0.   0.
   0.   0.   0.  13.   0.  13.  13.  13.  13.  13.  38.  38.  38.  38.
  38.   0.   0.   0.   0.   0.   0.   0.   0.   0.   0.   0.   0.   0.
   0.   0.   0.   0.   0.   0.   0.   0.   0.   0.   0.   0.   0.   0.
   0.   0.   0.   0.   0.   0.   0.   0.   0.   0.   0.   0.   0.   0.
   0.   0.   0.   0.   0.   0.   0.   0.   0.   0.   0.   0.   0.   0.
   0.   0.   0.   0.   0.   0.   0.   0.   0.   0.   0.   0.   0.   0.
   0.   0.   0.   0.   0.   0.   0.   0.   0.   0.   0.   0.   0.   0.
   0.   0.   0.   0.   0.   0.   0.   0.   0.   0.   0.   0.   0.   0.
   0.   0. 142. 142. 142. 142. 142. 142. 142. 142. 142. 142. 142. 142.
 142. 142. 142. 142. 142. 142. 142. 142. 142. 142. 142. 142. 142. 142.
 142. 142. 142. 142. 142. 142. 142. 142. 142. 142. 142. 142. 142. 142.
 142. 142. 184. 184. 184. 184. 184. 184. 184. 184. 142. 142. 142. 142.
 142. 142. 142. 142. 184. 184. 184. 184. 184. 184. 184. 184. 184. 184.
 184. 184. 142. 184. 184. 184. 184. 184. 184. 184. 184. 184. 184. 184.
 184. 225. 225. 225. 225. 225. 225. 225. 225. 225. 225. 225. 225. 225.
 225. 225. 225. 225. 225. 225. 225. 225. 225. 225. 225. 225. 225. 225.
 225. 225. 225. 225. 225. 225. 225. 225. 225. 225. 225. 225. 225. 225.
 225. 225. 225. 225. 225. 225. 225. 225. 225. 225. 225. 225. 225. 225.
 225. 225. 225. 225. 225. 225. 225. 225. 225. 225. 225. 225. 225. 225.
 225. 225. 225. 225. 225. 225. 225. 225. 225. 225. 225. 225. 225. 225.
 225. 225. 225. 225. 225. 225. 225. 225. 225. 225. 225. 225. 225. 225.
 225. 225. 225. 225. 225. 225. 225. 225. 225. 225. 225. 225. 225. 225.
 225. 225. 225. 225. 225. 225. 225. 225. 225. 225. 225. 225. 225. 225.
 225. 225. 225. 225. 225. 225. 225. 225. 225. 225. 225. 225. 225. 225.
 225. 225. 225. 225. 225. 225. 225. 225. 225. 225. 225. 225. 225. 225.
 225. 225. 225. 225. 225. 225. 225. 225. 225. 225. 225. 225. 225. 225.
 225. 225. 225. 225. 225. 225. 225.]
Cluster assign [0 0 0 0 0 0 0 0 0 0 0 0 0 0 0 0 2 1 1 1 1 1 1 0 0 0 0 0 0 0 0 1 1 1 1 1 1
 1 0 0 0 0 0 0 0 0 0 0 0 0 0 0 0 0 0 0 0 0 0 0 0 0 0 0 0 0 0 0 0 0 0 0 0 0
 0 0 0 0 0 0 0 0 0 0 0 0 0 0 0 0 0 0 0 0 0 0 0 0 0 0 0 0 0 0 0 0 0 0 0 0 0
 0 0 0 0 0 0 0 0 0 0 0 0 0 0 0 0 0 0 0 0 0 0 0 0 0 0 0 0 0 0 0 0 5 5 5 5 5
 5 0 0 0 0 0 0 0 0 0 0 0 0 0 0 0 0 0 0 0 0 0 0 5 5 5 5 5 5 5 5 5 5 5 5 5 5
 2 5 5 2 5 5 5 5 5 5 3 2 5 5 5 5 5 5 5 2 2 2 2 2 2 2 2 2 2 3 3 3 2 2 3 3 3
 3 3 3 1 1 1 1 1 1 1 1 1 1 1 1 1 1 1 1 1 1 1 1 1 1 1 1 1 1 1 1 1 1 1 1 1 1
 1 1 1 1 1 1 1 1 1 1 1 1 1 1 1 1 1 1 1 1 1 1 1 1 1 1 1 1 1 1 1 1 1 1 1 1 1
 1 1 1 1 1 1 1 1 1 1 1 1 1 1 1 1 1 1 1 1 1 1 1 1 1 1 1 1 1 1 1 1 1 1 1 1 1
 1 1 1 1 1 1 1 1 1 1 1 1 1 1 1 1 1 1 1 1 1 1 1 1 1 1 1 1 1 1 1 1 1 1 1 1 1
 1 1 1 1 1 1 1 1 1 1 1 1 1 1 1 1 1 1 1 1 1 1 1 1 1 1 1 1 1]
Cluster assign [1 1 1 1 1 1 1 1 1 1 1 2 5 2 2 2 2 2 2 2 2 2 2 5 5 5 5 5 3 3 3 1 3 1 3 3 3
 3 5 5 5 2 1 1 2 2 1 1 1 1 1 1 1 1 1 1 1 1 1 1 5 5 1 3 5 5 5 5 5 5 5 5 5 5
 5 5 5 5 5 5 5 5 5 5 5 5 5 5 5 5 5 5 5 5 5 5 5 5 5 5 5 5 5 5 5 5 5 5 5 5 5
 5 5 5 5 5 5 5 5 5 5 5 5 5 5 5 5 5 5 5 5 5 5 5 5 5 5 5 5 5 5 5 5 4 4 4 0 4
 4 4 5 5 5 5 5 5 5 5 4 4 4 4 4 4 4 4 4 4 4 4 4 4 4 4 4 4 4 4 0 0 4 0 0 1 1
 1 1 1 1 1 1 0 0 0 0 1 1 1 0 1 1 1 1 1 1 1 1 1 1 1 1 1 1 1 1 1 1 1 1 1 1 1
 1 1 1 3 3 3 3 3 3 3 3 3 3 3 3 3 3 3 3 3 3 3 3 3 3 3 3 3 3 3 3 3 3 3 3 3 3
 3 3 3 3 3 3 3 3 3 3 3 3 3 2 3 3 2 2 2 2 2 2 2 2 2 2 2 2 2 2 2 2 2 2 2 2 2
 2 2 2 2 2 2 2 2 2 2 2 2 2 2 2 2 2 2 2 3 3 3 3 3 3 3 3 3 3 3 3 3 3 3 3 3 3
 3 3 3 3 3 3 3 3 3 3 3 3 2 3 3 3 3 2 2 2 2 2 2 2 2 2 2 2 2 2 2 2 2 2 2 2 2
 2 2 2 2 2 2 2 2 2 2 2 2 2 3 2 2 3 3 3 2 2 2 2 3 3 3 2 2 3]
Cluster assign [3 3 3 3 3 3 3 3 3 3 3 3 3 3 3 3 5 5 5 5 5 5 5 3 3 3 3 0 3 3 3 2 2 2 2 4 4
 4 0 0 0 3 3 3 3 3 3 3 3 3 3 3 3 3 3 3 3 3 3 3 3 3 3 3 3 3 3 3 3 3 3 0 3 3
 0 3 0 0 0 0 0 0 0 0 0 0 0 0 0 0 0 0 0 0 0 0 0 0 0 0 0 3 3 3 3 3 3 3 3 3 3
 3 3 3 3 3 3 3 3 3 3 3 3 3 3 3 3 3 3 3 3 3 3 3 3 3 3 3 3 3 3 3 2 2 2 2 2 2
 2 2 2 2 2 2 2 2 2 2 2 2 2 2 2 2 2 2 2 2 2 2 2 2 2 2 2 2 2 2 2 2 2 2 2 2 5
 5 5 5 5 2 2 2 2 2 2 4 2 2 2 2 2 5 5 5 5 5 5 2 2 5 5 5 2 4 4 4 4 5 5 5 3 4
 4 4 3 4 4 4 4 4 4 4 4 4 4 4 4 4 4 4 4 4 4 4 4 4 4 4 4 4 4 4 4 4 4 4 4 4 4
 4 4 4 4 4 4 4 4 4 4 4 4 4 4 4 4 4 4 1 1 1 1 1 1 1 1 1 1 1 1 1 1 1 1 1 1 1
 5 5 5 1 1 1 1 1 5 5 5 5 5 5 1 1 5 5 5 4 4 4 4 4 4 4 4 4 4 4 4 4 4 4 4 4 4
 4 4 4 4 4 4 4 4 4 4 4 4 1 4 4 4 4 1 1 1 1 1 1 1 1 1 1 1 1 1 1 1 1 1 5 5 1
 1 1 1 1 1 5 5 5 5 5 5 1 5 4 1 4 4 4 4 4 1 1 4 4 4 4 4 1 4]
Cluster assign [  0.   0.   0.   0.   0.   0.   0.   0.   0.   0.   0.   0.   0.  13.
   0.   0.  13.  13.  13.  13.  13.  13.  13.  13.   0.  13.   0.   0.
   0.   0.   0.  13.   0.  13.  13.  13.  13.  13.  38.  38.  38.  38.
  38.   0.   0.   0.   0.   0.   0.   0.   0.   0.   0.   0.   0.   0.
   0.   0.   0.   0.   0.   0.   0.   0.   0.   0.   0.   0.   0.   0.
   0.   0.   0.   0.   0.   0.   0.   0.   0.   0.   0.   0.   0.   0.
   0.   0.   0.   0.   0.   0.   0.   0.   0.   0.   0.   0.   0.   0.
   0.   0.   0.   0.   0.   0.   0.   0.   0.   0.   0.   0.   0.   0.
   0.   0.   0.   0.   0.   0.   0.   0.   0.   0.   0.   0.   0.   0.
   0.   0.   0.   0.   0.   0.   0.   0.   0.   0.   0.   0.   0.   0.
   0.   0. 142. 142. 142. 142. 142. 142. 142. 142. 142. 142. 142. 142.
 142. 142. 142. 142. 142. 142. 142. 142. 142. 142. 142. 142. 142. 142.
 142. 142. 142. 142. 142. 142. 142. 142. 142. 142. 142. 142. 142. 142.
 142. 142. 184. 184. 184. 184. 184. 184. 184. 184. 142. 142. 142. 142.
 142. 142. 142. 142. 184. 184. 184. 184. 184. 184. 184. 184. 184. 184.
 184. 184. 142. 184. 184. 184. 184. 184. 184. 184. 184. 184. 184. 184.
 184. 225. 225. 225. 225. 225. 225. 225. 225. 225. 225. 225. 225. 225.
 225. 225. 225. 225. 225. 225. 225. 225. 225. 225. 225. 225. 225. 225.
 225. 225. 225. 225. 225. 225. 225. 225. 225. 225. 225. 225. 225. 225.
 225. 225. 225. 225. 225. 225. 225. 225. 225. 225. 225. 225. 225. 225.
 225. 225. 225. 225. 225. 225. 225. 225. 225. 225. 225. 225. 225. 225.
 225. 225. 225. 225. 225. 225. 225. 225. 225. 225. 225. 225. 225. 225.
 225. 225. 225. 225. 225. 225. 225. 225. 225. 225. 225. 225. 225. 225.
 225. 225. 225. 225. 225. 225. 225. 225. 225. 225. 225. 225. 225. 225.
 225. 225. 225. 225. 225. 225. 225. 225. 225. 225. 225. 225. 225. 225.
 225. 225. 225. 225. 225. 225. 225. 225. 225. 225. 225. 225. 225. 225.
 225. 225. 225. 225. 225. 225. 225. 225. 225. 225. 225. 225. 225. 225.
 225. 225. 225. 225. 225. 225. 225. 225. 225. 225. 225. 225. 225. 225.
 225. 225. 225. 225. 225. 225. 225.]
Cluster assign [  0.   0.   0.   0.   0.   0.   0.   0.   0.   0.   0.   0.   0.  13.
   0.   0.  13.  13.  13.  13.  13.  13.  13.  13.   0.  13.   0.   0.
   0.   0.   0.  13.   0.  13.  13.  13.  13.  13.  38.  38.  38.  38.
  38.   0.   0.   0.   0.   0.   0.   0.   0.   0.   0.   0.   0.   0.
   0.   0.   0.   0.   0.   0.   0.   0.   0.   0.   0.   0.   0.   0.
   0.   0.   0.   0.   0.   0.   0.   0.   0.   0.   0.   0.   0.   0.
   0.   0.   0.   0.   0.   0.   0.   0.   0.   0.   0.   0.   0.   0.
   0.   0.   0.   0.   0.   0.   0.   0.   0.   0.   0.   0.   0.   0.
   0.   0.   0.   0.   0.   0.   0.   0.   0.   0.   0.   0.   0.   0.
   0.   0.   0.   0.   0.   0.   0.   0.   0.   0.   0.   0.   0.   0.
   0.   0. 142. 142. 142. 142. 142. 142. 142. 142. 142. 142. 142. 142.
 142. 142. 142. 142. 142. 142. 142. 142. 142. 142. 142. 142. 142. 142.
 142. 142. 142. 142. 142. 142. 142. 142. 142. 142. 142. 142. 142. 142.
 142. 142. 184. 184. 184. 184. 184. 184. 184. 184. 142. 142. 142. 142.
 142. 142. 142. 142. 184. 184. 184. 184. 184. 184. 184. 184. 184. 184.
 184. 184. 142. 184. 184. 184. 184. 184. 184. 184. 184. 184. 184. 184.
 184. 225. 225. 225. 225. 225. 225. 225. 225. 225. 225. 225. 225. 225.
 225. 225. 225. 225. 225. 225. 225. 225. 225. 225. 225. 225. 225. 225.
 225. 225. 225. 225. 225. 225. 225. 225. 225. 225. 225. 225. 225. 225.
 225. 225. 225. 225. 225. 225. 225. 225. 225. 225. 225. 225. 225. 225.
 225. 225. 225. 225. 225. 225. 225. 225. 225. 225. 225. 225. 225. 225.
 225. 225. 225. 225. 225. 225. 225. 225. 225. 225. 225. 225. 225. 225.
 225. 225. 225. 225. 225. 225. 225. 225. 225. 225. 225. 225. 225. 225.
 225. 225. 225. 225. 225. 225. 225. 225. 225. 225. 225. 225. 225. 225.
 225. 225. 225. 225. 225. 225. 225. 225. 225. 225. 225. 225. 225. 225.
 225. 225. 225. 225. 225. 225. 225. 225. 225. 225. 225. 225. 225. 225.
 225. 225. 225. 225. 225. 225. 225. 225. 225. 225. 225. 225. 225. 225.
 225. 225. 225. 225. 225. 225. 225. 225. 225. 225. 225. 225. 225. 225.
 225. 225. 225. 225. 225. 225. 225.]
Cluster assign [  0.   0.   0.   0.   0.   0.   0.   0.   0.   0.   0.   0.   0.   0.
   0.   0.  16.  16.  16.  16.  16.  16.  16.  16.   0.  16.   0.   0.
   0.  16.  16.  16.  16.  16.  16.  16.  16.  16.   0.   0.   0.   0.
  42.  42.   0.   0.   0.  42.  42.  42.   0.   0.   0.   0.   0.   0.
   0.   0.   0.   0.   0.   0.   0.   0.   0.   0.   0.   0.   0.   0.
   0.   0.   0.   0.   0.   0.   0.   0.   0.   0.   0.   0.   0.   0.
   0.   0.   0.   0.   0.   0.   0.   0.   0.   0.   0.   0.   0.   0.
   0.   0.   0.   0.   0.   0.   0.   0.   0.   0.   0.   0.   0.   0.
   0.   0.   0.   0.   0.   0.   0.   0.   0.   0.   0.   0.   0.   0.
   0.   0.   0.   0.   0.   0.   0.   0.   0.   0.   0.   0.   0.   0.
   0.   0. 142. 142. 142. 142. 142. 142. 142. 142. 142. 142. 142. 142.
 142. 142. 142. 142. 142. 142. 142. 142. 142. 142. 142. 142. 142. 142.
 142. 142. 142. 142. 142. 142. 142. 142. 142. 142. 142. 142. 142. 142.
 142. 142. 142. 142. 142. 142.   0. 142. 142. 142. 142. 142. 142. 142.
 142. 142. 142. 142. 142. 142. 142. 142. 142. 142. 142. 142. 142. 142.
 142. 142. 142. 142. 142. 142. 142. 142. 142. 142. 142. 142. 142. 142.
 142. 225. 225. 225. 225. 225. 225. 225. 225. 225. 225. 225. 225. 225.
 225. 225. 225. 225. 225. 225. 225. 225. 225. 225. 225. 225. 225. 225.
 225. 225. 225. 225. 225. 225. 225. 225. 225. 225. 225. 225. 225. 225.
 225. 225. 225. 225. 225. 225. 225. 225. 225. 225. 225. 225. 225. 225.
 225. 225. 225. 225. 225. 225. 225. 225. 225. 225. 225. 225. 292. 292.
 292. 292. 292. 292. 292. 292. 292. 292. 292. 292. 292. 292. 292. 292.
 292. 292. 292. 292. 292. 292. 292. 225. 225. 225. 225. 225. 225. 225.
 225. 225. 225. 225. 225. 225. 225. 225. 225. 225. 225. 225. 225. 225.
 225. 225. 225. 225. 225. 225. 225. 225. 225. 225. 225. 225. 225. 225.
 225. 225. 225. 225. 225. 225. 225. 225. 225. 225. 225. 225. 225. 225.
 225. 292. 292. 292. 292. 292. 292. 292. 292. 292. 292. 292. 292. 292.
 292. 292. 292. 292. 292. 225. 225. 225. 225. 225. 225. 225. 225. 225.
 225. 225. 225. 225. 225. 225. 225.]
Cluster assign [  0.   0.   0.   0.   0.   0.   0.   0.   0.   0.   0.   0.   0.  13.
  13.  13.  13.  13.  13.  13.  13.  13.  13.  13.   0.  13.   0.   0.
   0.   0.   0.  13.  13.  33.  33.   0.   0.  33.   0.   0.   0.   0.
  42.  42.   0.   0.   0.  42.  42.  42.   0.   0.   0.   0.   0.   0.
   0.   0.   0.   0.   0.   0.   0.   0.   0.   0.   0.   0.   0.   0.
   0.   0.   0.   0.   0.   0.   0.   0.   0.   0.   0.   0.   0.   0.
   0.   0.   0.   0.   0.   0.   0.   0.   0.   0.   0.   0.   0.   0.
   0.   0.   0.   0.   0.   0.   0.   0.   0.   0.   0.   0.   0.   0.
   0.   0.   0.   0.   0.   0.   0.   0.   0.   0.   0.   0.   0.   0.
   0.   0.   0.   0.   0.   0.   0.   0.   0.   0.   0.   0.   0.   0.
   0.   0. 142. 142. 142. 142. 142. 142. 142. 142. 142. 142. 142. 142.
 142. 142. 142. 142. 142. 142. 142. 142. 142. 142. 142. 142. 142. 142.
 142. 142. 142. 142. 142. 142. 142. 142. 142. 142. 142. 142. 142. 142.
 142. 142. 142. 142. 142. 142.   0. 142. 142. 142. 142. 142. 142. 142.
 142. 142. 142. 142. 142. 142. 142. 142. 142. 142. 142. 142. 142. 142.
 142. 142. 142. 142. 142. 142. 142. 142. 142. 142. 142. 142. 142. 142.
 142. 225. 225. 225. 225. 225. 225. 225. 225. 225. 225. 225. 225. 225.
 225. 225. 225. 225. 225. 225. 225. 225. 225. 225. 225. 225. 225. 225.
 225. 225. 225. 225. 225. 225. 225. 225. 225. 225. 225. 225. 225. 225.
 225. 225. 225. 225. 225. 225. 225. 225. 225. 225. 225. 225. 225. 225.
 225. 225. 225. 225. 225. 225. 225. 225. 225. 225. 225. 225. 225. 225.
 225. 225. 225. 225. 225. 225. 225. 225. 225. 225. 225. 225. 225. 225.
 225. 225. 225. 225. 225. 225. 225. 225. 225. 225. 225. 225. 225. 225.
 225. 225. 225. 225. 225. 225. 225. 225. 225. 225. 225. 225. 225. 225.
 225. 225. 225. 225. 225. 225. 225. 225. 225. 225. 225. 225. 225. 225.
 225. 225. 225. 225. 225. 225. 225. 225. 225. 225. 225. 225. 225. 225.
 225. 225. 225. 225. 225. 225. 225. 225. 225. 225. 225. 225. 225. 225.
 225. 225. 225. 225. 225. 225. 225. 225. 225. 225. 225. 225. 225. 225.
 225. 225. 225. 225. 225. 225. 225.]
Cluster assign [  0.   0.   0.   0.   0.   0.   0.   0.   0.   0.   0.   0.   0.  13.
   0.   0.  13.  13.  13.  13.  13.  13.  13.  13.   0.  13.   0.   0.
   0.   0.   0.  13.   0.  13.  13.  13.  13.  13.  38.  38.  38.  38.
  38.   0.   0.   0.   0.   0.   0.   0.   0.   0.   0.   0.   0.   0.
   0.   0.   0.   0.   0.   0.   0.   0.   0.   0.   0.   0.   0.   0.
   0.   0.   0.   0.   0.   0.   0.   0.   0.   0.   0.   0.   0.   0.
   0.   0.   0.   0.   0.   0.   0.   0.   0.   0.   0.   0.   0.   0.
   0.   0.   0.   0.   0.   0.   0.   0.   0.   0.   0.   0.   0.   0.
   0.   0.   0.   0.   0.   0.   0.   0.   0.   0.   0.   0.   0.   0.
   0.   0.   0.   0.   0.   0.   0.   0.   0.   0.   0.   0.   0.   0.
   0.   0. 142. 142. 142. 142. 142. 142. 142. 142. 142. 142. 142. 142.
 142. 142. 142. 142. 142. 142. 142. 142. 142. 142. 142. 142. 142. 142.
 142. 142. 142. 142. 142. 142. 142. 142. 142. 142. 142. 142. 142. 142.
 142. 142. 184. 184. 184. 184. 184. 184. 184. 184. 142. 142. 142. 142.
 142. 142. 142. 142. 184. 184. 184. 184. 184. 184. 184. 184. 184. 184.
 184. 184. 142. 184. 184. 184. 184. 184. 184. 184. 184. 184. 184. 184.
 184. 225. 225. 225. 225. 225. 225. 225. 225. 225. 225. 225. 225. 225.
 225. 225. 225. 225. 225. 225. 225. 225. 225. 225. 225. 225. 225. 225.
 225. 225. 225. 225. 225. 225. 225. 225. 225. 225. 225. 225. 225. 225.
 225. 225. 225. 225. 225. 225. 225. 225. 225. 225. 225. 225. 225. 225.
 225. 225. 225. 225. 225. 225. 225. 225. 225. 225. 225. 225. 225. 225.
 225. 225. 225. 225. 225. 225. 225. 225. 225. 225. 225. 225. 225. 225.
 225. 225. 225. 225. 225. 225. 225. 225. 225. 225. 225. 225. 225. 225.
 225. 225. 225. 225. 225. 225. 225. 225. 225. 225. 225. 225. 225. 225.
 225. 225. 225. 225. 225. 225. 225. 225. 225. 225. 225. 225. 225. 225.
 225. 225. 225. 225. 225. 225. 225. 225. 225. 225. 225. 225. 225. 225.
 225. 225. 225. 225. 225. 225. 225. 225. 225. 225. 225. 225. 225. 225.
 225. 225. 225. 225. 225. 225. 225. 225. 225. 225. 225. 225. 225. 225.
 225. 225. 225. 225. 225. 225. 225.]
Cluster assign [  0.   0.   0.   0.   0.   0.   0.   0.   0.   0.   0.   0.   0.   0.
   0.   0.   0.   0.   0.   0.   0.   0.  22.  22.   0.  22.  22.  22.
  22.  22.  22.  22.  22.  22.  22.  22.  22.  22.  38.   0.  38.  38.
  38.  38.   0.   0.   0.   0.   0.   0.   0.   0.   0.   0.   0.   0.
   0.   0.   0.   0.   0.   0.   0.   0.   0.   0.   0.   0.   0.   0.
   0.   0.   0.   0.   0.   0.   0.   0.   0.   0.   0.   0.   0.   0.
   0.   0.   0.   0.   0.   0.   0.   0.   0.   0.   0.   0.   0.   0.
   0.   0.   0.   0.   0.   0.   0.   0.   0.   0.   0.   0.   0.   0.
   0.   0.   0.   0.   0.   0.   0.   0.   0.   0.   0.   0.   0.   0.
   0.   0.   0.   0.   0.   0.   0.   0.   0.   0.   0.   0.   0.   0.
   0.   0. 142. 142. 142. 142. 142. 142. 142. 142. 142. 142. 142. 142.
 142. 142. 142. 142. 142. 142. 142. 142. 142. 142. 142. 142. 142. 142.
 142. 142. 142. 142. 142. 142. 142. 142. 142. 142. 142. 142. 142. 142.
 182. 182. 182. 182. 182. 182. 182. 182. 182. 182. 142. 142. 182. 182.
 182. 182. 182. 182. 182. 182. 182. 182. 182. 182. 182. 182. 182. 182.
 182. 182. 182. 182. 182. 182. 182. 182. 182. 182. 182. 182. 182. 182.
 182. 225. 225. 225. 225. 225. 225. 225. 225. 225. 225. 225. 225. 225.
 225. 225. 225. 225. 225. 225. 225. 225. 225. 225. 225. 225. 225. 225.
 225. 225. 225. 225. 225. 225. 225. 225. 225. 225. 225. 225. 225. 225.
 225. 225. 225. 225. 225. 225. 225. 225. 225. 225. 225. 225. 225. 225.
 225. 225. 225. 225. 225. 225. 225. 225. 225. 225. 225. 225. 225. 225.
 225. 225. 225. 225. 225. 225. 225. 225. 225. 225. 225. 225. 225. 225.
 225. 225. 225. 225. 225. 225. 225. 225. 225. 225. 225. 225. 225. 225.
 225. 225. 225. 225. 225. 225. 225. 225. 225. 225. 225. 225. 225. 225.
 225. 225. 225. 225. 225. 225. 225. 225. 225. 225. 225. 225. 225. 225.
 225. 225. 225. 225. 225. 225. 225. 225. 225. 225. 225. 225. 225. 225.
 225. 225. 225. 225. 225. 225. 225. 225. 225. 225. 225. 225. 225. 225.
 225. 225. 225. 225. 225. 225. 225. 225. 225. 225. 225. 225. 225. 225.
 225. 225. 225. 225. 225. 225. 225.]
Cluster assign [  0.   0.   0.   0.   0.   0.   0.   0.   0.   0.   0.   0.   0.  13.
  13.  13.  13.  13.  13.  13.  13.  13.  13.  13.   0.  13.   0.   0.
   0.  13.  13.  13.  13.  13.  13.  13.  13.  13.   0.   0.   0.   0.
   0.   0.   0.   0.   0.   0.   0.   0.   0.   0.   0.   0.   0.   0.
   0.   0.   0.   0.   0.   0.   0.   0.   0.   0.   0.   0.   0.   0.
   0.   0.   0.   0.   0.   0.   0.   0.   0.   0.   0.   0.   0.   0.
   0.   0.   0.   0.   0.   0.   0.   0.   0.   0.   0.   0.   0.   0.
   0.   0.   0.   0.   0.   0.   0.   0.   0.   0.   0.   0.   0.   0.
   0.   0.   0.   0.   0.   0.   0.   0.   0.   0.   0.   0.   0.   0.
   0.   0.   0.   0.   0.   0.   0.   0.   0.   0.   0.   0.   0.   0.
   0.   0. 142. 142. 142. 142. 142. 142. 142. 142. 142. 142. 142. 142.
 142. 142. 142. 142. 142. 142. 142. 142. 142. 142. 142. 142. 142. 142.
 142. 142. 142. 142. 142. 142. 142. 142. 142. 142. 142. 142. 142. 142.
 142. 142. 142. 142. 142. 142. 142. 142. 142. 142. 142. 142. 142. 142.
 142. 142. 142. 142. 142. 142. 142. 142. 142. 142. 142. 142. 142. 142.
 142. 142. 142. 142. 142. 142. 142. 142. 142. 142. 142. 142. 142. 142.
 142. 225. 225. 225. 225. 225. 225. 225. 225. 225. 225. 225. 225. 225.
 225. 225. 225. 225. 225. 225. 225. 225. 225. 225. 225. 225. 225. 225.
 225. 225. 225. 225. 225. 225. 225. 225. 225. 225. 225. 225. 225. 225.
 225. 225. 225. 225. 225. 225. 225. 225. 225. 225. 225. 225. 225. 225.
 225. 225. 225. 225. 225. 225. 225. 225. 225. 225. 225. 225. 225. 225.
 225. 225. 225. 225. 225. 225. 225. 225. 225. 225. 225. 225. 225. 225.
 225. 225. 225. 225. 225. 225. 225. 225. 225. 225. 225. 225. 225. 225.
 225. 225. 225. 225. 225. 225. 225. 225. 225. 225. 225. 225. 225. 225.
 225. 225. 225. 225. 225. 225. 225. 225. 225. 225. 225. 225. 225. 225.
 225. 225. 225. 225. 225. 225. 225. 225. 225. 225. 225. 225. 225. 225.
 225. 225. 225. 225. 225. 225. 225. 225. 225. 225. 225. 225. 225. 225.
 225. 225. 225. 225. 225. 225. 225. 225. 225. 225. 225. 225. 225. 225.
 225. 225. 225. 225. 225. 225. 225.]
Cluster assign [  0.   0.   0.   0.   0.   0.   0.   0.   0.   0.   0.   0.   0.  13.
  13.  13.  13.  13.  13.  13.  13.  13.  13.  13.   0.  13.   0.   0.
   0.  13.  13.  13.  13.  13.  13.  13.  13.  13.   0.   0.   0.   0.
   0.   0.   0.   0.   0.   0.   0.   0.   0.   0.   0.   0.   0.   0.
   0.   0.   0.   0.   0.   0.   0.   0.   0.   0.   0.   0.   0.   0.
   0.   0.   0.   0.   0.   0.   0.   0.   0.   0.   0.   0.   0.   0.
   0.   0.   0.   0.   0.   0.   0.   0.   0.   0.   0.   0.   0.   0.
   0.   0.   0.   0.   0.   0.   0.   0.   0.   0.   0.   0.   0.   0.
   0.   0.   0.   0.   0.   0.   0.   0.   0.   0.   0.   0.   0.   0.
   0.   0.   0.   0.   0.   0.   0.   0.   0.   0.   0.   0.   0.   0.
   0.   0. 142. 142. 142. 142. 142. 142. 142. 142. 142. 142. 142. 142.
 142. 142. 142. 142. 142. 142. 142. 142. 142. 142. 142. 142. 142. 142.
 142. 142. 142. 142. 142. 142. 142. 142. 142. 142. 142. 142. 142. 142.
 142. 142. 142. 142. 142. 142. 142. 142. 142. 142. 142. 142. 142. 142.
 142. 142. 142. 142. 142. 142. 142. 142. 142. 142. 142. 142. 142. 142.
 142. 142. 142. 142. 142. 142. 142. 142. 142. 142. 142. 142. 142. 142.
 142. 225. 225. 225. 225. 225. 225. 225. 225. 225. 225. 225. 225. 225.
 225. 225. 225. 225. 225. 225. 225. 225. 225. 225. 225. 225. 225. 225.
 225. 225. 225. 225. 225. 225. 225. 225. 225. 225. 225. 225. 225. 225.
 225. 225. 225. 225. 225. 225. 225. 225. 225. 225. 225. 225. 225. 225.
 225. 225. 225. 225. 225. 225. 225. 225. 225. 225. 225. 225. 225. 225.
 225. 225. 225. 225. 225. 225. 225. 225. 225. 225. 225. 225. 225. 225.
 225. 225. 225. 225. 225. 225. 225. 225. 225. 225. 225. 225. 225. 225.
 225. 225. 225. 225. 225. 225. 225. 225. 225. 225. 225. 225. 225. 225.
 225. 225. 225. 225. 225. 225. 225. 225. 225. 225. 225. 225. 225. 225.
 225. 225. 225. 225. 225. 225. 225. 225. 225. 225. 225. 225. 225. 225.
 225. 225. 225. 225. 225. 225. 225. 225. 225. 225. 225. 225. 225. 225.
 225. 225. 225. 225. 225. 225. 225. 225. 225. 225. 225. 225. 225. 225.
 225. 225. 225. 225. 225. 225. 225.]
Cluster assign [  0.   0.   0.   0.   0.   0.   0.   0.   0.   0.   0.   0.   0.   0.
   0.   0.   0.   0.   0.   0.   0.   0.   0.   0.   0.   0.   0.   0.
   0.   0.   0.   0.   0.   0.   0.   0.   0.   0.   0.   0.   0.   0.
   0.   0.   0.   0.   0.   0.   0.   0.   0.   0.   0.   0.   0.   0.
   0.   0.   0.   0.   0.   0.   0.   0.   0.   0.   0.   0.   0.   0.
   0.   0.   0.   0.   0.   0.   0.   0.   0.   0.   0.   0.   0.   0.
   0.   0.   0.   0.   0.   0.   0.   0.   0.   0.   0.   0.   0.   0.
   0.   0.   0.   0.   0.   0.   0.   0.   0.   0.   0.   0.   0.   0.
   0.   0.   0.   0.   0.   0.   0.   0.   0.   0.   0.   0.   0.   0.
   0.   0.   0.   0.   0.   0.   0.   0.   0.   0.   0.   0.   0.   0.
   0.   0. 142. 142. 142. 142. 142. 142. 142. 142. 142. 142. 142. 142.
 142. 142. 142. 142. 142. 142. 142. 142. 142. 142. 142. 142. 142. 142.
 142. 142. 142. 142. 142. 142. 142. 142. 142. 142. 142. 142. 142. 142.
 182. 182. 182. 182. 182. 182. 182. 182. 182. 182. 142. 142. 182. 182.
 182. 182. 182. 182. 182. 182. 182. 182. 182. 182. 182. 182. 182. 182.
 182. 182. 182. 182. 182. 182. 182. 182. 182. 182. 182. 182. 182. 182.
 182. 225. 225. 225. 225. 225. 225. 225. 225. 225. 225. 225. 225. 225.
 225. 225. 225. 225. 225. 225. 225. 225. 225. 225. 225. 225. 225. 225.
 225. 225. 225. 225. 225. 225. 225. 225. 225. 225. 225. 225. 225. 225.
 225. 225. 225. 225. 225. 225. 225. 225. 225. 225. 225. 225. 225. 225.
 225. 225. 225. 225. 225. 225. 225. 225. 225. 225. 225. 225. 225. 225.
 225. 225. 225. 225. 225. 225. 225. 225. 225. 225. 225. 225. 225. 225.
 225. 225. 225. 225. 225. 225. 225. 225. 225. 225. 225. 225. 225. 225.
 225. 225. 225. 225. 225. 225. 225. 225. 225. 225. 225. 225. 225. 225.
 225. 225. 225. 225. 225. 225. 225. 225. 225. 225. 225. 225. 225. 225.
 225. 225. 225. 225. 225. 225. 225. 225. 225. 225. 225. 225. 225. 225.
 225. 225. 225. 225. 225. 225. 225. 225. 225. 225. 225. 225. 225. 225.
 225. 225. 225. 225. 225. 225. 225. 225. 225. 225. 225. 225. 225. 225.
 225. 225. 225. 225. 225. 225. 225.]
Cluster assign [  0.   0.   0.   0.   0.   0.   0.   0.   0.   0.   0.   0.   0.   0.
   0.   0.   0.   0.   0.   0.   0.   0.   0.   0.   0.   0.   0.   0.
   0.   0.   0.   0.   0.   0.   0.   0.   0.   0.   0.   0.   0.   0.
   0.   0.   0.   0.   0.   0.   0.   0.   0.   0.   0.   0.   0.   0.
   0.   0.   0.   0.   0.   0.   0.   0.   0.   0.   0.   0.   0.   0.
   0.   0.   0.   0.   0.   0.   0.   0.   0.   0.   0.   0.   0.   0.
   0.   0.   0.   0.   0.   0.   0.   0.   0.   0.   0.   0.   0.   0.
   0.   0.   0.   0.   0.   0.   0.   0.   0.   0.   0.   0.   0.   0.
   0.   0.   0.   0.   0.   0.   0.   0.   0.   0.   0.   0.   0.   0.
   0.   0.   0.   0.   0.   0.   0.   0.   0.   0.   0.   0.   0.   0.
   0.   0. 142. 142. 142. 142. 142. 142. 142. 142. 142. 142. 142. 142.
 142. 142. 142. 142. 142. 142. 142. 142. 142. 142. 142. 142. 142. 142.
 142. 142. 142. 142. 142. 142. 142. 142. 142. 142. 142. 142. 142. 142.
 182. 182. 182. 182. 182. 182. 182. 182. 182. 182. 142. 142. 182. 182.
 182. 182. 182. 182. 182. 182. 182. 182. 182. 182. 182. 182. 182. 182.
 182. 182. 182. 182. 182. 182. 182. 182. 182. 182. 182. 182. 182. 182.
 182. 225. 225. 225. 225. 225. 225. 225. 225. 225. 225. 225. 225. 225.
 225. 225. 225. 225. 225. 225. 225. 225. 225. 225. 225. 225. 225. 225.
 225. 225. 225. 225. 225. 225. 225. 225. 225. 225. 225. 225. 225. 225.
 225. 225. 225. 225. 225. 225. 225. 225. 225. 225. 225. 225. 225. 225.
 225. 225. 225. 225. 225. 225. 225. 225. 225. 225. 225. 225. 225. 225.
 225. 225. 225. 225. 225. 225. 225. 225. 225. 225. 225. 225. 225. 225.
 225. 225. 225. 225. 225. 225. 225. 225. 225. 225. 225. 225. 225. 225.
 225. 225. 225. 225. 225. 225. 225. 225. 225. 225. 225. 225. 225. 225.
 225. 225. 225. 225. 225. 225. 225. 225. 225. 225. 225. 225. 225. 225.
 225. 225. 225. 225. 225. 225. 225. 225. 225. 225. 225. 225. 225. 225.
 225. 225. 225. 225. 225. 225. 225. 225. 225. 225. 225. 225. 225. 225.
 225. 225. 225. 225. 225. 225. 225. 225. 225. 225. 225. 225. 225. 225.
 225. 225. 225. 225. 225. 225. 225.]
Cluster assign [  0.   0.   0.   0.   0.   0.   0.   0.   0.   0.   0.   0.   0.   0.
   0.   0.  16.   0.   0.   0.   0.  16.  16.  16.   0.  16.  16.  16.
  16.  16.  16.  16.  16.  16.  16.  16.  16.  16.  38.  38.  38.  38.
  38.  38.  38.   0.   0.   0.   0.   0.   0.   0.   0.   0.   0.   0.
   0.   0.   0.   0.   0.   0.   0.   0.   0.   0.   0.   0.   0.   0.
   0.   0.   0.   0.   0.   0.   0.   0.   0.   0.   0.   0.   0.   0.
   0.   0.   0.   0.   0.   0.   0.   0.   0.   0.   0.   0.   0.   0.
   0.   0.   0.   0.   0.   0.   0.   0.   0.   0.   0.   0.   0.   0.
   0.   0.   0.   0.   0.   0.   0.   0.   0.   0.   0.   0.   0.   0.
   0.   0.   0.   0.   0.   0.   0.   0.   0.   0.   0.   0.   0.   0.
   0.   0. 142. 142. 142. 142. 142. 142. 142. 142. 142. 142. 142. 142.
 142. 142. 142. 142. 142. 142. 142. 142. 142. 142. 142. 142. 142. 142.
 142. 142. 142. 142. 142. 142. 142. 142. 142. 142. 142. 142. 142. 142.
 182. 182. 182. 182. 182. 182. 182. 182. 182. 182. 142. 142. 182. 182.
 182. 182. 182. 182. 182. 182. 182. 182. 182. 182. 182. 182. 182. 182.
 182. 182. 182. 182. 182. 182. 182. 182. 182. 182. 182. 182. 182. 182.
 182. 225. 225. 225. 225. 225. 225. 225. 225. 225. 225. 225. 225. 225.
 225. 225. 225. 225. 225. 225. 225. 225. 225. 225. 225. 225. 225. 225.
 225. 225. 225. 225. 225. 225. 225. 225. 225. 225. 225. 225. 225. 225.
 225. 225. 225. 225. 225. 225. 225. 225. 225. 225. 225. 225. 225. 225.
 225. 225. 225. 225. 225. 225. 225. 225. 225. 225. 225. 225. 225. 225.
 225. 225. 225. 225. 225. 225. 225. 225. 225. 225. 225. 225. 225. 225.
 225. 225. 225. 225. 225. 225. 225. 225. 225. 225. 225. 225. 225. 225.
 225. 225. 225. 225. 225. 225. 225. 225. 225. 225. 225. 225. 225. 225.
 225. 225. 225. 225. 225. 225. 225. 225. 225. 225. 225. 225. 225. 225.
 225. 225. 225. 225. 225. 225. 225. 225. 225. 225. 225. 225. 225. 225.
 225. 225. 225. 225. 225. 225. 225. 225. 225. 225. 225. 225. 225. 225.
 225. 225. 225. 225. 225. 225. 225. 225. 225. 225. 225. 225. 225. 225.
 225. 225. 225. 225. 225. 225. 225.]
Cluster assign [  0.   0.   0.   0.   0.   0.   0.   0.   0.   0.  13.  13.  13.  13.
  13.  13.  13.  13.  13.  13.  13.  13.  22.  22.   0.  22.  22.  22.
  22.  22.  22.  22.  22.  22.  22.  22.  22.  22.  38.  38.  38.  38.
  38.  38.  38.   0.   0.   0.   0.   0.   0.   0.   0.   0.   0.   0.
   0.   0.   0.   0.   0.   0.   0.   0.   0.   0.   0.   0.   0.   0.
   0.   0.   0.   0.   0.   0.   0.   0.   0.   0.   0.   0.   0.   0.
   0.   0.   0.   0.   0.   0.   0.   0.   0.   0.   0.   0.   0.   0.
   0.   0.   0.   0.   0.   0.   0.   0.   0.   0.   0.   0.   0.   0.
   0.   0.   0.   0.   0.   0.   0.   0.   0.   0.   0.   0.   0.   0.
   0.   0.   0.   0.   0.   0.   0.   0.   0.   0.   0.   0.   0.   0.
   0.   0. 142. 142. 142. 142. 142. 142. 142. 142. 142. 142. 142. 142.
 142. 142. 142. 142. 142. 142. 142. 142. 142. 142. 142. 142. 142. 142.
 142. 142. 142. 142. 142. 142. 142. 142. 142. 142. 142. 142. 142. 142.
 142. 142. 142. 142. 142. 142. 142. 142. 142. 142. 142. 142. 142. 142.
 142. 142. 142. 142. 142. 142. 142. 142. 142. 142. 142. 142. 142. 142.
 142. 142. 142. 142. 142. 142. 142. 142. 142. 142. 142. 142. 142. 142.
 142. 229. 229. 229. 229. 229. 229. 229. 229. 229. 229. 229. 229. 229.
 229. 229. 229. 229. 229. 229. 229. 229. 229. 229. 229. 229. 229. 229.
 229. 229. 229. 229. 229. 229. 229. 229. 229. 229. 229. 229. 229. 229.
 229. 229. 229. 229. 229. 229. 229. 229. 229. 229. 229. 229. 229. 229.
 229. 229. 229. 229. 229. 229. 229. 229. 229. 229. 229. 229. 229. 229.
 229. 229. 229. 229. 229. 229. 229. 229. 229. 229. 229. 229. 229. 229.
 229. 229. 229. 229. 229. 229. 229. 229. 229. 229. 229. 229. 229. 229.
 229. 229. 229. 229. 229. 229. 229. 229. 229. 229. 229. 229. 229. 229.
 229. 229. 229. 229. 229. 229. 229. 229. 229. 229. 229. 229. 229. 229.
 229. 229. 229. 229. 229. 229. 229. 229. 229. 229. 229. 229. 229. 229.
 229. 229. 229. 229. 229. 229. 229. 229. 229. 229. 229. 229. 229. 229.
 229. 229. 229. 229. 229. 229. 229. 229. 229. 229. 229. 229. 229. 229.
 229. 229. 229. 229. 229. 229. 229.]
Cluster assign [  0.   0.   0.   0.   0.   0.   0.   0.   0.   0.   0.   0.   0.   0.
   0.   0.   0.   0.   0.   0.   0.   0.  22.  22.   0.  22.  22.  22.
  22.  22.  22.  22.  22.  22.  22.  22.  22.  22.  22.  22.  22.  22.
  22.  22.  22.   0.   0.   0.   0.   0.   0.   0.   0.   0.   0.   0.
   0.   0.   0.   0.   0.   0.   0.   0.   0.   0.   0.   0.   0.   0.
   0.   0.   0.   0.   0.   0.   0.   0.   0.   0.   0.   0.   0.   0.
   0.   0.   0.   0.   0.   0.   0.   0.   0.   0.   0.   0.   0.   0.
   0.   0.   0.   0.   0.   0.   0.   0.   0.   0.   0.   0.   0.   0.
   0.   0.   0.   0.   0.   0.   0.   0.   0.   0.   0.   0.   0.   0.
   0.   0.   0.   0.   0.   0.   0.   0.   0.   0.   0.   0.   0.   0.
   0.   0. 142. 142. 142. 142. 142. 142. 142. 142. 142. 142. 142. 142.
 142. 142. 142. 142. 142. 142. 142. 142. 142. 142. 142. 142. 142. 142.
 142. 142. 142. 142. 142. 142. 142. 142. 142. 142. 142. 142. 142. 142.
 142. 142. 142. 142. 142. 142. 142. 142. 142. 142. 142. 142. 142. 142.
 142. 142. 142. 142. 142. 142. 142. 142. 142. 142. 142. 142. 142. 142.
 142. 142. 142. 142. 142. 142. 142. 142. 142. 142. 142. 142. 142. 142.
 142. 229. 229. 229. 229. 229. 229. 229. 229. 229. 229. 229. 229. 229.
 229. 229. 229. 229. 229. 229. 229. 229. 229. 229. 229. 229. 229. 229.
 229. 229. 229. 229. 229. 229. 229. 229. 229. 229. 229. 229. 229. 229.
 229. 229. 229. 229. 229. 229. 229. 229. 229. 229. 229. 229. 229. 229.
 229. 229. 229. 229. 229. 229. 229. 229. 229. 229. 229. 229. 229. 229.
 229. 229. 229. 229. 229. 229. 229. 229. 229. 229. 229. 229. 229. 229.
 229. 229. 229. 229. 229. 229. 229. 229. 229. 229. 229. 229. 229. 229.
 229. 229. 229. 229. 229. 229. 229. 229. 229. 229. 229. 229. 229. 229.
 229. 229. 229. 229. 229. 229. 229. 229. 229. 229. 229. 229. 229. 229.
 229. 229. 229. 229. 229. 229. 229. 229. 229. 229. 229. 229. 229. 229.
 229. 229. 229. 229. 229. 229. 229. 229. 229. 229. 229. 229. 229. 229.
 229. 229. 229. 229. 229. 229. 229. 229. 229. 229. 229. 229. 229. 229.
 229. 229. 229. 229. 229. 229. 229.]
Cluster assign [  0.   0.   0.   0.   0.   0.   0.   0.   0.   0.  13.  13.  13.  13.
  13.  13.  13.  13.  13.  13.  13.  13.  22.  22.   0.  22.  22.  22.
  22.  22.  22.  22.  22.  22.  22.  22.  22.  22.  38.  38.  38.  38.
  38.  38.  38.   0.   0.   0.   0.   0.   0.   0.   0.   0.   0.   0.
   0.   0.   0.   0.   0.   0.   0.   0.   0.   0.   0.   0.   0.   0.
   0.   0.   0.   0.   0.   0.   0.   0.   0.   0.   0.   0.   0.   0.
   0.   0.   0.   0.   0.   0.   0.   0.   0.   0.   0.   0.   0.   0.
   0.   0.   0.   0.   0.   0.   0.   0.   0.   0.   0.   0.   0.   0.
   0.   0.   0.   0.   0.   0.   0.   0.   0.   0.   0.   0.   0.   0.
   0.   0.   0.   0.   0.   0.   0.   0.   0.   0.   0.   0.   0.   0.
   0.   0. 142. 142. 142. 142. 142. 142. 142. 142. 142. 142. 142. 142.
 142. 142. 142. 142. 142. 142. 142. 142. 142. 142. 142. 142. 142. 142.
 142. 142. 142. 142. 142. 142. 142. 142. 142. 142. 142. 142. 142. 142.
 142. 142. 142. 142. 142. 142. 142. 142. 142. 142. 142. 142. 142. 142.
 142. 142. 142. 142. 142. 142. 142. 142. 142. 142. 142. 142. 142. 142.
 142. 142. 142. 142. 142. 142. 142. 142. 142. 142. 142. 142. 142. 142.
 142. 229. 229. 229. 229. 229. 229. 229. 229. 229. 229. 229. 229. 229.
 229. 229. 229. 229. 229. 229. 229. 229. 229. 229. 229. 229. 229. 229.
 229. 229. 229. 229. 229. 229. 229. 229. 229. 229. 229. 229. 229. 229.
 229. 229. 229. 229. 229. 229. 229. 229. 229. 229. 229. 229. 229. 229.
 229. 229. 229. 229. 229. 229. 229. 229. 229. 229. 229. 229. 229. 229.
 229. 229. 229. 229. 229. 229. 229. 229. 229. 229. 229. 229. 229. 229.
 229. 229. 229. 229. 229. 229. 229. 229. 229. 229. 229. 229. 229. 229.
 229. 229. 229. 229. 229. 229. 229. 229. 229. 229. 229. 229. 229. 229.
 229. 229. 229. 229. 229. 229. 229. 229. 229. 229. 229. 229. 229. 229.
 229. 229. 229. 229. 229. 229. 229. 229. 229. 229. 229. 229. 229. 229.
 229. 229. 229. 229. 229. 229. 229. 229. 229. 229. 229. 229. 229. 229.
 229. 229. 229. 229. 229. 229. 229. 229. 229. 229. 229. 229. 229. 229.
 229. 229. 229. 229. 229. 229. 229.]
Cluster assign [  0.   0.   0.   0.   0.   0.   0.   0.   0.   0.   0.   0.   0.   0.
   0.   0.   0.   0.   0.   0.   0.   0.  22.  22.   0.  22.  22.  22.
  22.  22.  22.  22.  22.  22.  22.  22.  22.  22.  38.   0.  38.  38.
  38.  38.   0.   0.   0.   0.   0.   0.   0.   0.   0.   0.   0.   0.
   0.   0.   0.   0.   0.   0.   0.   0.   0.   0.   0.   0.   0.   0.
   0.   0.   0.   0.   0.   0.   0.   0.   0.   0.   0.   0.   0.   0.
   0.   0.   0.   0.   0.   0.   0.   0.   0.   0.   0.   0.   0.   0.
   0.   0.   0.   0.   0.   0.   0.   0.   0.   0.   0.   0.   0.   0.
   0.   0.   0.   0.   0.   0.   0.   0.   0.   0.   0.   0.   0.   0.
   0.   0.   0.   0.   0.   0.   0.   0.   0.   0.   0.   0.   0.   0.
   0.   0. 142. 142. 142. 142. 142. 142. 142. 142. 142. 142. 142. 142.
 142. 142. 142. 142. 142. 142. 142. 142. 142. 142. 142. 142. 142. 142.
 142. 142. 142. 142. 142. 142. 142. 142. 142. 142. 142. 142. 142. 142.
 182. 182. 182. 182. 182. 182. 182. 182. 182. 182. 142. 142. 182. 182.
 182. 182. 182. 182. 182. 182. 182. 182. 182. 182. 182. 182. 182. 182.
 182. 182. 182. 182. 182. 182. 182. 182. 182. 182. 182. 182. 182. 182.
 182. 225. 225. 225. 225. 225. 225. 225. 225. 225. 225. 225. 225. 225.
 225. 225. 225. 225. 225. 225. 225. 225. 225. 225. 225. 225. 225. 225.
 225. 225. 225. 225. 225. 225. 225. 225. 225. 225. 225. 225. 225. 225.
 225. 225. 225. 225. 225. 225. 225. 225. 225. 225. 225. 225. 225. 225.
 225. 225. 225. 225. 225. 225. 225. 225. 225. 225. 225. 225. 225. 225.
 225. 225. 225. 225. 225. 225. 225. 225. 225. 225. 225. 225. 225. 225.
 225. 225. 225. 225. 225. 225. 225. 225. 225. 225. 225. 225. 225. 225.
 225. 225. 225. 225. 225. 225. 225. 225. 225. 225. 225. 225. 225. 225.
 225. 225. 225. 225. 225. 225. 225. 225. 225. 225. 225. 225. 225. 225.
 225. 225. 225. 225. 225. 225. 225. 225. 225. 225. 225. 225. 225. 225.
 225. 225. 225. 225. 225. 225. 225. 225. 225. 225. 225. 225. 225. 225.
 225. 225. 225. 225. 225. 225. 225. 225. 225. 225. 225. 225. 225. 225.
 225. 225. 225. 225. 225. 225. 225.]
Cluster assign [  0.   0.   0.   0.   0.   0.   0.   0.   0.   0.   0.   0.   0.   0.
   0.   0.  16.   0.   0.   0.   0.  16.  16.  16.   0.  16.  16.  16.
  16.  16.  16.  16.  16.  16.  16.  16.  16.  16.  38.  38.  38.  38.
  38.  38.  38.   0.   0.   0.   0.   0.   0.   0.   0.   0.   0.   0.
   0.   0.   0.   0.   0.   0.   0.   0.   0.   0.   0.   0.   0.   0.
   0.   0.   0.   0.   0.   0.   0.   0.   0.   0.   0.   0.   0.   0.
   0.   0.   0.   0.   0.   0.   0.   0.   0.   0.   0.   0.   0.   0.
   0.   0.   0.   0.   0.   0.   0.   0.   0.   0.   0.   0.   0.   0.
   0.   0.   0.   0.   0.   0.   0.   0.   0.   0.   0.   0.   0.   0.
   0.   0.   0.   0.   0.   0.   0.   0.   0.   0.   0.   0.   0.   0.
   0.   0. 142. 142. 142. 142. 142. 142. 142. 142. 142. 142. 142. 142.
 142. 142. 142. 142. 142. 142. 142. 142. 142. 142. 142. 142. 142. 142.
 142. 142. 142. 142. 142. 142. 142. 142. 142. 142. 142. 142. 142. 142.
 182. 182. 182. 182. 182. 182. 182. 182. 182. 182. 142. 142. 182. 182.
 182. 182. 182. 182. 182. 182. 182. 182. 182. 182. 182. 182. 182. 182.
 182. 182. 182. 182. 182. 182. 182. 182. 182. 182. 182. 182. 182. 182.
 182. 225. 225. 225. 225. 225. 225. 225. 225. 225. 225. 225. 225. 225.
 225. 225. 225. 225. 225. 225. 225. 225. 225. 225. 225. 225. 225. 225.
 225. 225. 225. 225. 225. 225. 225. 225. 225. 225. 225. 225. 225. 225.
 225. 225. 225. 225. 225. 225. 225. 225. 225. 225. 225. 225. 225. 225.
 225. 225. 225. 225. 225. 225. 225. 225. 225. 225. 225. 225. 225. 225.
 225. 225. 225. 225. 225. 225. 225. 225. 225. 225. 225. 225. 225. 225.
 225. 225. 225. 225. 225. 225. 225. 225. 225. 225. 225. 225. 225. 225.
 225. 225. 225. 225. 225. 225. 225. 225. 225. 225. 225. 225. 225. 225.
 225. 225. 225. 225. 225. 225. 225. 225. 225. 225. 225. 225. 225. 225.
 225. 225. 225. 225. 225. 225. 225. 225. 225. 225. 225. 225. 225. 225.
 225. 225. 225. 225. 225. 225. 225. 225. 225. 225. 225. 225. 225. 225.
 225. 225. 225. 225. 225. 225. 225. 225. 225. 225. 225. 225. 225. 225.
 225. 225. 225. 225. 225. 225. 225.]
Cluster assign [  0.   0.   0.   0.   0.   0.   0.   0.   0.   0.  10.  10.  10.  10.
  10.  10.  10.  10.  10.  10.  10.  10.  22.  22.   0.  22.  22.  22.
  22.  22.  22.  22.  22.  22.  22.  22.  22.  22.  38.  38.  38.  38.
  38.  38.  38.   0.   0.   0.   0.   0.   0.   0.   0.   0.   0.   0.
   0.   0.   0.   0.   0.   0.   0.   0.   0.   0.   0.   0.   0.   0.
   0.   0.   0.   0.   0.   0.   0.   0.   0.   0.   0.   0.   0.   0.
   0.   0.   0.   0.   0.   0.   0.   0.   0.   0.   0.   0.   0.   0.
   0.   0.   0.   0.   0.   0.   0.   0.   0.   0.   0.   0.   0.   0.
   0.   0.   0.   0.   0.   0.   0.   0.   0.   0.   0.   0.   0.   0.
   0.   0.   0.   0.   0.   0.   0.   0.   0.   0.   0.   0.   0.   0.
   0.   0. 142. 142. 142. 142. 142. 142. 142. 142. 142. 142. 142. 142.
 142. 142. 142. 142. 142. 142. 142. 142. 142. 142. 142. 142. 142. 142.
 142. 142. 142. 142. 142. 142. 142. 142. 142. 142. 142. 142. 142. 142.
 142. 142. 142. 142. 142. 142. 142. 142. 142. 142. 142. 142. 142. 142.
 142. 142. 142. 142. 142. 142. 142. 142. 142. 142. 142. 142. 142. 142.
 142. 142. 142. 142. 142. 142. 142. 142. 142. 142. 142. 142. 142. 142.
 142. 225. 225. 225. 225. 225. 225. 225. 225. 225. 225. 225. 225. 225.
 225. 225. 225. 225. 225. 225. 225. 225. 225. 225. 225. 225. 225. 225.
 225. 225. 225. 225. 225. 225. 225. 225. 225. 225. 225. 225. 225. 225.
 225. 225. 225. 225. 225. 225. 225. 225. 225. 225. 225. 225. 225. 225.
 225. 225. 225. 225. 225. 225. 225. 225. 225. 225. 225. 225. 225. 225.
 225. 225. 225. 225. 225. 225. 225. 225. 225. 225. 225. 225. 225. 225.
 225. 225. 225. 225. 225. 225. 225. 225. 225. 225. 225. 225. 225. 225.
 225. 225. 225. 225. 225. 225. 225. 225. 225. 225. 225. 225. 225. 225.
 225. 225. 225. 225. 225. 225. 225. 225. 225. 225. 225. 225. 225. 225.
 225. 225. 225. 225. 225. 225. 225. 225. 225. 225. 225. 225. 225. 225.
 225. 225. 225. 225. 225. 225. 225. 225. 225. 225. 225. 225. 225. 225.
 225. 225. 225. 225. 225. 225. 225. 225. 225. 225. 225. 225. 225. 225.
 225. 225. 225. 225. 225. 225. 225.]
Cluster assign [0 0 0 0 0 0 0 0 0 0 0 0 0 0 0 0 0 0 0 0 0 0 0 0 0 0 0 0 0 0 0 0 0 0 0 0 0
 0 0 0 0 0 0 0 0 0 0 0 0 0 0 0 0 0 0 0 0 0 0 0 0 0 0 0 0 0 0 0 0 0 0 0 0 0
 0 0 0 0 0 0 0 0 0 0 0 0 0 0 0 0 0 0 0 0 0 0 0 0 0 0 0 0 0 0 0 0 0 0 0 0 0
 0 0 0 0 0 0 0 0 0 0 0 0 0 0 0 0 0 0 0 0 0 0 0 0 0 0 0 0 0 0 0 0 0 0 0 0 0
 0 0 0 0 0 0 0 0 0 0 0 0 0 0 0 0 0 0 0 0 0 0 0 0 0 0 0 0 0 0 0 0 0 0 0 0 0
 0 0 0 0 0 0 0 0 0 0 0 0 0 0 0 0 0 0 0 0 0 0 0 0 0 0 0 0 0 0 0 0 0 0 0 0 0
 0 0 0 0 0 0 0 0 0 0 0 0 0 0 0 0 0 0 0 0 0 0 0 0 0 0 0 0 0 0 0 0 0 0 0 0 0
 0 0 0 0 0 0 0 0 0 0 0 0 0 0 0 0 0 0 0 0 0 0 0 0 0 0 0 0 0 0 0 0 0 0 0 0 0
 0 0 0 0 0 0 0 0 0 0 0 0 0 0 0 0 0 0 0 0 0 0 0 0 0 0 0 0 0 0 0 0 0 0 0 0 0
 0 0 0 0 0 0 0 0 0 0 0 0 0 0 0 0 0 0 0 0 0 0 0 0 0 0 0 0 0 0 0 0 0 0 0 0 0
 0 0 0 0 0 0 0 0 0 0 0 0 0 0 0 0 0 0 0 0 0 0 0 0 0 0 0 0 0]
