Cluster assign [  0.   0.   0.   0.   0.   0.   0.   0.   0.   0.   0.   0.   0.   0.
   0.   0.   0.   0.   0.   0.   0.   0.   0.  23.   0.   0.   0.   0.
   0.   0.   0.   0.   0.   0.   0.   0.   0.   0.   0.  23.  40.  40.
  40.  40.  40.  40.  40.  40.  40.  40.  40.  51.  40.  40.  40.  40.
  40.  40.  40.  40.  40.  40.  40.  40.  40.  51.  40.  40.  51.  40.
  40.  40.  40.  40.  40.  40.  40.  40.  40.  40.  80.  80.  80.  80.
  80.  80.  80.  80.  80.  80.  80.  80.  80.  80.  80.  80.  80.  80.
  80.  80.  80.  80.  80.  80.  80.  80.  80.  80.  80.  80.  80. 111.
  80.  80.  80.  80.  80.  80.  80.  80.  80.  80.  80.  80.  80.  80.
  80.  80.  80.  80.  80.  80.  80.  80.  80.  80.  80.  80.  80.  80.
  80.  80.  80.  80.  80.  80.  80.  80.  80.  80.  80.  80.  80.  80.
  80.  80.  80.  80.  80.  80.  80.  80.  80.  80.  80.  80.  80.  80.
  80.  80.  80.  80.  80.  80.  80.  80.  80.  80.  80.  80.  80.  80.
  80.  80.  80.  80.  80.  80.  80.  80.  80.  80.  80.  80.  80.  80.
  80.  80.  80.  80.  80.  80.  80.  80.  80.  80.  80.  80.  80.  80.
  80.  80.  80.  80.  80.  80.  80.  80.  80.  80.  80.  80.  80.  80.
  80.  80.  80.  80.  80.  80.  80.  80.  80.  80.  80.  80.  80.  80.
  80.  80.  80.  80.  80.  80.  80.  80.  80.  80.  80.  80.  80.  80.
  80.  80.  80.  80.  80.  80.  80.  80.  80.  80.  80.  80.  80.  80.
  80.  80.  80.  80.  80.  80.  80.  80.  80.  80.  80.  80.  80.  80.
  23.  23.  23.  23.  23.  23.  23.  23.  23.  23.  23.  23.  23.  23.
  23.  23.  23.  23.  23.  23.  23.  23.  23.  23.  23.  23.  23.  23.
  23.  23.  23.  23.  23.  23.  23.  23.  23.  23.  23.  23. 320. 320.
 320. 320. 320. 320. 320. 320. 320. 320. 320. 320. 320. 320. 320. 320.
 320. 320. 320. 320. 320. 320. 320. 320. 320. 320. 320. 320. 320. 320.
 320. 320. 320. 320. 320. 320. 320. 320. 320. 320. 360. 360. 360. 360.
 360. 360. 360. 360. 360. 360. 360. 360. 360. 360. 360. 360. 360. 360.
 360. 360. 360. 360. 360. 360. 360. 360. 360. 360. 360. 360. 360. 360.
 360. 360. 360. 360. 360. 360. 360. 360. 400. 400. 400. 400. 400. 400.
 400. 400. 400. 400. 400. 400. 400. 400. 400. 400. 400. 400. 400. 400.
 400. 400. 400. 400. 400. 400. 400. 400. 400. 400. 400. 400. 400. 400.
 400. 400. 400. 400. 400. 400. 440. 440. 440. 440. 440. 440. 440. 440.
 440. 440. 440. 440. 440. 440. 440. 440. 440. 440. 440. 440. 440. 440.
 440. 440. 440. 440. 440. 440. 440. 440. 440. 440. 440. 440. 440. 440.
 440. 440. 440. 479. 480. 480. 480. 480. 480. 480. 480. 480. 480. 480.
 480. 480. 480. 480. 480. 480. 480. 480. 480. 480. 480. 480. 480. 480.
 480. 480. 480. 480. 480. 480. 480. 480. 480. 480. 480. 480. 480. 480.
 480. 480. 520. 520. 520. 520. 520. 520. 520. 520. 520. 520. 520. 520.
 520. 520. 520. 520. 520. 520. 520. 520. 520. 520. 520. 520. 520. 520.
 520. 520. 520. 520. 550. 520. 520. 520. 520. 520. 520. 520. 520. 520.
 560. 560. 560. 560. 560. 560. 560. 560. 560. 560. 560. 560. 560. 560.
 560. 560. 560. 560. 560. 560. 560. 560. 560. 560. 560. 560. 560. 560.
 560. 560. 560. 560. 560. 560. 560. 560. 560. 560. 560. 560.]
Cluster assign [ 6  6  6  6  6  6  6  9  6 10  6  6  6  6  6  6  6  6  6  6  6  6  6  6
  6  6  6  6  6  6  6  6  6  6  6  6  6  6  6  9  6  6  6  6 10 10  6  7
  4 10  4  6  6  6 10  6  6  3  4  4  7  4 10  6  6  6  4  6  6 10  3  6
 10  4 10  6  6 10  6  6  9  9  9  9  7  7  7  9  9  9  6  7  7  7  6  9
  7  7  7  9  7  9  6  7  7  7  7  9  7  6  9  6  9  6  7  6  7  7  7  6
  8  6 10  9 10 10 10 10  6 10 10  7  4  4 10 10  6 10 10 10  4  8  4 10
  6 10 10 10  6  8  8 10 10 10 10 10 10  6  6 10  8  8  8  8  8  9  8  8
  4  8  8  8  9 10  8  8  8  8  8  8  8  8  8  8  9  8  9  8  9  8  9 10
  8  8  9  9  8  8  8  8 10 14 10 10 14 14 14 14 14 10 14  4 10  4 14 14
  4  4  4 10 10 14 10 10  3 14  4 10 14 14 10 10 10  4 10  4 14 10 14 10
 10 10  4  4  8 14  4  4  4  4  8  8  4 10  8  8  4 10  8  4 10  4  4 10
  4  4  4  8  8  4  8  4  8  6  4  8  4  8  4  8  4  3 10  3  3  3  3  3
  3 14 10  3  6  7  3  6  3  3  3  3  3 14  3  4  4  6  3  3  3  3  4  3
 10  3  3  7 10 14 10  3 13 13 11 13 13 13 13 13 13 11 11 13 11 13 13 13
 13 11 11 13 13 13 13 13 13 13 13 13 13 13 11 13 13 11 11 11 11 13 11 13
  3  3  9  3  9  3  3  3  3  3  9  9  3  3 14  3 14  3  9 14  3  3  3  3
  3  3  9  3  3  9  9  9  9  9  3 14  9 14  3  3  0  0  0  0  0  0  0  0
  0  0  0  0  0  0  0  0  0  0  0  0  0  0  0  0  0  0  0  0  0  0  0  0
  0  0  0  0  0  0  0  0  1  1  1  1  1  1  1  1  1  1  1  1  1  1  1  1
  1  1  1  1  1  1  1  1  1  1  1  1  1  1  1  1  1  1  1  1  1  1  1  1
 12 12 12 12 12 12 12 12 12 12 12 12 12 12 12 12 12 12 12 12 14 12 12 12
 12 12 12 12 12 12 14 12 12 12 12 12 12 12 12 12  2  2  2  2  2  2  2  2
  2  2  2  2  2  2  2  2  2  2  2  2  2  2  2  2  2  2  2  2  2  2  2  2
  2  2  2  2  2  2  2  2  5  5  5  5  5  5  5  5  5  5  5  5  5  5  5  5
  5  5  5  5  5  5  5  5  5  5  5  5  5  5  5  5  5  5  5  5  5  5  5  5]
Cluster assign [  0.   0.   0.   0.   0.   0.   0.   0.   0.   0.   0.   0.   0.   0.
   0.   0.   0.   0.   0.   0.   0.   0.   0.  23.   0.   0.   0.   0.
   0.   0.   0.   0.   0.   0.   0.   0.   0.   0.   0.  23.  40.  40.
  40.  40.  40.  40.  40.  40.  40.  40.  40.  40.  40.  40.  40.  40.
  40.  40.  40.  40.  40.  40.  40.  40.  40.  40.  40.  40.  40.  40.
  40.  40.  40.  40.  40.  40.  40.  40.  40.  40.  40.  40.  40.  40.
  40.  40.  40.  40.  40.  40.  40.  40.  40.  40.  40.  40.  40.  40.
  40.  40.  40.  40.  40.  40.  40.  40.  40.  40.  40.  40.  40. 111.
  40.  40.  40.  40.  40.  40.  40.  40. 120. 120. 120. 120. 120. 120.
 126.  40. 120. 120. 120. 120. 120. 120. 120. 120. 120. 120. 120. 120.
 120. 120. 120. 126. 120. 120. 120. 120. 120. 120. 120. 120. 120. 120.
 120. 120. 120. 120. 120.  40. 126. 126. 126. 126. 126. 126. 126. 126.
 126. 126. 126. 126. 126. 126. 126. 126. 126. 126. 126. 126. 126. 126.
 126. 183. 126. 126. 126. 126. 126. 126. 126. 126. 126. 126. 126. 126.
 126. 126. 126. 126. 183. 183. 183. 183. 183. 183. 183. 183. 183. 183.
 183. 183. 183. 183. 183. 183. 183. 183. 183. 183. 183. 183. 183. 183.
 183. 183. 183. 183. 183. 183. 183. 183. 183. 183. 183. 183. 183. 183.
 183. 183. 240. 240. 240. 240. 240. 183. 240. 240. 240. 240. 240. 240.
 240. 240. 240. 240. 240. 240. 240. 240. 240. 240. 240. 240. 240. 240.
 240. 240. 240. 240. 240. 240. 240. 240. 240. 240. 240. 240. 240. 240.
  23.  23.  23.  23.  23.  23.  23.  23.  23.  23.  23.  23.  23.  23.
  23.  23.  23.  23.  23.  23.  23.  23.  23.  23.  23.  23.  23.  23.
  23.  23.  23.  23.  23.  23.  23.  23.  23.  23.  23.  23. 320. 320.
 320. 320. 320. 320. 320. 320. 320. 320. 320. 320. 320. 320. 320. 320.
 320. 320. 320. 320. 320. 320. 320. 320. 320. 320. 320. 320. 320. 320.
 320. 320. 320. 320. 320. 320. 320. 320. 320. 320. 360. 360. 360. 360.
 360. 360. 360. 360. 360. 360. 360. 360. 360. 360. 360. 360. 360. 360.
 360. 360. 360. 360. 360. 360. 360. 360. 360. 360. 360. 360. 360. 360.
 360. 360. 360. 360. 360. 360. 360. 360. 400. 400. 400. 400. 400. 400.
 400. 400. 400. 400. 400. 400. 400. 400. 400. 400. 400. 400. 400. 400.
 400. 400. 400. 400. 400. 400. 400. 400. 400. 400. 400. 400. 400. 400.
 400. 400. 400. 400. 400. 400. 440. 440. 440. 440. 440. 440. 440. 440.
 440. 440. 440. 440. 440. 440. 440. 440. 440. 440. 440. 440. 440. 440.
 440. 440. 440. 440. 440. 440. 440. 440. 440. 440. 440. 440. 440. 440.
 440. 440. 440. 440. 480. 480. 480. 480. 480. 480. 480. 480. 480. 480.
 480. 480. 480. 480. 480. 480. 480. 480. 480. 480. 480. 480. 480. 480.
 480. 480. 480. 480. 480. 480. 480. 480. 480. 480. 480. 480. 480. 480.
 480. 480. 520. 520. 520. 520. 520. 520. 520. 520. 520. 520. 520. 520.
 520. 520. 520. 520. 520. 520. 520. 520. 520. 520. 520. 520. 520. 520.
 520. 520. 520. 520. 520. 520. 520. 520. 520. 520. 520. 520. 520. 520.
 560. 560. 560. 560. 560. 560. 560. 560. 560. 560. 560. 560. 560. 560.
 560. 560. 560. 560. 560. 560. 560. 560. 560. 560. 560. 560. 560. 560.
 560. 560. 560. 560. 560. 560. 560. 560. 560. 560. 560. 560.]
Cluster assign [  0.   0.   0.   0.   0.   0.   0.   0.   0.   0.   0.   0.   0.   0.
   0.   0.   0.   0.   0.   0.   0.   0.   0.   0.   0.   0.   0.   0.
   0.   0.   0.   0.   0.   0.   0.   0.   0.   0.   0.   0.  40.  40.
  40.  40.  40.  40.  40.  40.  40.  40.  40.  40.  40.  40.  40.  40.
  40.  40.  40.  40.  40.  40.  40.  40.  40.  40.  40.  40.  40.  40.
  40.  40.  40.  40.  40.  40.  40.  40.  40.  40.  80.  80.  80.  80.
  80.  80.  80.  80.  80.  80.  80.  80.  80.  80.  80.  80.  80.  80.
  80.  80.  80.  80.  80.  80.  80.  80.  80.  80.  80.  80.  80.  80.
  80.  80.  80.  80.  80.  80.  80.  80. 120. 120. 120. 120. 120. 120.
 120.  80. 120. 120. 120. 120. 120. 120. 120. 120. 120. 120. 120. 120.
 120. 120. 120. 120. 120. 120. 120. 120. 120. 120. 120. 120. 120. 120.
 120. 120. 120. 120. 120.  80. 160. 160. 160. 160. 160. 160. 160. 160.
 160. 160. 160. 160. 160. 160. 160. 160. 160. 160. 160. 160. 160. 160.
 160. 160. 160. 160. 160. 160. 160. 160. 160. 160. 160. 160. 160. 160.
 160. 160. 160. 160. 200. 200. 200. 200. 200. 200. 200. 200. 200. 200.
 200. 200. 200. 200. 200. 200. 200. 200. 200. 200. 200. 200. 200. 200.
 200. 200. 200. 200. 200. 200. 200. 200. 200. 200. 200. 200. 200. 200.
 200. 200. 240. 240. 240. 240. 240. 200. 240. 240. 240. 240. 240. 240.
 240. 240. 240. 240. 240. 240. 240. 240. 240. 240. 240. 240. 240. 240.
 240. 240. 240. 240. 240. 240. 240. 240. 240. 240. 240. 240. 240. 240.
 280. 280. 280. 280. 280. 280. 280. 280. 280. 280. 280. 280. 280. 280.
 280. 280. 280. 280. 280. 280. 280. 280. 280. 280. 280. 280. 280. 280.
 280. 280. 280. 280. 280. 280. 280. 280. 280. 280. 280. 280. 320. 320.
 320. 320. 320. 320. 320. 320. 320. 320. 320. 320. 320. 320. 320. 320.
 320. 320. 320. 320. 320. 320. 320. 320. 320. 320. 320. 320. 320. 320.
 320. 320. 320. 320. 320. 320. 320. 320. 320. 320. 360. 360. 360. 360.
 360. 360. 360. 360. 360. 360. 360. 360. 360. 360. 360. 360. 360. 360.
 360. 360. 360. 360. 360. 360. 360. 360. 360. 360. 360. 360. 360. 360.
 360. 360. 360. 360. 360. 360. 360. 360. 400. 400. 400. 400. 400. 400.
 400. 400. 400. 400. 400. 400. 400. 400. 400. 400. 400. 400. 400. 400.
 400. 400. 400. 400. 400. 400. 400. 400. 400. 400. 400. 400. 400. 400.
 400. 400. 400. 400. 400. 400. 440. 440. 440. 440. 440. 440. 440. 440.
 440. 440. 440. 440. 440. 440. 440. 440. 440. 440. 440. 440. 440. 440.
 440. 440. 440. 440. 440. 440. 440. 440. 440. 440. 440. 440. 440. 440.
 440. 440. 440. 440. 480. 480. 480. 480. 480. 480. 480. 480. 480. 480.
 480. 480. 480. 480. 480. 480. 480. 480. 480. 480. 480. 480. 480. 480.
 480. 480. 480. 480. 480. 480. 480. 480. 480. 480. 480. 480. 480. 480.
 480. 480. 520. 520. 520. 520. 520. 520. 520. 520. 520. 520. 520. 520.
 520. 520. 520. 520. 520. 520. 520. 520. 520. 520. 520. 520. 520. 520.
 520. 520. 520. 520. 520. 520. 520. 520. 520. 520. 520. 520. 520. 520.
 560. 560. 560. 560. 560. 560. 560. 560. 560. 560. 560. 560. 560. 560.
 560. 560. 560. 560. 560. 560. 560. 560. 560. 560. 560. 560. 560. 560.
 560. 560. 560. 560. 560. 560. 560. 560. 560. 560. 560. 560.]
Cluster assign [  0.   0.   0.   0.   0.   0.   0.   0.   0.   0.   0.   0.   0.   0.
   0.   0.   0.   0.   0.   0.   0.   0.   0.   0.   0.   0.   0.   0.
   0.   0.   0.   0.   0.   0.   0.   0.   0.   0.   0.   0.  40.  40.
  40.  40.  40.  40.  40.  40.  40.  40.  40.  40.  40.  40.  40.  40.
  40.  40.  40.  40.  40.  40.  40.  40.  40.  40.  40.  40.  40.  40.
  40.  40.  40.  40.  40.  40.  40.  40.  40.  40.  80.  80.  80.  80.
  80.  80.  80.  80.  80.  80.  80.  80.  80.  80.  80.  80.  80.  80.
  80.  80.  80.  80.  80.  80.  80.  80.  80.  80.  80.  80.  80.  80.
  80.  80.  80.  80.  80.  80.  80.  80. 120. 120. 120. 120. 120. 120.
 120.  80. 120. 120. 120. 120. 120. 120. 120. 120. 120. 120. 120. 120.
 120. 120. 120. 120. 120. 120. 120. 120. 120. 120. 120. 120. 120. 120.
 120. 120. 120. 120. 120.  80. 160. 160. 160. 160. 160. 160. 160. 160.
 160. 160. 160. 160. 160. 160. 160. 160. 160. 160. 160. 160. 160. 160.
 160. 160. 160. 160. 160. 160. 160. 160. 160. 160. 160. 160. 160. 160.
 160. 160. 160. 160. 200. 200. 200. 200. 200. 200. 200. 200. 200. 200.
 200. 200. 200. 200. 200. 200. 200. 200. 200. 200. 200. 200. 200. 200.
 200. 200. 200. 200. 200. 200. 200. 200. 200. 200. 200. 200. 200. 200.
 200. 200. 240. 240. 240. 240. 240. 200. 240. 240. 240. 240. 240. 240.
 240. 240. 240. 240. 240. 240. 240. 240. 240. 240. 240. 240. 240. 240.
 240. 240. 240. 240. 240. 240. 240. 240. 240. 240. 240. 240. 240. 240.
 280. 280. 280. 280. 280. 280. 280. 280. 280. 280. 280. 280. 280. 280.
 280. 280. 280. 280. 280. 280. 280. 280. 280. 280. 280. 280. 280. 280.
 280. 280. 280. 280. 280. 280. 280. 280. 280. 280. 280. 280. 320. 320.
 320. 320. 320. 320. 320. 320. 320. 320. 320. 320. 320. 320. 320. 320.
 320. 320. 320. 320. 320. 320. 320. 320. 320. 320. 320. 320. 320. 320.
 320. 320. 320. 320. 320. 320. 320. 320. 320. 320. 360. 360. 360. 360.
 360. 360. 360. 360. 360. 360. 360. 360. 360. 360. 360. 360. 360. 360.
 360. 360. 360. 360. 360. 360. 360. 360. 360. 360. 360. 360. 360. 360.
 360. 360. 360. 360. 360. 360. 360. 360. 400. 400. 400. 400. 400. 400.
 400. 400. 400. 400. 400. 400. 400. 400. 400. 400. 400. 400. 400. 400.
 400. 400. 400. 400. 400. 400. 400. 400. 400. 400. 400. 400. 400. 400.
 400. 400. 400. 400. 400. 400. 440. 440. 440. 440. 440. 440. 440. 440.
 440. 440. 440. 440. 440. 440. 440. 440. 440. 440. 440. 440. 440. 440.
 440. 440. 440. 440. 440. 440. 440. 440. 440. 440. 440. 440. 440. 440.
 440. 440. 440. 440. 480. 480. 480. 480. 480. 480. 480. 480. 480. 480.
 480. 480. 480. 480. 480. 480. 480. 480. 480. 480. 480. 480. 480. 480.
 480. 480. 480. 480. 480. 480. 480. 480. 480. 480. 480. 480. 480. 480.
 480. 480. 520. 520. 520. 520. 520. 520. 520. 520. 520. 520. 520. 520.
 520. 520. 520. 520. 520. 520. 520. 520. 520. 520. 520. 520. 520. 520.
 520. 520. 520. 520. 520. 520. 520. 520. 520. 520. 520. 520. 520. 520.
 560. 560. 560. 560. 560. 560. 560. 560. 560. 560. 560. 560. 560. 560.
 560. 560. 560. 560. 560. 560. 560. 560. 560. 560. 560. 560. 560. 560.
 560. 560. 560. 560. 560. 560. 560. 560. 560. 560. 560. 560.]
Cluster assign [  0.   0.   0.   0.   0.   0.   0.   0.   0.   0.   0.   0.   0.   0.
   0.   0.   0.   0.   0.   0.   0.   0.   0.  23.   0.   0.   0.   0.
   0.   0.   0.   0.   0.   0.   0.   0.   0.   0.   0.  23.  40.  40.
  40.  40.  40.  40.  40.  40.  40.  40.  40.  51.  40.  40.  40.  40.
  40.  40.  40.  40.  40.  40.  40.  40.  40.  51.  40.  40.  51.  40.
  40.  40.  40.  40.  40.  40.  40.  40.  40.  40.  80.  80.  80.  80.
  80.  80.  80.  80.  80.  80.  80.  80.  80.  80.  80.  80.  80.  80.
  80.  80.  80.  80.  80.  80.  80.  80.  80.  80.  80.  80.  80. 111.
  80.  80.  80.  80.  80.  80.  80.  80.  80.  80.  80.  80.  80.  80.
  80.  80.  80.  80.  80.  80.  80.  80.  80.  80.  80.  80.  80.  80.
  80.  80.  80.  80.  80.  80.  80.  80.  80.  80.  80.  80.  80.  80.
  80.  80.  80.  80.  80.  80.  80.  80.  80.  80.  80.  80.  80.  80.
  80.  80.  80.  80.  80.  80.  80.  80.  80.  80.  80.  80.  80.  80.
  80.  80.  80.  80.  80.  80.  80.  80.  80.  80.  80.  80.  80.  80.
  80.  80.  80.  80.  80.  80.  80.  80.  80.  80.  80.  80.  80.  80.
  80.  80.  80.  80.  80.  80.  80.  80.  80.  80.  80.  80.  80.  80.
  80.  80.  80.  80.  80.  80.  80.  80.  80.  80.  80.  80.  80.  80.
  80.  80.  80.  80.  80.  80.  80.  80.  80.  80.  80.  80.  80.  80.
  80.  80.  80.  80.  80.  80.  80.  80.  80.  80.  80.  80.  80.  80.
  80.  80.  80.  80.  80.  80.  80.  80.  80.  80.  80.  80.  80.  80.
  23.  23.  23.  23.  23.  23.  23.  23.  23.  23.  23.  23.  23.  23.
  23.  23.  23.  23.  23.  23.  23.  23.  23.  23.  23.  23.  23.  23.
  23.  23.  23.  23.  23.  23.  23.  23.  23.  23.  23.  23. 320. 320.
 320. 320. 320. 320. 320. 320. 320. 320. 320. 320. 320. 320. 320. 320.
 320. 320. 320. 320. 320. 320. 320. 320. 320. 320. 320. 320. 320. 320.
 320. 320. 320. 320. 320. 320. 320. 320. 320. 320. 360. 360. 360. 360.
 360. 360. 360. 360. 360. 360. 360. 360. 360. 360. 360. 360. 360. 360.
 360. 360. 360. 360. 360. 360. 360. 360. 360. 360. 360. 360. 360. 360.
 360. 360. 360. 360. 360. 360. 360. 360. 400. 400. 400. 400. 400. 400.
 400. 400. 400. 400. 400. 400. 400. 400. 400. 400. 400. 400. 400. 400.
 400. 400. 400. 400. 400. 400. 400. 400. 400. 400. 400. 400. 400. 400.
 400. 400. 400. 400. 400. 400. 440. 440. 440. 440. 440. 440. 440. 440.
 440. 440. 440. 440. 440. 440. 440. 440. 440. 440. 440. 440. 440. 440.
 440. 440. 440. 440. 440. 440. 440. 440. 440. 440. 440. 440. 440. 440.
 440. 440. 440. 479. 480. 480. 480. 480. 480. 480. 480. 480. 480. 480.
 480. 480. 480. 480. 480. 480. 480. 480. 480. 480. 480. 480. 480. 480.
 480. 480. 480. 480. 480. 480. 480. 480. 480. 480. 480. 480. 480. 480.
 480. 480. 520. 520. 520. 520. 520. 520. 520. 520. 520. 520. 520. 520.
 520. 520. 520. 520. 520. 520. 520. 520. 520. 520. 520. 520. 520. 520.
 520. 520. 520. 520. 550. 520. 520. 520. 520. 520. 520. 520. 520. 520.
 560. 560. 560. 560. 560. 560. 560. 560. 560. 560. 560. 560. 560. 560.
 560. 560. 560. 560. 560. 560. 560. 560. 560. 560. 560. 560. 560. 560.
 560. 560. 560. 560. 560. 560. 560. 560. 560. 560. 560. 560.]
Cluster assign [  0.   0.   0.   0.   0.   0.   0.   0.   0.   0.   0.   0.   0.   0.
   0.   0.   0.   0.   0.   0.   0.   0.   0.  23.   0.   0.   0.   0.
   0.   0.   0.   0.   0.   0.   0.   0.   0.   0.   0.  23.  40.  40.
  40.  40.  40.  40.  40.  40.  40.  40.  40.  40.  40.  40.  40.  40.
  40.  40.  40.  40.  40.  40.  40.  40.  40.  40.  40.  40.  40.  40.
  40.  40.  40.  40.  40.  40.  40.  40.  40.  40.  80.  80.  80.  80.
  80.  80.  80.  80.  80.  80.  80.  80.  80.  80.  80.  80.  80.  80.
  80.  80.  80.  80.  80.  80.  80.  80.  80.  80.  80.  80.  80.  80.
  80.  80.  80.  80.  80.  80.  80.  80. 120. 120. 120. 120. 120. 120.
 120.  80. 120. 120. 120. 120. 120. 120. 120. 120. 120. 120. 120. 120.
 120. 120. 120. 120. 120. 120. 120. 120. 120. 120. 120. 120. 120. 120.
 120. 120. 120. 120. 120. 120. 160. 160. 160. 160. 160. 160. 160. 160.
 160. 160. 160. 160. 160. 160. 160. 160. 160. 160. 160. 160. 160. 160.
 160. 160. 160. 160. 160. 160. 160. 160. 160. 160. 160. 160. 160. 160.
 160. 160. 160. 160. 200. 200. 200. 200. 200. 200. 200. 200. 200. 200.
 200. 200. 200. 200. 200. 200. 200. 200. 200. 200. 200. 200. 200. 200.
 200. 200. 200. 200. 200. 200. 200. 200. 200. 200. 200. 200. 200. 200.
 200. 200.  23.  23.  23.  23.  23. 200.  23.  23.  23.  23.  23.  23.
  23.  23.  23.  23.  23.  23.  23.  23.  23.  23.  23.  23.  23.  23.
  23.  23.  23.  23.  23.  23.  23.  23.  23.  23.  23.  23.  23.  23.
 280. 280.  23. 280. 280. 280. 280. 280. 280. 280. 280. 280. 280. 280.
 280. 280. 280. 280. 280. 280. 280. 280. 280. 280. 280. 280. 280. 280.
 280. 280. 280. 280. 280. 280. 280. 280.  23. 280. 280. 280. 320. 320.
 320. 320. 320. 320. 320. 320. 320. 320. 320. 320. 320. 320. 320. 320.
 320. 320. 320. 320. 320. 320. 320. 320. 320. 320. 320. 320. 320. 320.
 320. 320. 320. 320. 320. 320. 320. 320. 320. 320. 360. 360. 360. 360.
 360. 360. 360. 360. 360. 360. 360. 360. 360. 360. 360. 360. 360. 360.
 360. 360. 360. 360. 360. 360. 360. 360. 360. 360. 360. 360. 360. 360.
 360. 360. 360. 360. 360. 360. 360. 360. 400. 400. 400. 400. 400. 400.
 400. 400. 400. 400. 400. 400. 400. 400. 400. 400. 400. 400. 400. 400.
 400. 400. 400. 400. 400. 400. 400. 400. 400. 400. 400. 400. 400. 400.
 400. 400. 400. 400. 400. 400. 440. 440. 440. 440. 440. 440. 440. 440.
 440. 440. 440. 440. 440. 440. 440. 440. 440. 440. 440. 440. 440. 440.
 440. 440. 440. 440. 440. 440. 440. 440. 440. 440. 440. 440. 440. 440.
 440. 440. 440. 440. 480. 480. 480. 480. 480. 480. 480. 480. 480. 480.
 480. 480. 480. 480. 480. 480. 480. 480. 480. 480. 480. 480. 480. 480.
 480. 480. 480. 480. 480. 480. 480. 480. 480. 480. 480. 480. 480. 480.
 480. 480. 520. 520. 520. 520. 520. 520. 520. 520. 520. 520. 520. 520.
 520. 520. 520. 520. 520. 520. 520. 520. 520. 520. 520. 520. 520. 520.
 520. 520. 520. 520. 520. 520. 520. 520. 520. 520. 520. 520. 520. 520.
 560. 560. 560. 560. 560. 560. 560. 560. 560. 560. 560. 560. 560. 560.
 560. 560. 560. 560. 560. 560. 560. 560. 560. 560. 560. 560. 560. 560.
 560. 560. 560. 560. 560. 560. 560. 560. 560. 560. 560. 560.]
Cluster assign [  0.   0.   0.   0.   0.   0.   0.   0.   0.   0.   0.   0.   0.   0.
   0.   0.   0.   0.   0.   0.   0.   0.   0.   0.   0.   0.   0.   0.
   0.   0.   0.   0.   0.   0.   0.   0.   0.   0.   0.   0.  40.  40.
  40.  40.  40.  40.  40.  40.  40.  40.  40.  40.  40.  40.  40.  40.
  40.  40.  40.  40.  40.  40.  40.  40.  40.  40.  40.  40.  40.  40.
  40.  40.  40.  40.  40.  40.  40.  40.  40.  40.  80.  80.  80.  80.
  80.  80.  80.  80.  80.  80.  80.  80.  80.  80.  80.  80.  80.  80.
  80.  80.  80.  80.  80.  80.  80.  80.  80.  80.  80.  80.  80.  80.
  80.  80.  80.  80.  80.  80.  80.  80. 120. 120. 120. 120. 120. 120.
 120.  80. 120. 120. 120. 120. 120. 120. 120. 120. 120. 120. 120. 120.
 120. 120. 120. 120. 120. 120. 120. 120. 120. 120. 120. 120. 120. 120.
 120. 120. 120. 120. 120.  80. 160. 160. 160. 160. 160. 160. 160. 160.
 160. 160. 160. 160. 160. 160. 160. 160. 160. 160. 160. 160. 160. 160.
 160. 160. 160. 160. 160. 160. 160. 160. 160. 160. 160. 160. 160. 160.
 160. 160. 160. 160. 200. 200. 200. 200. 200. 200. 200. 200. 200. 200.
 200. 200. 200. 200. 200. 200. 200. 200. 200. 200. 200. 200. 200. 200.
 200. 200. 200. 200. 200. 200. 200. 200. 200. 200. 200. 200. 200. 200.
 200. 200. 240. 240. 240. 240. 240. 200. 240. 240. 240. 240. 240. 240.
 240. 240. 240. 240. 240. 240. 240. 240. 240. 240. 240. 240. 240. 240.
 240. 240. 240. 240. 240. 240. 240. 240. 240. 240. 240. 240. 240. 240.
 280. 280. 280. 280. 280. 280. 280. 280. 280. 280. 280. 280. 280. 280.
 280. 280. 280. 280. 280. 280. 280. 280. 280. 280. 280. 280. 280. 280.
 280. 280. 280. 280. 280. 280. 280. 280. 280. 280. 280. 280. 320. 320.
 320. 320. 320. 320. 320. 320. 320. 320. 320. 320. 320. 320. 320. 320.
 320. 320. 320. 320. 320. 320. 320. 320. 320. 320. 320. 320. 320. 320.
 320. 320. 320. 320. 320. 320. 320. 320. 320. 320. 360. 360. 360. 360.
 360. 360. 360. 360. 360. 360. 360. 360. 360. 360. 360. 360. 360. 360.
 360. 360. 360. 360. 360. 360. 360. 360. 360. 360. 360. 360. 360. 360.
 360. 360. 360. 360. 360. 360. 360. 360. 400. 400. 400. 400. 400. 400.
 400. 400. 400. 400. 400. 400. 400. 400. 400. 400. 400. 400. 400. 400.
 400. 400. 400. 400. 400. 400. 400. 400. 400. 400. 400. 400. 400. 400.
 400. 400. 400. 400. 400. 400. 440. 440. 440. 440. 440. 440. 440. 440.
 440. 440. 440. 440. 440. 440. 440. 440. 440. 440. 440. 440. 440. 440.
 440. 440. 440. 440. 440. 440. 440. 440. 440. 440. 440. 440. 440. 440.
 440. 440. 440. 440. 480. 480. 480. 480. 480. 480. 480. 480. 480. 480.
 480. 480. 480. 480. 480. 480. 480. 480. 480. 480. 480. 480. 480. 480.
 480. 480. 480. 480. 480. 480. 480. 480. 480. 480. 480. 480. 480. 480.
 480. 480. 520. 520. 520. 520. 520. 520. 520. 520. 520. 520. 520. 520.
 520. 520. 520. 520. 520. 520. 520. 520. 520. 520. 520. 520. 520. 520.
 520. 520. 520. 520. 520. 520. 520. 520. 520. 520. 520. 520. 520. 520.
 560. 560. 560. 560. 560. 560. 560. 560. 560. 560. 560. 560. 560. 560.
 560. 560. 560. 560. 560. 560. 560. 560. 560. 560. 560. 560. 560. 560.
 560. 560. 560. 560. 560. 560. 560. 560. 560. 560. 560. 560.]
Cluster assign [  0.   0.   0.   0.   0.   0.   0.   0.   0.   0.   0.   0.   0.   0.
   0.   0.   0.   0.   0.   0.   0.   0.   0.   0.   0.   0.   0.   0.
   0.   0.   0.   0.   0.   0.   0.   0.   0.   0.   0.   0.  40.  40.
  40.  40.  40.  40.  40.  40.  40.  40.  40.  40.  40.  40.  40.  40.
  40.  40.  40.  40.  40.  40.  40.  40.  40.  40.  40.  40.  40.  40.
  40.  40.  40.  40.  40.  40.  40.  40.  40.  40.  80.  80.  80.  80.
  80.  80.  80.  80.  80.  80.  80.  80.  80.  80.  80.  80.  80.  80.
  80.  80.  80.  80.  80.  80.  80.  80.  80.  80.  80.  80.  80.  80.
  80.  80.  80.  80.  80.  80.  80.  80. 120. 120. 120. 120. 120. 120.
 120.  80. 120. 120. 120. 120. 120. 120. 120. 120. 120. 120. 120. 120.
 120. 120. 120. 120. 120. 120. 120. 120. 120. 120. 120. 120. 120. 120.
 120. 120. 120. 120. 120. 120. 160. 160. 160. 160. 160. 160. 160. 160.
 160. 160. 160. 160. 160. 160. 160. 160. 160. 160. 160. 160. 160. 160.
 160. 183. 160. 160. 160. 160. 160. 160. 160. 160. 160. 160. 160. 160.
 160. 160. 160. 160. 183. 183. 183. 183. 183. 183. 183. 183. 183. 183.
 183. 183. 183. 183. 183. 183. 183. 183. 183. 183. 183. 183. 183. 183.
 183. 183. 183. 183. 183. 183. 183. 183. 183. 183. 183. 183. 183. 183.
 183. 183. 240. 240. 240. 240. 240. 183. 240. 240. 240. 240. 240. 240.
 240. 240. 240. 240. 240. 240. 240. 240. 240. 240. 240. 240. 240. 240.
 240. 240. 240. 240. 240. 240. 240. 240. 240. 240. 240. 240. 240. 240.
 280. 280. 280. 280. 280. 280. 280. 280. 280. 280. 280. 280. 280. 280.
 280. 280. 280. 280. 280. 280. 280. 280. 280. 280. 280. 280. 280. 280.
 280. 280. 280. 280. 280. 280. 280. 280. 280. 280. 280. 280. 320. 320.
 320. 320. 320. 320. 320. 320. 320. 320. 320. 320. 320. 320. 320. 320.
 320. 320. 320. 320. 320. 320. 320. 320. 320. 320. 320. 320. 320. 320.
 320. 320. 320. 320. 320. 320. 320. 320. 320. 320. 360. 360. 360. 360.
 360. 360. 360. 360. 360. 360. 360. 360. 360. 360. 360. 360. 360. 360.
 360. 360. 360. 360. 360. 360. 360. 360. 360. 360. 360. 360. 360. 360.
 360. 360. 360. 360. 360. 360. 360. 360. 400. 400. 400. 400. 400. 400.
 400. 400. 400. 400. 400. 400. 400. 400. 400. 400. 400. 400. 400. 400.
 400. 400. 400. 400. 400. 400. 400. 400. 400. 400. 400. 400. 400. 400.
 400. 400. 400. 400. 400. 400. 440. 440. 440. 440. 440. 440. 440. 440.
 440. 440. 440. 440. 440. 440. 440. 440. 440. 440. 440. 440. 440. 440.
 440. 440. 440. 440. 440. 440. 440. 440. 440. 440. 440. 440. 440. 440.
 440. 440. 440. 440. 480. 480. 480. 480. 480. 480. 480. 480. 480. 480.
 480. 480. 480. 480. 480. 480. 480. 480. 480. 480. 480. 480. 480. 480.
 480. 480. 480. 480. 480. 480. 480. 480. 480. 480. 480. 480. 480. 480.
 480. 480. 520. 520. 520. 520. 520. 520. 520. 520. 520. 520. 520. 520.
 520. 520. 520. 520. 520. 520. 520. 520. 520. 520. 520. 520. 520. 520.
 520. 520. 520. 520. 520. 520. 520. 520. 520. 520. 520. 520. 520. 520.
 560. 560. 560. 560. 560. 560. 560. 560. 560. 560. 560. 560. 560. 560.
 560. 560. 560. 560. 560. 560. 560. 560. 560. 560. 560. 560. 560. 560.
 560. 560. 560. 560. 560. 560. 560. 560. 560. 560. 560. 560.]
