Cluster assign [  0.   1.   0.   1.   0.   1.   1.   0.   0.   0.   0.   0.   0.   0.
   1.   0.   0.   0.   1.   0.   1.   1.   0.   0.   0.   0.   0.   0.
   0.   0.   0.   1.   0.   0.   0.   1.   0.   1.   1.   0.   1.   0.
   1.   0.   1.   0.   0.   1.   0.   0.   1.   1.   1.   0.   1.   0.
   1.   0.   0.   0.   1.   0.   0.   0.   0.   1.  66.   0.   0.  66.
   0.   1.   0.   0.   0.   0.   0.   0.   0.   0.   0.   0.   1.  66.
   1.   1.   0.   0.   0.   0.   0.   0.   0.   0.   0.   0.  66.   1.
   1.   0.   0.   0.  66.   0.   1.   1.   0.   1.   0.   1.   1.   1.
   0.   0.   0.   1.   0.   0.   0.   0.   1.   1.   1.   0.   1.   0.
   1.   0.   0.   0.   1.   0.   0.   0.   0.   0.   0.   0.   0.   0.
   0.   0.   1.   0.   0.  66.   0.   1.   1.   0.   0.   1.   0.   0.
  66.   1.   0.   0.   0.   0.   1. 161.   0.   0.   0.   0.   0.  66.
   1.   1.   0.   1.   0.   1.   0.   0.   0.   1.   1.   0.   1.   1.
   1.   0.   1.   1.   0.   0.   0.   0.   1.   0.   0.   0.   1.   1.
   0.   0.   0.  66.   1.   0.   0.   0.  66.   1.   0.  66.   1.   1.
   0.   0.   1.   0.   0.   1.   0.   1.   1.   0.   1.   1.   0.   1.
   1.   1.   0.   1.   0.  66.   1.  66.   1.   0.   0.   0.   0.   0.
   0.   1.   1.   0.   0.   1.   1.   1.   1.   1.   0.   0.   0.   1.
   1.   1.   1.   1.   0.   0.   1.   1.  66.   0.   1.   0.   1.   0.
   0.   0.   0.   0.   0.   0.   0.   1.   1.   1.   1.  66.   0.   0.
   1.   0.   0.   1.   1.   0.   0.   1.   1.   0.  66.   0.   1.   1.
   0.   0.   1.   0.   0.   0.   0.   0.   0.   1.   1.   0.   1.   1.
   0.   1.   0.   0.   1.   0.   1.   1.   1.   0.   0.   1.   1.   0.
   1.   0.   0.   1.   1.   0.   0.   0.   1.   0.   0.   0.   0.   1.
   0.   0.   0.   1.   0.   0.   0.   1.   1.   0.  66.   1.   0.   0.
   0.   0.  66.   1.   0.   0.   0.   0.   0.   0.   0.   0.   0.   0.
   0.   0.   0.   1.   0.   0.   0.   0.   1.   0.   0.   0.   0.   1.
   0.   0.   0.   0.   0.   0.   0.   0.   1.   0.   0.   0.   0.   0.
   0.   0.   0.   0.   0.   1.   0.   1.   0.   1.   0.   0.   0.   0.
   1.   0.   0.   0.   1.   0.   1.   0.   0.   0.   0.   0.   0.   1.
   1.   1.   0.   0.   0.   1.   0.   0.   0.   0.   0.   0.   0.   0.
   1.   0.   0.   0.   1.   0.   0.   1.   1.   0.   0.   0.   0.   0.
   0.   0.   1.   1.   1.   0.   0.   0.   0.   0.   0.   0.   0.   0.
   0.   0.   1.   0.   0.  66.   1.   0.   0.   0.   1.   0.   0.   0.
   1.   0.   1.   0.   0.   0.   0.   0.   0.   0.   0.   0.   0.   0.
   0.  66.   0.   0.   0.   0.   0.   0.   0.   1.   1.   0.   0.   0.
   1.   0.   0.   0.   1.   0.   0.   0.   0.   0.   0.   1.   0.   0.
   0.   0.   0.   0.   0.   0.   0.   0.   0.   0.   0.   0.   0.   1.
   0.   0.   1.   0.   0.   0.   0.   0.   0.   0.   0.   0.   0.   0.
   0.   0.   0.   0.   1.   0.   0.   1.   1.   1.   1.   0.   0.   1.
   0.   0.   0.   0.   0.   0.   1.   1.   0.   0.   0.   1.   0.   1.
   0.   1.   1.   1.   0.   1.   0.   0.   0.   0.   0.   0.   0.   0.
   1.   1.   1.   0.   0.   1.   0.   1.   1.  66.   0.   0.   0.   0.
   0.   0.   0.   0.   0.   0.   0.   0.   1.   0.   0.   0.   0.   0.
   0.   1.   0.   0.   1.   0.   0.   0.   0.   0.   0.   0.   0.   0.
   0.   0.  66.   0.   0.   0.   0.   0.   0.   0.   0.   0.   1.   0.
   0.   0.   0.   0.   0.   0.   0.   0.   1.   1.   1.   0.   0.   0.
   0.   0.   0.   0.   0.   0.  66.   1.   0.   0.   0.   0.   0.   0.
   0.   0.   0.   1.   0.   0.   0.   0.   1.   1.   1.]
Cluster assign [ 0.  0.  0.  0.  0.  0.  0.  0.  0.  0.  0.  0.  0.  0.  0.  0.  0.  0.
  0.  0.  0.  0.  0.  0.  0.  0.  0.  0.  0.  0.  0.  0.  0.  0.  0.  0.
  0.  0.  0.  0.  0.  0.  0.  0.  0.  0.  0.  0.  0.  0.  0.  0.  0.  0.
  0.  0.  0.  0.  0.  0.  0.  0.  0.  0.  0.  0.  0.  0.  0. 69.  0.  0.
  0.  0.  0.  0.  0.  0.  0.  0.  0.  0.  0.  0.  0.  0.  0.  0.  0.  0.
  0.  0.  0.  0.  0.  0.  0.  0.  0.  0.  0.  0. 69.  0.  0.  0.  0.  0.
  0.  0.  0.  0.  0.  0.  0.  0.  0.  0.  0.  0.  0.  0.  0.  0.  0.  0.
  0.  0.  0.  0.  0.  0.  0.  0.  0.  0.  0.  0.  0.  0.  0.  0.  0.  0.
  0.  0.  0.  0.  0.  0.  0.  0.  0.  0.  0.  0.  0.  0.  0.  0.  0. 69.
  0.  0.  0.  0.  0.  0.  0.  0.  0.  0.  0.  0.  0.  0.  0.  0.  0.  0.
  0.  0.  0.  0.  0.  0.  0.  0.  0.  0.  0.  0.  0.  0.  0.  0.  0.  0.
  0.  0.  0.  0.  0.  0.  0.  0.  0.  0.  0.  0.  0.  0.  0.  0.  0.  0.
  0.  0.  0.  0.  0.  0.  0.  0.  0.  0.  0.  0.  0.  0.  0.  0.  0.  0.
  0.  0.  0.  0.  0.  0.  0.  0.  0.  0.  0.  0.  0.  0.  0.  0.  0.  0.
  0.  0.  0.  0.  0.  0.  0.  0.  0.  0.  0.  0.  0.  0.  0.  0.  0.  0.
  0.  0.  0.  0.  0.  0.  0.  0.  0.  0.  0.  0.  0.  0.  0.  0.  0.  0.
  0.  0.  0.  0.  0.  0.  0.  0.  0.  0.  0.  0.  0.  0.  0.  0.  0.  0.
  0.  0.  0.  0.  0.  0.  0.  0.  0.  0.  0.  0.  0.  0.  0.  0.  0.  0.
  0.  0.  0.  0.  0.  0.  0.  0.  0.  0.  0.  0.  0.  0.  0.  0.  0.  0.
  0.  0.  0.  0.  0.  0.  0.  0.  0.  0.  0.  0.  0.  0.  0.  0.  0.  0.
  0.  0.  0.  0.  0.  0.  0.  0.  0.  0.  0.  0.  0.  0.  0.  0.  0.  0.
  0.  0.  0.  0.  0.  0.  0.  0.  0.  0.  0.  0.  0.  0.  0.  0.  0.  0.
  0.  0.  0.  0.  0.  0.  0.  0.  0.  0.  0.  0.  0.  0.  0.  0.  0.  0.
  0.  0.  0.  0.  0.  0.  0.  0.  0.  0.  0.  0.  0.  0.  0.  0.  0.  0.
  0.  0.  0.  0.  0.  0.  0.  0.  0.  0.  0.  0.  0.  0.  0.  0.  0.  0.
  0.  0.  0.  0.  0.  0.  0.  0.  0.  0.  0.  0.  0.  0.  0.  0.  0. 69.
  0.  0.  0.  0.  0.  0.  0.  0.  0.  0.  0.  0.  0.  0.  0.  0.  0.  0.
  0.  0.  0.  0.  0. 69.  0.  0.  0.  0.  0.  0.  0.  0.  0.  0.  0.  0.
  0.  0.  0.  0.  0.  0.  0.  0.  0.  0.  0.  0.  0.  0.  0.  0.  0.  0.
  0.  0.  0.  0.  0.  0.  0.  0.  0.  0.  0.  0.  0.  0.  0.  0.  0.  0.
  0.  0.  0.  0.  0.  0.  0.  0.  0.  0.  0.  0.  0.  0.  0.  0.  0.  0.
  0.  0.  0.  0.  0.  0.  0.  0.  0.  0.  0.  0.  0.  0.  0.  0.  0.  0.
  0.  0.  0.  0.  0.  0.  0.  0.  0.  0.  0.  0.  0.  0.  0.  0.  0. 69.
  0.  0.  0.  0.  0.  0.  0.  0.  0.  0.  0.  0.  0.  0.  0.  0.  0.  0.
  0.  0.  0.  0.  0.  0.  0.  0.  0.  0.  0.  0.  0.  0.  0.  0.  0.  0.
  0.  0. 69.  0.  0.  0.  0.  0.  0.  0.  0.  0.  0.  0.  0.  0.  0.  0.
  0.  0.  0.  0.  0.  0.  0.  0.  0.  0.  0.  0.  0.  0.  0.  0.  0.  0.
  0.  0.  0.  0.  0.  0.  0.  0.  0.  0.  0.  0.  0.  0.  0.  0.  0.]
Cluster assign [0. 1. 0. 1. 0. 1. 1. 0. 0. 0. 0. 0. 0. 0. 1. 0. 0. 0. 1. 0. 1. 1. 0. 0.
 0. 0. 0. 0. 0. 0. 0. 1. 0. 0. 0. 1. 0. 1. 1. 0. 1. 0. 1. 0. 1. 0. 0. 1.
 0. 0. 1. 1. 1. 0. 1. 0. 1. 0. 0. 0. 1. 0. 0. 0. 0. 1. 1. 0. 0. 1. 0. 1.
 0. 0. 0. 0. 0. 0. 0. 0. 0. 0. 1. 1. 1. 1. 0. 0. 0. 0. 0. 0. 0. 0. 0. 0.
 1. 1. 1. 0. 0. 0. 1. 0. 1. 1. 0. 1. 0. 1. 1. 1. 0. 0. 0. 1. 0. 0. 0. 0.
 1. 1. 1. 0. 1. 0. 1. 0. 0. 0. 1. 0. 0. 0. 0. 0. 0. 0. 0. 0. 0. 0. 1. 0.
 0. 1. 0. 1. 1. 0. 0. 1. 0. 0. 1. 1. 0. 0. 0. 0. 1. 1. 0. 0. 0. 0. 0. 1.
 1. 1. 0. 1. 0. 1. 0. 0. 0. 1. 1. 0. 1. 1. 1. 0. 1. 1. 0. 0. 0. 0. 1. 0.
 0. 0. 1. 1. 0. 0. 0. 1. 1. 0. 0. 0. 1. 1. 0. 1. 1. 1. 0. 0. 1. 0. 0. 1.
 0. 1. 1. 0. 1. 1. 0. 1. 1. 1. 0. 1. 0. 1. 1. 1. 1. 0. 0. 0. 0. 0. 0. 1.
 1. 0. 0. 1. 1. 1. 1. 1. 0. 0. 0. 1. 1. 1. 1. 1. 0. 0. 1. 1. 1. 0. 1. 0.
 1. 0. 0. 0. 0. 0. 0. 0. 0. 1. 1. 1. 1. 1. 0. 0. 1. 0. 0. 1. 1. 0. 0. 1.
 1. 0. 1. 0. 1. 1. 0. 0. 1. 0. 0. 0. 0. 0. 0. 1. 1. 0. 1. 1. 0. 1. 0. 0.
 1. 0. 1. 1. 1. 0. 0. 1. 1. 0. 1. 0. 0. 1. 1. 0. 0. 0. 1. 0. 0. 0. 0. 1.
 0. 0. 0. 1. 0. 0. 0. 1. 1. 0. 1. 1. 0. 0. 0. 0. 1. 1. 0. 0. 0. 0. 0. 0.
 0. 0. 0. 0. 0. 0. 0. 1. 0. 0. 0. 0. 1. 0. 0. 0. 0. 1. 0. 0. 0. 0. 0. 0.
 0. 0. 1. 0. 0. 0. 0. 0. 0. 0. 0. 0. 0. 1. 0. 1. 0. 1. 0. 0. 0. 0. 1. 0.
 0. 0. 1. 0. 1. 0. 0. 0. 0. 0. 0. 1. 1. 1. 0. 0. 0. 1. 0. 0. 0. 0. 0. 0.
 0. 0. 1. 0. 0. 0. 1. 0. 0. 1. 1. 0. 0. 0. 0. 0. 0. 0. 1. 1. 1. 0. 0. 0.
 0. 0. 0. 0. 0. 0. 0. 0. 1. 0. 0. 1. 1. 0. 0. 0. 1. 0. 0. 0. 1. 0. 1. 0.
 0. 0. 0. 0. 0. 0. 0. 0. 0. 0. 0. 1. 0. 0. 0. 0. 0. 0. 0. 1. 1. 0. 0. 0.
 1. 0. 0. 0. 1. 0. 0. 0. 0. 0. 0. 1. 0. 0. 0. 0. 0. 0. 0. 0. 0. 0. 0. 0.
 0. 0. 0. 1. 0. 0. 1. 0. 0. 0. 0. 0. 0. 0. 0. 0. 0. 0. 0. 0. 0. 0. 1. 0.
 0. 1. 1. 1. 1. 0. 0. 1. 0. 0. 0. 0. 0. 0. 1. 1. 0. 0. 0. 1. 0. 1. 0. 1.
 1. 1. 0. 1. 0. 0. 0. 0. 0. 0. 0. 0. 1. 1. 1. 0. 0. 1. 0. 1. 1. 1. 0. 0.
 0. 0. 0. 0. 0. 0. 0. 0. 0. 0. 1. 0. 0. 0. 0. 0. 0. 1. 0. 0. 1. 0. 0. 0.
 0. 0. 0. 0. 0. 0. 0. 0. 1. 0. 0. 0. 0. 0. 0. 0. 0. 0. 1. 0. 0. 0. 0. 0.
 0. 0. 0. 0. 1. 1. 1. 0. 0. 0. 0. 0. 0. 0. 0. 0. 1. 1. 0. 0. 0. 0. 0. 0.
 0. 0. 0. 1. 0. 0. 0. 0. 1. 1. 1.]
Cluster assign [  0.   0.   0.   0.   0.   0.   0.   0.   0.   0.   0.   0.   0.   0.
   0.   0.   0.   0.   0.   0.   0.   0.   0.   0.   0.   0.   0.   0.
   0.   0.   0.   0.   0.   0.   0.   0.   0.   0.   0.   0.   0.   0.
   0.   0.   0.   0.   0.   0.   0.   0.   0.   0.   0.   0.   0.   0.
   0.   0.   0.   0.   0.   0.   0.   0.   0.   0.   0.   0.   0.   0.
   0.   0.   0.   0.   0.   0.   0.   0.   0.   0.   0.   0.   0.   0.
   0.   0.   0.   0.   0.   0.   0.   0.   0.   0.   0.   0.   0.   0.
   0.   0.   0.   0.   0.   0.   0.   0.   0.   0.   0.   0.   0.   0.
   0.   0.   0.   0.   0.   0.   0.   0.   0.   0.   0.   0.   0.   0.
   0.   0.   0.   0.   0.   0.   0.   0.   0.   0.   0.   0.   0.   0.
   0.   0.   0.   0.   0.   0.   0.   0.   0.   0.   0.   0.   0.   0.
   0.   0.   0.   0.   0.   0.   0. 161.   0.   0.   0.   0.   0.   0.
   0.   0.   0.   0.   0.   0.   0.   0.   0.   0.   0.   0.   0.   0.
   0.   0.   0.   0.   0.   0.   0.   0.   0.   0.   0.   0.   0.   0.
   0.   0.   0.   0.   0.   0.   0.   0.   0.   0.   0.   0.   0.   0.
   0.   0.   0.   0.   0.   0.   0.   0.   0.   0.   0.   0.   0.   0.
   0.   0.   0.   0.   0.   0.   0.   0.   0.   0.   0.   0.   0.   0.
   0.   0.   0.   0.   0.   0.   0.   0.   0.   0.   0.   0.   0.   0.
   0.   0.   0.   0.   0.   0.   0.   0.   0.   0.   0.   0.   0.   0.
   0.   0.   0.   0.   0.   0.   0.   0.   0.   0.   0.   0.   0.   0.
   0.   0.   0.   0.   0.   0.   0.   0.   0.   0.   0.   0.   0.   0.
   0.   0.   0.   0.   0.   0.   0.   0.   0.   0.   0.   0.   0.   0.
   0.   0.   0.   0.   0.   0.   0.   0.   0.   0.   0.   0.   0.   0.
   0.   0.   0.   0.   0.   0.   0.   0.   0.   0.   0.   0.   0.   0.
   0.   0.   0.   0.   0.   0.   0.   0.   0.   0.   0.   0.   0.   0.
   0.   0.   0.   0.   0.   0.   0.   0.   0.   0.   0.   0.   0.   0.
   0.   0.   0.   0.   0.   0.   0.   0.   0.   0.   0.   0.   0.   0.
   0.   0.   0.   0.   0.   0.   0.   0.   0.   0.   0.   0.   0.   0.
   0.   0.   0.   0.   0.   0.   0.   0.   0.   0.   0.   0.   0.   0.
   0.   0.   0.   0.   0.   0.   0.   0.   0.   0.   0.   0.   0.   0.
   0.   0.   0.   0.   0.   0.   0.   0.   0.   0.   0.   0.   0.   0.
   0.   0.   0.   0.   0.   0.   0.   0.   0.   0.   0.   0.   0.   0.
   0.   0.   0.   0.   0.   0.   0.   0.   0.   0.   0.   0.   0.   0.
   0.   0.   0.   0.   0.   0.   0.   0.   0.   0.   0.   0.   0.   0.
   0.   0.   0.   0.   0.   0.   0.   0.   0.   0.   0.   0.   0.   0.
   0.   0.   0.   0.   0.   0.   0.   0.   0.   0.   0.   0.   0.   0.
   0.   0.   0.   0.   0.   0.   0.   0.   0.   0.   0.   0.   0.   0.
   0.   0.   0.   0.   0.   0.   0.   0.   0.   0.   0.   0.   0.   0.
   0.   0.   0.   0.   0.   0.   0.   0.   0.   0.   0.   0.   0.   0.
   0.   0.   0.   0.   0.   0.   0.   0.   0.   0.   0.   0.   0.   0.
   0.   0.   0.   0.   0.   0.   0.   0.   0.   0.   0.   0.   0.   0.
   0.   0.   0.   0.   0.   0.   0.   0.   0.   0.   0.   0.   0.   0.
   0.   0.   0.   0.   0.   0.   0.   0.   0.   0.   0.   0.   0.   0.
   0.   0.   0.   0.   0.   0.   0.   0.   0.   0.   0.   0.   0.   0.
   0.   0.   0.   0.   0.   0.   0.   0.   0.   0.   0.   0.   0.   0.
   0.   0.   0.   0.   0.   0.   0.   0.   0.   0.   0.   0.   0.   0.
   0.   0.   0.   0.   0.   0.   0.   0.   0.   0.   0.   0.   0.   0.
   0.   0.   0.   0.   0.   0.   0.   0.   0.   0.   0.   0.   0.   0.
   0.   0.   0.   0.   0.   0.   0.   0.   0.   0.   0.]
Cluster assign [0. 1. 0. 1. 0. 1. 1. 0. 0. 0. 0. 0. 0. 0. 1. 0. 0. 0. 1. 0. 1. 1. 0. 0.
 0. 0. 0. 0. 0. 0. 0. 1. 0. 0. 0. 1. 0. 1. 1. 0. 1. 0. 1. 0. 1. 0. 0. 1.
 0. 0. 1. 1. 1. 0. 1. 0. 1. 0. 0. 0. 1. 0. 0. 0. 0. 1. 1. 0. 0. 1. 0. 1.
 0. 0. 0. 0. 0. 0. 0. 0. 0. 0. 1. 1. 1. 1. 0. 0. 0. 0. 0. 0. 0. 0. 0. 0.
 1. 1. 1. 0. 0. 0. 1. 0. 1. 1. 0. 1. 0. 1. 1. 1. 0. 0. 0. 1. 0. 0. 0. 0.
 1. 1. 1. 0. 1. 0. 1. 0. 0. 0. 1. 0. 0. 0. 0. 0. 0. 0. 0. 0. 0. 0. 1. 0.
 0. 1. 0. 1. 1. 0. 0. 1. 0. 0. 1. 1. 0. 0. 0. 0. 1. 1. 0. 0. 0. 0. 0. 1.
 1. 1. 0. 1. 0. 1. 0. 0. 0. 1. 1. 0. 1. 1. 1. 0. 1. 1. 0. 0. 0. 0. 1. 0.
 0. 0. 1. 1. 0. 0. 0. 1. 1. 0. 0. 0. 1. 1. 0. 1. 1. 1. 0. 0. 1. 0. 0. 1.
 0. 1. 1. 0. 1. 1. 0. 1. 1. 1. 0. 1. 0. 1. 1. 1. 1. 0. 0. 0. 0. 0. 0. 1.
 1. 0. 0. 1. 1. 1. 1. 1. 0. 0. 0. 1. 1. 1. 1. 1. 0. 0. 1. 1. 1. 0. 1. 0.
 1. 0. 0. 0. 0. 0. 0. 0. 0. 1. 1. 1. 1. 1. 0. 0. 1. 0. 0. 1. 1. 0. 0. 1.
 1. 0. 1. 0. 1. 1. 0. 0. 1. 0. 0. 0. 0. 0. 0. 1. 1. 0. 1. 1. 0. 1. 0. 0.
 1. 0. 1. 1. 1. 0. 0. 1. 1. 0. 1. 0. 0. 1. 1. 0. 0. 0. 1. 0. 0. 0. 0. 1.
 0. 0. 0. 1. 0. 0. 0. 1. 1. 0. 1. 1. 0. 0. 0. 0. 1. 1. 0. 0. 0. 0. 0. 0.
 0. 0. 0. 0. 0. 0. 0. 1. 0. 0. 0. 0. 1. 0. 0. 0. 0. 1. 0. 0. 0. 0. 0. 0.
 0. 0. 1. 0. 0. 0. 0. 0. 0. 0. 0. 0. 0. 1. 0. 1. 0. 1. 0. 0. 0. 0. 1. 0.
 0. 0. 1. 0. 1. 0. 0. 0. 0. 0. 0. 1. 1. 1. 0. 0. 0. 1. 0. 0. 0. 0. 0. 0.
 0. 0. 1. 0. 0. 0. 1. 0. 0. 1. 1. 0. 0. 0. 0. 0. 0. 0. 1. 1. 1. 0. 0. 0.
 0. 0. 0. 0. 0. 0. 0. 0. 1. 0. 0. 1. 1. 0. 0. 0. 1. 0. 0. 0. 1. 0. 1. 0.
 0. 0. 0. 0. 0. 0. 0. 0. 0. 0. 0. 1. 0. 0. 0. 0. 0. 0. 0. 1. 1. 0. 0. 0.
 1. 0. 0. 0. 1. 0. 0. 0. 0. 0. 0. 1. 0. 0. 0. 0. 0. 0. 0. 0. 0. 0. 0. 0.
 0. 0. 0. 1. 0. 0. 1. 0. 0. 0. 0. 0. 0. 0. 0. 0. 0. 0. 0. 0. 0. 0. 1. 0.
 0. 1. 1. 1. 1. 0. 0. 1. 0. 0. 0. 0. 0. 0. 1. 1. 0. 0. 0. 1. 0. 1. 0. 1.
 1. 1. 0. 1. 0. 0. 0. 0. 0. 0. 0. 0. 1. 1. 1. 0. 0. 1. 0. 1. 1. 1. 0. 0.
 0. 0. 0. 0. 0. 0. 0. 0. 0. 0. 1. 0. 0. 0. 0. 0. 0. 1. 0. 0. 1. 0. 0. 0.
 0. 0. 0. 0. 0. 0. 0. 0. 1. 0. 0. 0. 0. 0. 0. 0. 0. 0. 1. 0. 0. 0. 0. 0.
 0. 0. 0. 0. 1. 1. 1. 0. 0. 0. 0. 0. 0. 0. 0. 0. 1. 1. 0. 0. 0. 0. 0. 0.
 0. 0. 0. 1. 0. 0. 0. 0. 1. 1. 1.]
Cluster assign [6. 6. 6. 5. 6. 5. 6. 6. 6. 6. 6. 6. 6. 6. 6. 6. 6. 6. 5. 6. 6. 5. 6. 6.
 6. 6. 6. 6. 6. 6. 6. 5. 6. 6. 6. 5. 6. 6. 6. 6. 5. 5. 5. 6. 5. 6. 6. 5.
 6. 6. 5. 5. 6. 6. 5. 6. 6. 6. 6. 6. 5. 6. 6. 6. 6. 6. 5. 6. 6. 5. 6. 6.
 6. 6. 6. 6. 6. 6. 6. 6. 6. 6. 5. 5. 6. 5. 6. 6. 6. 6. 6. 6. 6. 6. 6. 6.
 5. 5. 6. 6. 6. 6. 5. 6. 5. 5. 6. 5. 6. 6. 6. 5. 6. 6. 6. 6. 6. 6. 6. 6.
 5. 6. 5. 6. 6. 6. 6. 6. 6. 6. 5. 6. 6. 6. 6. 6. 6. 6. 6. 6. 6. 6. 6. 6.
 6. 5. 6. 6. 5. 6. 6. 6. 6. 6. 5. 5. 6. 6. 6. 6. 5. 5. 6. 6. 6. 6. 6. 5.
 5. 5. 6. 5. 6. 6. 6. 6. 6. 5. 5. 6. 5. 5. 5. 6. 5. 5. 6. 6. 6. 6. 5. 6.
 6. 6. 5. 5. 6. 6. 6. 5. 5. 6. 6. 6. 5. 5. 6. 5. 5. 5. 6. 6. 5. 6. 6. 5.
 6. 5. 5. 6. 5. 5. 6. 5. 5. 5. 6. 6. 6. 5. 5. 5. 6. 6. 6. 6. 6. 6. 6. 5.
 6. 6. 6. 6. 6. 5. 5. 6. 6. 6. 6. 6. 5. 5. 5. 6. 5. 6. 5. 6. 5. 6. 6. 6.
 6. 6. 6. 6. 6. 6. 6. 6. 6. 6. 6. 6. 5. 5. 6. 6. 5. 6. 6. 6. 6. 6. 6. 6.
 5. 6. 5. 6. 6. 5. 6. 6. 6. 6. 6. 6. 5. 6. 6. 6. 5. 6. 6. 6. 6. 6. 6. 6.
 6. 6. 5. 6. 6. 6. 6. 6. 6. 6. 6. 6. 6. 6. 6. 6. 6. 6. 5. 6. 6. 6. 6. 6.
 6. 6. 6. 5. 6. 6. 6. 5. 5. 6. 5. 5. 6. 6. 6. 6. 5. 5. 6. 6. 6. 6. 6. 6.
 6. 6. 6. 6. 6. 6. 6. 6. 6. 6. 6. 6. 5. 6. 6. 6. 6. 5. 6. 6. 6. 6. 6. 6.
 6. 6. 5. 6. 6. 6. 6. 6. 6. 6. 6. 6. 6. 5. 6. 5. 6. 5. 6. 6. 6. 6. 5. 6.
 6. 6. 5. 6. 5. 6. 6. 6. 6. 6. 6. 5. 5. 5. 6. 6. 6. 6. 6. 6. 6. 6. 6. 6.
 6. 6. 5. 6. 6. 6. 6. 6. 6. 6. 5. 6. 6. 6. 6. 6. 6. 6. 5. 5. 5. 6. 6. 6.
 6. 6. 6. 6. 6. 6. 6. 6. 5. 6. 6. 5. 5. 6. 6. 6. 5. 6. 6. 6. 5. 6. 5. 6.
 6. 6. 6. 6. 6. 6. 6. 6. 6. 6. 6. 5. 6. 6. 6. 6. 6. 6. 6. 5. 5. 6. 6. 6.
 5. 6. 6. 6. 6. 6. 6. 6. 6. 6. 6. 5. 6. 6. 6. 6. 6. 6. 6. 6. 6. 6. 6. 6.
 6. 6. 6. 5. 6. 6. 6. 6. 6. 6. 6. 6. 6. 6. 6. 6. 6. 6. 6. 6. 6. 6. 5. 6.
 6. 6. 5. 5. 5. 6. 6. 5. 6. 6. 6. 6. 6. 6. 5. 5. 6. 6. 6. 5. 6. 5. 6. 5.
 5. 6. 6. 5. 6. 6. 6. 6. 6. 6. 6. 6. 6. 6. 5. 6. 6. 5. 6. 6. 5. 5. 6. 6.
 6. 6. 6. 6. 6. 6. 6. 6. 6. 6. 5. 6. 6. 6. 6. 6. 6. 5. 6. 6. 5. 6. 6. 6.
 6. 6. 6. 6. 6. 6. 6. 6. 5. 6. 6. 6. 6. 6. 6. 6. 6. 6. 5. 6. 6. 6. 6. 6.
 6. 6. 6. 6. 5. 5. 5. 6. 6. 6. 6. 6. 6. 6. 6. 6. 5. 5. 6. 6. 6. 6. 6. 6.
 6. 6. 6. 5. 6. 6. 6. 6. 5. 5. 5.]
Cluster assign [6. 6. 6. 5. 6. 5. 6. 6. 6. 6. 6. 6. 6. 6. 6. 6. 6. 6. 5. 6. 6. 5. 6. 6.
 6. 6. 6. 6. 6. 6. 6. 5. 6. 6. 6. 5. 6. 6. 6. 6. 5. 5. 5. 6. 5. 6. 6. 5.
 6. 6. 5. 5. 6. 6. 5. 6. 6. 6. 6. 6. 5. 6. 6. 6. 6. 6. 5. 6. 6. 5. 6. 6.
 6. 6. 6. 6. 6. 6. 6. 6. 6. 6. 5. 5. 6. 5. 6. 6. 6. 6. 6. 6. 6. 6. 6. 6.
 5. 5. 6. 6. 6. 6. 5. 6. 5. 5. 6. 5. 6. 6. 6. 5. 6. 6. 6. 6. 6. 6. 6. 6.
 5. 6. 5. 6. 6. 6. 6. 6. 6. 6. 5. 6. 6. 6. 6. 6. 6. 6. 6. 6. 6. 6. 6. 6.
 6. 5. 6. 6. 5. 6. 6. 6. 6. 6. 5. 5. 6. 6. 6. 6. 5. 5. 6. 6. 6. 6. 6. 5.
 5. 5. 6. 5. 6. 6. 6. 6. 6. 5. 5. 6. 5. 5. 5. 6. 5. 5. 6. 6. 6. 6. 5. 6.
 6. 6. 5. 5. 6. 6. 6. 5. 5. 6. 6. 6. 5. 5. 6. 5. 5. 5. 6. 6. 5. 6. 6. 5.
 6. 5. 5. 6. 5. 5. 6. 5. 5. 5. 6. 6. 6. 5. 5. 5. 6. 6. 6. 6. 6. 6. 6. 5.
 6. 6. 6. 6. 6. 5. 5. 6. 6. 6. 6. 6. 5. 5. 5. 6. 5. 6. 5. 6. 5. 6. 6. 6.
 6. 6. 6. 6. 6. 6. 6. 6. 6. 6. 6. 6. 5. 5. 6. 6. 5. 6. 6. 6. 6. 6. 6. 6.
 5. 6. 5. 6. 6. 5. 6. 6. 6. 6. 6. 6. 5. 6. 6. 6. 5. 6. 6. 6. 6. 6. 6. 6.
 6. 6. 5. 6. 6. 6. 6. 6. 6. 6. 6. 6. 6. 6. 6. 6. 6. 6. 5. 6. 6. 6. 6. 6.
 6. 6. 6. 5. 6. 6. 6. 5. 5. 6. 5. 5. 6. 6. 6. 6. 5. 5. 6. 6. 6. 6. 6. 6.
 6. 6. 6. 6. 6. 6. 6. 6. 6. 6. 6. 6. 5. 6. 6. 6. 6. 5. 6. 6. 6. 6. 6. 6.
 6. 6. 5. 6. 6. 6. 6. 6. 6. 6. 6. 6. 6. 5. 6. 5. 6. 5. 6. 6. 6. 6. 5. 6.
 6. 6. 5. 6. 5. 6. 6. 6. 6. 6. 6. 5. 5. 5. 6. 6. 6. 6. 6. 6. 6. 6. 6. 6.
 6. 6. 5. 6. 6. 6. 6. 6. 6. 6. 5. 6. 6. 6. 6. 6. 6. 6. 5. 5. 5. 6. 6. 6.
 6. 6. 6. 6. 6. 6. 6. 6. 5. 6. 6. 5. 5. 6. 6. 6. 5. 6. 6. 6. 5. 6. 5. 6.
 6. 6. 6. 6. 6. 6. 6. 6. 6. 6. 6. 5. 6. 6. 6. 6. 6. 6. 6. 5. 5. 6. 6. 6.
 5. 6. 6. 6. 6. 6. 6. 6. 6. 6. 6. 5. 6. 6. 6. 6. 6. 6. 6. 6. 6. 6. 6. 6.
 6. 6. 6. 5. 6. 6. 6. 6. 6. 6. 6. 6. 6. 6. 6. 6. 6. 6. 6. 6. 6. 6. 5. 6.
 6. 6. 5. 5. 5. 6. 6. 5. 6. 6. 6. 6. 6. 6. 5. 5. 6. 6. 6. 5. 6. 5. 6. 5.
 5. 6. 6. 5. 6. 6. 6. 6. 6. 6. 6. 6. 6. 6. 5. 6. 6. 5. 6. 6. 5. 5. 6. 6.
 6. 6. 6. 6. 6. 6. 6. 6. 6. 6. 5. 6. 6. 6. 6. 6. 6. 5. 6. 6. 5. 6. 6. 6.
 6. 6. 6. 6. 6. 6. 6. 6. 5. 6. 6. 6. 6. 6. 6. 6. 6. 6. 5. 6. 6. 6. 6. 6.
 6. 6. 6. 6. 5. 5. 5. 6. 6. 6. 6. 6. 6. 6. 6. 6. 5. 5. 6. 6. 6. 6. 6. 6.
 6. 6. 6. 5. 6. 6. 6. 6. 5. 5. 5.]
Cluster assign [0. 1. 0. 1. 0. 1. 1. 0. 0. 0. 0. 0. 0. 0. 1. 0. 0. 0. 1. 0. 1. 1. 0. 0.
 0. 0. 0. 0. 0. 0. 0. 1. 0. 0. 0. 1. 0. 1. 1. 0. 1. 0. 1. 0. 1. 0. 0. 1.
 0. 0. 1. 1. 1. 0. 1. 0. 1. 0. 0. 0. 1. 0. 0. 0. 0. 1. 1. 0. 0. 1. 0. 1.
 0. 0. 0. 0. 0. 0. 0. 0. 0. 0. 1. 1. 1. 1. 0. 0. 0. 0. 0. 0. 0. 0. 0. 0.
 1. 1. 1. 0. 0. 0. 1. 0. 1. 1. 0. 1. 0. 1. 1. 1. 0. 0. 0. 1. 0. 0. 0. 0.
 1. 1. 1. 0. 1. 0. 1. 0. 0. 0. 1. 0. 0. 0. 0. 0. 0. 0. 0. 0. 0. 0. 1. 0.
 0. 1. 0. 1. 1. 0. 0. 1. 0. 0. 1. 1. 0. 0. 0. 0. 1. 1. 0. 0. 0. 0. 0. 1.
 1. 1. 0. 1. 0. 1. 0. 0. 0. 1. 1. 0. 1. 1. 1. 0. 1. 1. 0. 0. 0. 0. 1. 0.
 0. 0. 1. 1. 0. 0. 0. 1. 1. 0. 0. 0. 1. 1. 0. 1. 1. 1. 0. 0. 1. 0. 0. 1.
 0. 1. 1. 0. 1. 1. 0. 1. 1. 1. 0. 1. 0. 1. 1. 1. 1. 0. 0. 0. 0. 0. 0. 1.
 1. 0. 0. 1. 1. 1. 1. 1. 0. 0. 0. 1. 1. 1. 1. 1. 0. 0. 1. 1. 1. 0. 1. 0.
 1. 0. 0. 0. 0. 0. 0. 0. 0. 1. 1. 1. 1. 1. 0. 0. 1. 0. 0. 1. 1. 0. 0. 1.
 1. 0. 1. 0. 1. 1. 0. 0. 1. 0. 0. 0. 0. 0. 0. 1. 1. 0. 1. 1. 0. 1. 0. 0.
 1. 0. 1. 1. 1. 0. 0. 1. 1. 0. 1. 0. 0. 1. 1. 0. 0. 0. 1. 0. 0. 0. 0. 1.
 0. 0. 0. 1. 0. 0. 0. 1. 1. 0. 1. 1. 0. 0. 0. 0. 1. 1. 0. 0. 0. 0. 0. 0.
 0. 0. 0. 0. 0. 0. 0. 1. 0. 0. 0. 0. 1. 0. 0. 0. 0. 1. 0. 0. 0. 0. 0. 0.
 0. 0. 1. 0. 0. 0. 0. 0. 0. 0. 0. 0. 0. 1. 0. 1. 0. 1. 0. 0. 0. 0. 1. 0.
 0. 0. 1. 0. 1. 0. 0. 0. 0. 0. 0. 1. 1. 1. 0. 0. 0. 1. 0. 0. 0. 0. 0. 0.
 0. 0. 1. 0. 0. 0. 1. 0. 0. 1. 1. 0. 0. 0. 0. 0. 0. 0. 1. 1. 1. 0. 0. 0.
 0. 0. 0. 0. 0. 0. 0. 0. 1. 0. 0. 1. 1. 0. 0. 0. 1. 0. 0. 0. 1. 0. 1. 0.
 0. 0. 0. 0. 0. 0. 0. 0. 0. 0. 0. 1. 0. 0. 0. 0. 0. 0. 0. 1. 1. 0. 0. 0.
 1. 0. 0. 0. 1. 0. 0. 0. 0. 0. 0. 1. 0. 0. 0. 0. 0. 0. 0. 0. 0. 0. 0. 0.
 0. 0. 0. 1. 0. 0. 1. 0. 0. 0. 0. 0. 0. 0. 0. 0. 0. 0. 0. 0. 0. 0. 1. 0.
 0. 1. 1. 1. 1. 0. 0. 1. 0. 0. 0. 0. 0. 0. 1. 1. 0. 0. 0. 1. 0. 1. 0. 1.
 1. 1. 0. 1. 0. 0. 0. 0. 0. 0. 0. 0. 1. 1. 1. 0. 0. 1. 0. 1. 1. 1. 0. 0.
 0. 0. 0. 0. 0. 0. 0. 0. 0. 0. 1. 0. 0. 0. 0. 0. 0. 1. 0. 0. 1. 0. 0. 0.
 0. 0. 0. 0. 0. 0. 0. 0. 1. 0. 0. 0. 0. 0. 0. 0. 0. 0. 1. 0. 0. 0. 0. 0.
 0. 0. 0. 0. 1. 1. 1. 0. 0. 0. 0. 0. 0. 0. 0. 0. 1. 1. 0. 0. 0. 0. 0. 0.
 0. 0. 0. 1. 0. 0. 0. 0. 1. 1. 1.]
Cluster assign [ 0.  0.  0.  0.  0.  0.  0.  0.  0.  0.  0.  0.  0.  0.  0.  0.  0.  0.
  0.  0.  0.  0.  0.  0.  0.  0.  0.  0.  0.  0.  0.  0.  0.  0.  0.  0.
  0.  0.  0.  0.  0.  0.  0.  0.  0.  0.  0.  0.  0.  0.  0.  0.  0.  0.
  0.  0.  0.  0.  0.  0.  0.  0.  0.  0.  0.  0.  0.  0.  0. 69.  0.  0.
  0.  0.  0.  0.  0.  0.  0.  0.  0.  0.  0.  0.  0.  0.  0.  0.  0.  0.
  0.  0.  0.  0.  0.  0.  0.  0.  0.  0.  0.  0. 69.  0.  0.  0.  0.  0.
  0.  0.  0.  0.  0.  0.  0.  0.  0.  0.  0.  0.  0.  0.  0.  0.  0.  0.
  0.  0.  0.  0.  0.  0.  0.  0.  0.  0.  0.  0.  0.  0.  0.  0.  0.  0.
  0.  0.  0.  0.  0.  0.  0.  0.  0.  0.  0.  0.  0.  0.  0.  0.  0. 69.
  0.  0.  0.  0.  0.  0.  0.  0.  0.  0.  0.  0.  0.  0.  0.  0.  0.  0.
  0.  0.  0.  0.  0.  0.  0.  0.  0.  0.  0.  0.  0.  0.  0.  0.  0.  0.
  0.  0.  0.  0.  0.  0.  0.  0.  0.  0.  0.  0.  0.  0.  0.  0.  0.  0.
  0.  0.  0.  0.  0.  0.  0.  0.  0.  0.  0.  0.  0.  0.  0.  0.  0.  0.
  0.  0.  0.  0.  0.  0.  0.  0.  0.  0.  0.  0.  0.  0.  0.  0.  0.  0.
  0.  0.  0.  0.  0.  0.  0.  0.  0.  0.  0.  0.  0.  0.  0.  0.  0.  0.
  0.  0.  0.  0.  0.  0.  0.  0.  0.  0.  0.  0.  0.  0.  0.  0.  0.  0.
  0.  0.  0.  0.  0.  0.  0.  0.  0.  0.  0.  0.  0.  0.  0.  0.  0.  0.
  0.  0.  0.  0.  0.  0.  0.  0.  0.  0.  0.  0.  0.  0.  0.  0.  0.  0.
  0.  0.  0.  0.  0.  0.  0.  0.  0.  0.  0.  0.  0.  0.  0.  0.  0.  0.
  0.  0.  0.  0.  0.  0.  0.  0.  0.  0.  0.  0.  0.  0.  0.  0.  0.  0.
  0.  0.  0.  0.  0.  0.  0.  0.  0.  0.  0.  0.  0.  0.  0.  0.  0.  0.
  0.  0.  0.  0.  0.  0.  0.  0.  0.  0.  0.  0.  0.  0.  0.  0.  0.  0.
  0.  0.  0.  0.  0.  0.  0.  0.  0.  0.  0.  0.  0.  0.  0.  0.  0.  0.
  0.  0.  0.  0.  0.  0.  0.  0.  0.  0.  0.  0.  0.  0.  0.  0.  0.  0.
  0.  0.  0.  0.  0.  0.  0.  0.  0.  0.  0.  0.  0.  0.  0.  0.  0.  0.
  0.  0.  0.  0.  0.  0.  0.  0.  0.  0.  0.  0.  0.  0.  0.  0.  0. 69.
  0.  0.  0.  0.  0.  0.  0.  0.  0.  0.  0.  0.  0.  0.  0.  0.  0.  0.
  0.  0.  0.  0.  0. 69.  0.  0.  0.  0.  0.  0.  0.  0.  0.  0.  0.  0.
  0.  0.  0.  0.  0.  0.  0.  0.  0.  0.  0.  0.  0.  0.  0.  0.  0.  0.
  0.  0.  0.  0.  0.  0.  0.  0.  0.  0.  0.  0.  0.  0.  0.  0.  0.  0.
  0.  0.  0.  0.  0.  0.  0.  0.  0.  0.  0.  0.  0.  0.  0.  0.  0.  0.
  0.  0.  0.  0.  0.  0.  0.  0.  0.  0.  0.  0.  0.  0.  0.  0.  0.  0.
  0.  0.  0.  0.  0.  0.  0.  0.  0.  0.  0.  0.  0.  0.  0.  0.  0. 69.
  0.  0.  0.  0.  0.  0.  0.  0.  0.  0.  0.  0.  0.  0.  0.  0.  0.  0.
  0.  0.  0.  0.  0.  0.  0.  0.  0.  0.  0.  0.  0.  0.  0.  0.  0.  0.
  0.  0. 69.  0.  0.  0.  0.  0.  0.  0.  0.  0.  0.  0.  0.  0.  0.  0.
  0.  0.  0.  0.  0.  0.  0.  0.  0.  0.  0.  0.  0.  0.  0.  0.  0.  0.
  0.  0.  0.  0.  0.  0.  0.  0.  0.  0.  0.  0.  0.  0.  0.  0.  0.]
Cluster assign [ 0.  0.  0.  0.  0.  0.  0.  0.  0.  0.  0.  0.  0.  0.  0.  0.  0.  0.
  0.  0.  0.  0.  0.  0.  0.  0.  0.  0.  0.  0.  0.  0.  0.  0.  0.  0.
  0.  0.  0.  0.  0.  0.  0.  0.  0.  0.  0.  0.  0.  0.  0.  0.  0.  0.
  0.  0.  0.  0.  0.  0.  0.  0.  0.  0.  0.  0.  0.  0.  0. 69.  0.  0.
  0.  0.  0.  0.  0.  0.  0.  0.  0.  0.  0.  0.  0.  0.  0.  0.  0.  0.
  0.  0.  0.  0.  0.  0.  0.  0.  0.  0.  0.  0. 69.  0.  0.  0.  0.  0.
  0.  0.  0.  0.  0.  0.  0.  0.  0.  0.  0.  0.  0.  0.  0.  0.  0.  0.
  0.  0.  0.  0.  0.  0.  0.  0.  0.  0.  0.  0.  0.  0.  0.  0.  0.  0.
  0.  0.  0.  0.  0.  0.  0.  0.  0.  0.  0.  0.  0.  0.  0.  0.  0. 69.
  0.  0.  0.  0.  0.  0.  0.  0.  0.  0.  0.  0.  0.  0.  0.  0.  0.  0.
  0.  0.  0.  0.  0.  0.  0.  0.  0.  0.  0.  0.  0.  0.  0.  0.  0.  0.
  0.  0.  0.  0.  0.  0.  0.  0.  0.  0.  0.  0.  0.  0.  0.  0.  0.  0.
  0.  0.  0.  0.  0.  0.  0.  0.  0.  0.  0.  0.  0.  0.  0.  0.  0.  0.
  0.  0.  0.  0.  0.  0.  0.  0.  0.  0.  0.  0.  0.  0.  0.  0.  0.  0.
  0.  0.  0.  0.  0.  0.  0.  0.  0.  0.  0.  0.  0.  0.  0.  0.  0.  0.
  0.  0.  0.  0.  0.  0.  0.  0.  0.  0.  0.  0.  0.  0.  0.  0.  0.  0.
  0.  0.  0.  0.  0.  0.  0.  0.  0.  0.  0.  0.  0.  0.  0.  0.  0.  0.
  0.  0.  0.  0.  0.  0.  0.  0.  0.  0.  0.  0.  0.  0.  0.  0.  0.  0.
  0.  0.  0.  0.  0.  0.  0.  0.  0.  0.  0.  0.  0.  0.  0.  0.  0.  0.
  0.  0.  0.  0.  0.  0.  0.  0.  0.  0.  0.  0.  0.  0.  0.  0.  0.  0.
  0.  0.  0.  0.  0.  0.  0.  0.  0.  0.  0.  0.  0.  0.  0.  0.  0.  0.
  0.  0.  0.  0.  0.  0.  0.  0.  0.  0.  0.  0.  0.  0.  0.  0.  0.  0.
  0.  0.  0.  0.  0.  0.  0.  0.  0.  0.  0.  0.  0.  0.  0.  0.  0.  0.
  0.  0.  0.  0.  0.  0.  0.  0.  0.  0.  0.  0.  0.  0.  0.  0.  0.  0.
  0.  0.  0.  0.  0.  0.  0.  0.  0.  0.  0.  0.  0.  0.  0.  0.  0.  0.
  0.  0.  0.  0.  0.  0.  0.  0.  0.  0.  0.  0.  0.  0.  0.  0.  0. 69.
  0.  0.  0.  0.  0.  0.  0.  0.  0.  0.  0.  0.  0.  0.  0.  0.  0.  0.
  0.  0.  0.  0.  0. 69.  0.  0.  0.  0.  0.  0.  0.  0.  0.  0.  0.  0.
  0.  0.  0.  0.  0.  0.  0.  0.  0.  0.  0.  0.  0.  0.  0.  0.  0.  0.
  0.  0.  0.  0.  0.  0.  0.  0.  0.  0.  0.  0.  0.  0.  0.  0.  0.  0.
  0.  0.  0.  0.  0.  0.  0.  0.  0.  0.  0.  0.  0.  0.  0.  0.  0.  0.
  0.  0.  0.  0.  0.  0.  0.  0.  0.  0.  0.  0.  0.  0.  0.  0.  0.  0.
  0.  0.  0.  0.  0.  0.  0.  0.  0.  0.  0.  0.  0.  0.  0.  0.  0. 69.
  0.  0.  0.  0.  0.  0.  0.  0.  0.  0.  0.  0.  0.  0.  0.  0.  0.  0.
  0.  0.  0.  0.  0.  0.  0.  0.  0.  0.  0.  0.  0.  0.  0.  0.  0.  0.
  0.  0. 69.  0.  0.  0.  0.  0.  0.  0.  0.  0.  0.  0.  0.  0.  0.  0.
  0.  0.  0.  0.  0.  0.  0.  0.  0.  0.  0.  0.  0.  0.  0.  0.  0.  0.
  0.  0.  0.  0.  0.  0.  0.  0.  0.  0.  0.  0.  0.  0.  0.  0.  0.]
Cluster assign [0. 1. 0. 1. 0. 1. 1. 0. 0. 0. 0. 0. 0. 0. 1. 0. 0. 0. 1. 0. 1. 1. 0. 0.
 0. 0. 0. 0. 0. 0. 0. 1. 0. 0. 0. 1. 0. 1. 1. 0. 1. 0. 1. 0. 1. 0. 0. 1.
 0. 0. 1. 1. 1. 0. 1. 0. 1. 0. 0. 0. 1. 0. 0. 0. 0. 1. 1. 0. 0. 1. 0. 1.
 0. 0. 0. 0. 0. 0. 0. 0. 0. 0. 1. 1. 1. 1. 0. 0. 0. 0. 0. 0. 0. 0. 0. 0.
 1. 1. 1. 0. 0. 0. 1. 0. 1. 1. 0. 1. 0. 1. 1. 1. 0. 0. 0. 1. 0. 0. 0. 0.
 1. 1. 1. 0. 1. 0. 1. 0. 0. 0. 1. 0. 0. 0. 0. 0. 0. 0. 0. 0. 0. 0. 1. 0.
 0. 1. 0. 1. 1. 0. 0. 1. 0. 0. 1. 1. 0. 0. 0. 0. 1. 1. 0. 0. 0. 0. 0. 1.
 1. 1. 0. 1. 0. 1. 0. 0. 0. 1. 1. 0. 1. 1. 1. 0. 1. 1. 0. 0. 0. 0. 1. 0.
 0. 0. 1. 1. 0. 0. 0. 1. 1. 0. 0. 0. 1. 1. 0. 1. 1. 1. 0. 0. 1. 0. 0. 1.
 0. 1. 1. 0. 1. 1. 0. 1. 1. 1. 0. 1. 0. 1. 1. 1. 1. 0. 0. 0. 0. 0. 0. 1.
 1. 0. 0. 1. 1. 1. 1. 1. 0. 0. 0. 1. 1. 1. 1. 1. 0. 0. 1. 1. 1. 0. 1. 0.
 1. 0. 0. 0. 0. 0. 0. 0. 0. 1. 1. 1. 1. 1. 0. 0. 1. 0. 0. 1. 1. 0. 0. 1.
 1. 0. 1. 0. 1. 1. 0. 0. 1. 0. 0. 0. 0. 0. 0. 1. 1. 0. 1. 1. 0. 1. 0. 0.
 1. 0. 1. 1. 1. 0. 0. 1. 1. 0. 1. 0. 0. 1. 1. 0. 0. 0. 1. 0. 0. 0. 0. 1.
 0. 0. 0. 1. 0. 0. 0. 1. 1. 0. 1. 1. 0. 0. 0. 0. 1. 1. 0. 0. 0. 0. 0. 0.
 0. 0. 0. 0. 0. 0. 0. 1. 0. 0. 0. 0. 1. 0. 0. 0. 0. 1. 0. 0. 0. 0. 0. 0.
 0. 0. 1. 0. 0. 0. 0. 0. 0. 0. 0. 0. 0. 1. 0. 1. 0. 1. 0. 0. 0. 0. 1. 0.
 0. 0. 1. 0. 1. 0. 0. 0. 0. 0. 0. 1. 1. 1. 0. 0. 0. 1. 0. 0. 0. 0. 0. 0.
 0. 0. 1. 0. 0. 0. 1. 0. 0. 1. 1. 0. 0. 0. 0. 0. 0. 0. 1. 1. 1. 0. 0. 0.
 0. 0. 0. 0. 0. 0. 0. 0. 1. 0. 0. 1. 1. 0. 0. 0. 1. 0. 0. 0. 1. 0. 1. 0.
 0. 0. 0. 0. 0. 0. 0. 0. 0. 0. 0. 1. 0. 0. 0. 0. 0. 0. 0. 1. 1. 0. 0. 0.
 1. 0. 0. 0. 1. 0. 0. 0. 0. 0. 0. 1. 0. 0. 0. 0. 0. 0. 0. 0. 0. 0. 0. 0.
 0. 0. 0. 1. 0. 0. 1. 0. 0. 0. 0. 0. 0. 0. 0. 0. 0. 0. 0. 0. 0. 0. 1. 0.
 0. 1. 1. 1. 1. 0. 0. 1. 0. 0. 0. 0. 0. 0. 1. 1. 0. 0. 0. 1. 0. 1. 0. 1.
 1. 1. 0. 1. 0. 0. 0. 0. 0. 0. 0. 0. 1. 1. 1. 0. 0. 1. 0. 1. 1. 1. 0. 0.
 0. 0. 0. 0. 0. 0. 0. 0. 0. 0. 1. 0. 0. 0. 0. 0. 0. 1. 0. 0. 1. 0. 0. 0.
 0. 0. 0. 0. 0. 0. 0. 0. 1. 0. 0. 0. 0. 0. 0. 0. 0. 0. 1. 0. 0. 0. 0. 0.
 0. 0. 0. 0. 1. 1. 1. 0. 0. 0. 0. 0. 0. 0. 0. 0. 1. 1. 0. 0. 0. 0. 0. 0.
 0. 0. 0. 1. 0. 0. 0. 0. 1. 1. 1.]
Cluster assign [0. 1. 0. 1. 0. 1. 0. 0. 0. 0. 0. 0. 0. 0. 1. 1. 0. 0. 1. 0. 1. 1. 0. 0.
 1. 0. 0. 0. 0. 0. 0. 1. 0. 0. 0. 1. 1. 1. 1. 1. 1. 1. 1. 0. 1. 0. 0. 1.
 1. 0. 1. 1. 1. 1. 1. 1. 1. 1. 1. 0. 1. 1. 0. 1. 0. 1. 1. 0. 0. 1. 0. 1.
 1. 0. 0. 0. 0. 0. 0. 0. 0. 0. 1. 1. 1. 1. 0. 0. 0. 0. 0. 0. 0. 0. 0. 0.
 1. 1. 1. 1. 0. 1. 1. 1. 1. 1. 0. 1. 0. 1. 1. 1. 0. 0. 0. 1. 0. 0. 0. 0.
 1. 1. 1. 0. 1. 0. 1. 0. 0. 0. 1. 0. 0. 0. 0. 0. 0. 0. 0. 1. 0. 0. 1. 0.
 1. 1. 0. 1. 1. 0. 0. 1. 0. 0. 1. 1. 0. 0. 0. 0. 1. 1. 0. 0. 0. 0. 0. 1.
 1. 1. 0. 1. 0. 1. 0. 0. 0. 1. 1. 0. 1. 1. 1. 0. 1. 1. 0. 0. 0. 0. 1. 0.
 0. 0. 1. 1. 0. 0. 0. 1. 1. 0. 0. 0. 1. 1. 0. 1. 1. 1. 0. 0. 1. 0. 0. 1.
 0. 1. 1. 0. 1. 1. 0. 1. 1. 1. 1. 1. 0. 1. 1. 1. 1. 0. 0. 0. 0. 0. 0. 1.
 1. 0. 0. 1. 1. 1. 1. 1. 0. 0. 0. 1. 1. 1. 1. 1. 1. 0. 1. 1. 1. 0. 1. 0.
 1. 0. 0. 0. 0. 0. 1. 0. 0. 1. 1. 1. 1. 1. 0. 1. 1. 0. 0. 1. 1. 1. 0. 1.
 1. 0. 1. 0. 1. 1. 0. 0. 1. 0. 0. 0. 1. 0. 0. 1. 1. 0. 1. 1. 0. 1. 0. 0.
 1. 0. 1. 1. 1. 0. 0. 1. 1. 0. 1. 0. 0. 1. 1. 0. 0. 0. 1. 0. 0. 0. 1. 1.
 0. 0. 1. 1. 0. 0. 0. 1. 1. 1. 1. 1. 0. 0. 0. 0. 1. 1. 0. 0. 0. 0. 0. 0.
 0. 0. 0. 0. 0. 0. 0. 1. 0. 0. 0. 0. 1. 0. 0. 0. 0. 1. 0. 0. 0. 0. 0. 0.
 0. 0. 1. 0. 0. 0. 0. 0. 0. 0. 0. 0. 0. 1. 0. 1. 1. 1. 0. 0. 0. 0. 1. 0.
 0. 0. 1. 0. 1. 0. 0. 0. 0. 0. 0. 1. 1. 1. 0. 0. 0. 1. 0. 0. 0. 0. 0. 0.
 0. 0. 1. 0. 0. 0. 1. 0. 1. 1. 1. 0. 0. 0. 0. 0. 0. 0. 1. 1. 1. 0. 0. 0.
 0. 0. 0. 0. 0. 0. 0. 0. 1. 0. 0. 1. 1. 0. 0. 0. 1. 1. 0. 0. 1. 0. 1. 1.
 0. 0. 0. 0. 0. 0. 0. 0. 0. 0. 0. 1. 0. 0. 0. 0. 0. 0. 0. 1. 1. 0. 0. 0.
 1. 0. 0. 1. 1. 0. 0. 0. 0. 0. 0. 1. 0. 0. 0. 0. 0. 0. 0. 0. 0. 0. 0. 0.
 0. 0. 0. 1. 0. 0. 1. 0. 0. 0. 0. 0. 0. 0. 0. 0. 0. 0. 0. 0. 0. 0. 1. 0.
 0. 1. 1. 1. 1. 0. 0. 1. 0. 0. 0. 0. 0. 0. 1. 1. 0. 0. 0. 1. 0. 1. 0. 1.
 1. 1. 0. 1. 0. 0. 0. 0. 0. 0. 0. 0. 1. 1. 1. 0. 0. 1. 0. 1. 1. 1. 0. 0.
 0. 0. 0. 0. 0. 1. 0. 0. 0. 0. 1. 0. 0. 0. 0. 0. 0. 1. 0. 0. 1. 0. 0. 0.
 0. 0. 0. 0. 0. 0. 0. 0. 1. 0. 0. 0. 0. 0. 0. 0. 0. 1. 1. 0. 0. 0. 0. 0.
 0. 0. 0. 0. 1. 1. 1. 0. 0. 0. 0. 0. 0. 0. 0. 0. 1. 1. 0. 0. 0. 0. 0. 0.
 0. 0. 0. 1. 0. 0. 0. 0. 1. 1. 1.]
Cluster assign [0. 1. 0. 1. 0. 1. 0. 0. 0. 0. 0. 0. 0. 0. 1. 1. 0. 0. 1. 0. 1. 1. 0. 0.
 1. 0. 0. 0. 0. 0. 0. 1. 0. 0. 0. 1. 1. 1. 1. 1. 1. 1. 1. 0. 1. 0. 0. 1.
 1. 0. 1. 1. 1. 1. 1. 1. 1. 1. 1. 0. 1. 1. 0. 1. 0. 1. 1. 0. 0. 1. 0. 1.
 1. 0. 0. 0. 0. 0. 0. 0. 0. 0. 1. 1. 1. 1. 0. 0. 0. 0. 0. 0. 0. 0. 0. 0.
 1. 1. 1. 1. 0. 1. 1. 1. 1. 1. 0. 1. 0. 1. 1. 1. 0. 0. 0. 1. 0. 0. 0. 0.
 1. 1. 1. 0. 1. 0. 1. 0. 0. 0. 1. 0. 0. 0. 0. 0. 0. 0. 0. 1. 0. 0. 1. 0.
 1. 1. 0. 1. 1. 0. 0. 1. 0. 0. 1. 1. 0. 0. 0. 0. 1. 1. 0. 0. 0. 0. 0. 1.
 1. 1. 0. 1. 0. 1. 0. 0. 0. 1. 1. 0. 1. 1. 1. 0. 1. 1. 0. 0. 0. 0. 1. 0.
 0. 0. 1. 1. 0. 0. 0. 1. 1. 0. 0. 0. 1. 1. 0. 1. 1. 1. 0. 0. 1. 0. 0. 1.
 0. 1. 1. 0. 1. 1. 0. 1. 1. 1. 1. 1. 0. 1. 1. 1. 1. 0. 0. 0. 0. 0. 0. 1.
 1. 0. 0. 1. 1. 1. 1. 1. 0. 0. 0. 1. 1. 1. 1. 1. 1. 0. 1. 1. 1. 0. 1. 0.
 1. 0. 0. 0. 0. 0. 1. 0. 0. 1. 1. 1. 1. 1. 0. 1. 1. 0. 0. 1. 1. 1. 0. 1.
 1. 0. 1. 0. 1. 1. 0. 0. 1. 0. 0. 0. 1. 0. 0. 1. 1. 0. 1. 1. 0. 1. 0. 0.
 1. 0. 1. 1. 1. 0. 0. 1. 1. 0. 1. 0. 0. 1. 1. 0. 0. 0. 1. 0. 0. 0. 1. 1.
 0. 0. 1. 1. 0. 0. 0. 1. 1. 1. 1. 1. 0. 0. 0. 0. 1. 1. 0. 0. 0. 0. 0. 0.
 0. 0. 0. 0. 0. 0. 0. 1. 0. 0. 0. 0. 1. 0. 0. 0. 0. 1. 0. 0. 0. 0. 0. 0.
 0. 0. 1. 0. 0. 0. 0. 0. 0. 0. 0. 0. 0. 1. 0. 1. 1. 1. 0. 0. 0. 0. 1. 0.
 0. 0. 1. 0. 1. 0. 0. 0. 0. 0. 0. 1. 1. 1. 0. 0. 0. 1. 0. 0. 0. 0. 0. 0.
 0. 0. 1. 0. 0. 0. 1. 0. 1. 1. 1. 0. 0. 0. 0. 0. 0. 0. 1. 1. 1. 0. 0. 0.
 0. 0. 0. 0. 0. 0. 0. 0. 1. 0. 0. 1. 1. 0. 0. 0. 1. 1. 0. 0. 1. 0. 1. 1.
 0. 0. 0. 0. 0. 0. 0. 0. 0. 0. 0. 1. 0. 0. 0. 0. 0. 0. 0. 1. 1. 0. 0. 0.
 1. 0. 0. 1. 1. 0. 0. 0. 0. 0. 0. 1. 0. 0. 0. 0. 0. 0. 0. 0. 0. 0. 0. 0.
 0. 0. 0. 1. 0. 0. 1. 0. 0. 0. 0. 0. 0. 0. 0. 0. 0. 0. 0. 0. 0. 0. 1. 0.
 0. 1. 1. 1. 1. 0. 0. 1. 0. 0. 0. 0. 0. 0. 1. 1. 0. 0. 0. 1. 0. 1. 0. 1.
 1. 1. 0. 1. 0. 0. 0. 0. 0. 0. 0. 0. 1. 1. 1. 0. 0. 1. 0. 1. 1. 1. 0. 0.
 0. 0. 0. 0. 0. 1. 0. 0. 0. 0. 1. 0. 0. 0. 0. 0. 0. 1. 0. 0. 1. 0. 0. 0.
 0. 0. 0. 0. 0. 0. 0. 0. 1. 0. 0. 0. 0. 0. 0. 0. 0. 1. 1. 0. 0. 0. 0. 0.
 0. 0. 0. 0. 1. 1. 1. 0. 0. 0. 0. 0. 0. 0. 0. 0. 1. 1. 0. 0. 0. 0. 0. 0.
 0. 0. 0. 1. 0. 0. 0. 0. 1. 1. 1.]
Cluster assign [0. 1. 0. 1. 0. 1. 0. 0. 0. 0. 0. 0. 0. 0. 1. 1. 0. 0. 1. 0. 1. 1. 0. 0.
 1. 0. 0. 0. 0. 0. 0. 1. 0. 0. 0. 1. 0. 1. 1. 1. 1. 1. 1. 0. 1. 0. 0. 1.
 1. 0. 1. 1. 1. 1. 1. 1. 1. 1. 1. 0. 1. 1. 0. 1. 0. 1. 1. 0. 0. 1. 0. 1.
 1. 0. 0. 0. 0. 0. 0. 0. 0. 0. 1. 1. 1. 1. 0. 0. 0. 0. 0. 0. 0. 0. 0. 0.
 1. 1. 1. 1. 0. 1. 1. 1. 1. 1. 0. 1. 0. 1. 1. 1. 0. 0. 0. 1. 0. 0. 0. 0.
 1. 1. 1. 0. 1. 0. 1. 0. 0. 0. 1. 0. 0. 0. 0. 0. 0. 0. 0. 1. 0. 0. 1. 0.
 1. 1. 0. 1. 1. 0. 0. 1. 0. 0. 1. 1. 0. 0. 0. 0. 1. 1. 0. 0. 0. 0. 0. 1.
 1. 1. 0. 1. 0. 1. 0. 0. 0. 1. 1. 0. 1. 1. 1. 0. 1. 1. 0. 0. 0. 0. 1. 0.
 0. 0. 1. 1. 0. 0. 0. 1. 1. 0. 0. 0. 1. 1. 0. 1. 1. 1. 0. 0. 1. 0. 0. 1.
 0. 1. 1. 0. 1. 1. 0. 1. 1. 1. 1. 1. 0. 1. 1. 1. 1. 0. 0. 0. 0. 0. 0. 1.
 1. 0. 0. 1. 1. 1. 1. 1. 0. 0. 0. 1. 1. 1. 1. 1. 1. 0. 1. 1. 1. 0. 1. 0.
 1. 0. 0. 0. 0. 0. 1. 0. 0. 1. 1. 1. 1. 1. 0. 1. 1. 0. 0. 1. 1. 1. 0. 1.
 1. 0. 1. 0. 1. 1. 0. 0. 1. 0. 0. 0. 1. 0. 0. 1. 1. 0. 1. 1. 0. 1. 0. 0.
 1. 0. 1. 1. 1. 0. 0. 1. 1. 0. 1. 0. 0. 1. 1. 0. 0. 0. 1. 0. 0. 0. 1. 1.
 0. 0. 1. 1. 0. 0. 0. 1. 1. 1. 1. 1. 0. 0. 0. 0. 1. 1. 0. 0. 0. 0. 0. 0.
 0. 0. 0. 0. 0. 0. 0. 1. 0. 0. 0. 0. 1. 0. 0. 0. 0. 1. 0. 0. 0. 0. 0. 0.
 0. 0. 1. 0. 0. 0. 0. 0. 0. 0. 0. 0. 0. 1. 0. 1. 1. 1. 0. 0. 0. 0. 1. 0.
 0. 0. 1. 0. 1. 0. 0. 0. 0. 0. 0. 1. 1. 1. 0. 0. 0. 1. 0. 0. 0. 0. 0. 0.
 0. 0. 1. 0. 0. 0. 1. 0. 1. 1. 1. 0. 0. 0. 0. 0. 0. 0. 1. 1. 1. 0. 0. 0.
 0. 0. 0. 0. 0. 0. 0. 0. 1. 0. 0. 1. 1. 0. 0. 0. 1. 1. 0. 0. 1. 0. 1. 1.
 0. 0. 0. 0. 0. 0. 0. 0. 0. 0. 0. 1. 0. 0. 0. 0. 0. 0. 0. 1. 1. 0. 0. 0.
 1. 0. 0. 1. 1. 0. 0. 0. 0. 0. 0. 1. 0. 0. 0. 0. 0. 0. 0. 0. 0. 0. 0. 0.
 0. 0. 0. 1. 0. 0. 1. 0. 0. 0. 0. 0. 0. 0. 0. 0. 0. 0. 0. 0. 0. 0. 1. 0.
 0. 1. 1. 1. 1. 0. 0. 1. 0. 0. 0. 0. 0. 0. 1. 1. 0. 0. 0. 1. 0. 1. 0. 1.
 1. 1. 0. 1. 0. 0. 0. 0. 0. 0. 0. 0. 1. 1. 1. 0. 0. 1. 0. 1. 1. 1. 0. 0.
 0. 0. 0. 0. 0. 0. 0. 0. 0. 0. 1. 0. 0. 0. 0. 0. 0. 1. 0. 0. 1. 0. 0. 0.
 0. 0. 0. 0. 0. 0. 0. 0. 1. 0. 0. 0. 0. 0. 0. 0. 0. 1. 1. 0. 0. 0. 0. 0.
 0. 0. 0. 0. 1. 1. 1. 0. 0. 0. 0. 0. 0. 0. 0. 0. 1. 1. 0. 0. 0. 0. 0. 0.
 0. 0. 0. 1. 0. 0. 0. 0. 1. 1. 1.]
Cluster assign [  0.   0.   0.   0.   0.   0.   0.   0.   0.   0.   0.   0.   0.   0.
   0.   0.   0.   0.   0.   0.   0.   0.   0.   0.   0.   0.   0.   0.
   0.   0.   0.   0.   0.   0.   0.   0.   0.   0.   0.   0.   0.   0.
   0.   0.   0.   0.   0.   0.   0.   0.   0.   0.   0.   0.   0.   0.
   0.   0.   0.   0.   0.   0.   0.   0.   0.   0.   0.   0.   0.   0.
   0.   0.   0.   0.   0.   0.   0.   0.   0.   0.   0.   0.   0.   0.
   0.   0.   0.   0.   0.   0.   0.   0.   0.   0.   0.   0.   0.   0.
   0.   0.   0.   0.   0.   0.   0.   0.   0.   0.   0.   0.   0.   0.
   0.   0.   0.   0.   0.   0.   0.   0.   0.   0.   0.   0.   0.   0.
   0.   0.   0.   0.   0.   0.   0.   0.   0.   0.   0.   0.   0.   0.
   0.   0.   0.   0.   0.   0.   0.   0.   0.   0.   0.   0.   0.   0.
   0.   0.   0.   0.   0.   0.   0. 161.   0.   0.   0.   0.   0.   0.
   0.   0.   0.   0.   0.   0.   0.   0.   0.   0.   0.   0.   0.   0.
   0.   0.   0.   0.   0.   0.   0.   0.   0.   0.   0.   0.   0.   0.
   0.   0.   0.   0.   0.   0.   0.   0.   0.   0.   0.   0.   0.   0.
   0.   0.   0.   0.   0.   0.   0.   0.   0.   0.   0.   0.   0.   0.
   0.   0.   0.   0.   0.   0.   0.   0.   0.   0.   0.   0.   0.   0.
   0.   0.   0.   0.   0.   0.   0.   0.   0.   0.   0.   0.   0.   0.
   0.   0.   0.   0.   0.   0.   0.   0.   0.   0.   0.   0.   0.   0.
   0.   0.   0.   0.   0.   0.   0.   0.   0.   0.   0.   0.   0.   0.
   0.   0.   0.   0.   0.   0.   0.   0.   0.   0.   0.   0.   0.   0.
   0.   0.   0.   0.   0.   0.   0.   0.   0.   0.   0.   0.   0.   0.
   0.   0.   0.   0.   0.   0.   0.   0.   0.   0.   0.   0.   0.   0.
   0.   0.   0.   0.   0.   0.   0.   0.   0.   0.   0.   0.   0.   0.
   0.   0.   0.   0.   0.   0.   0.   0.   0.   0.   0.   0.   0.   0.
   0.   0.   0.   0.   0.   0.   0.   0.   0.   0.   0.   0.   0.   0.
   0.   0.   0.   0.   0.   0.   0.   0.   0.   0.   0.   0.   0.   0.
   0.   0.   0.   0.   0.   0.   0.   0.   0.   0.   0.   0.   0.   0.
   0.   0.   0.   0.   0.   0.   0.   0.   0.   0.   0.   0.   0.   0.
   0.   0.   0.   0.   0.   0.   0.   0.   0.   0.   0.   0.   0.   0.
   0.   0.   0.   0.   0.   0.   0.   0.   0.   0.   0.   0.   0.   0.
   0.   0.   0.   0.   0.   0.   0.   0.   0.   0.   0.   0.   0.   0.
   0.   0.   0.   0.   0.   0.   0.   0.   0.   0.   0.   0.   0.   0.
   0.   0.   0.   0.   0.   0.   0.   0.   0.   0.   0.   0.   0.   0.
   0.   0.   0.   0.   0.   0.   0.   0.   0.   0.   0.   0.   0.   0.
   0.   0.   0.   0.   0.   0.   0.   0.   0.   0.   0.   0.   0.   0.
   0.   0.   0.   0.   0.   0.   0.   0.   0.   0.   0.   0.   0.   0.
   0.   0.   0.   0.   0.   0.   0.   0.   0.   0.   0.   0.   0.   0.
   0.   0.   0.   0.   0.   0.   0.   0.   0.   0.   0.   0.   0.   0.
   0.   0.   0.   0.   0.   0.   0.   0.   0.   0.   0.   0.   0.   0.
   0.   0.   0.   0.   0.   0.   0.   0.   0.   0.   0.   0.   0.   0.
   0.   0.   0.   0.   0.   0.   0.   0.   0.   0.   0.   0.   0.   0.
   0.   0.   0.   0.   0.   0.   0.   0.   0.   0.   0.   0.   0.   0.
   0.   0.   0.   0.   0.   0.   0.   0.   0.   0.   0.   0.   0.   0.
   0.   0.   0.   0.   0.   0.   0.   0.   0.   0.   0.   0.   0.   0.
   0.   0.   0.   0.   0.   0.   0.   0.   0.   0.   0.   0.   0.   0.
   0.   0.   0.   0.   0.   0.   0.   0.   0.   0.   0.   0.   0.   0.
   0.   0.   0.   0.   0.   0.   0.   0.   0.   0.   0.   0.   0.   0.
   0.   0.   0.   0.   0.   0.   0.   0.   0.   0.   0.]
Cluster assign [  0.   0.   0.   0.   0.   0.   0.   0.   0.   0.   0.   0.   0.   0.
   0.   0.   0.   0.   0.   0.   0.   0.   0.   0.   0.   0.   0.   0.
   0.   0.   0.   0.   0.   0.   0.   0.   0.   0.   0.   0.   0.   0.
   0.   0.   0.   0.   0.   0.   0.   0.   0.   0.   0.   0.   0.   0.
   0.   0.   0.   0.   0.   0.   0.   0.   0.   0.   0.   0.   0.   0.
   0.   0.   0.   0.   0.   0.   0.   0.   0.   0.   0.   0.   0.   0.
   0.   0.   0.   0.   0.   0.   0.   0.   0.   0.   0.   0.   0.   0.
   0.   0.   0.   0.   0.   0.   0.   0.   0.   0.   0.   0.   0.   0.
   0.   0.   0.   0.   0.   0.   0.   0.   0.   0.   0.   0.   0.   0.
   0.   0.   0.   0.   0.   0.   0.   0.   0.   0.   0.   0.   0.   0.
   0.   0.   0.   0.   0.   0.   0.   0.   0.   0.   0.   0.   0.   0.
   0.   0.   0.   0.   0.   0.   0. 161.   0.   0.   0.   0.   0.   0.
   0.   0.   0.   0.   0.   0.   0.   0.   0.   0.   0.   0.   0.   0.
   0.   0.   0.   0.   0.   0.   0.   0.   0.   0.   0.   0.   0.   0.
   0.   0.   0.   0.   0.   0.   0.   0.   0.   0.   0.   0.   0.   0.
   0.   0.   0.   0.   0.   0.   0.   0.   0.   0.   0.   0.   0.   0.
   0.   0.   0.   0.   0.   0.   0.   0.   0.   0.   0.   0.   0.   0.
   0.   0.   0.   0.   0.   0.   0.   0.   0.   0.   0.   0.   0.   0.
   0.   0.   0.   0.   0.   0.   0.   0.   0.   0.   0.   0.   0.   0.
   0.   0.   0.   0.   0.   0.   0.   0.   0.   0.   0.   0.   0.   0.
   0.   0.   0.   0.   0.   0.   0.   0.   0.   0.   0.   0.   0.   0.
   0.   0.   0.   0.   0.   0.   0.   0.   0.   0.   0.   0.   0.   0.
   0.   0.   0.   0.   0.   0.   0.   0.   0.   0.   0.   0.   0.   0.
   0.   0.   0.   0.   0.   0.   0.   0.   0.   0.   0.   0.   0.   0.
   0.   0.   0.   0.   0.   0.   0.   0.   0.   0.   0.   0.   0.   0.
   0.   0.   0.   0.   0.   0.   0.   0.   0.   0.   0.   0.   0.   0.
   0.   0.   0.   0.   0.   0.   0.   0.   0.   0.   0.   0.   0.   0.
   0.   0.   0.   0.   0.   0.   0.   0.   0.   0.   0.   0.   0.   0.
   0.   0.   0.   0.   0.   0.   0.   0.   0.   0.   0.   0.   0.   0.
   0.   0.   0.   0.   0.   0.   0.   0.   0.   0.   0.   0.   0.   0.
   0.   0.   0.   0.   0.   0.   0.   0.   0.   0.   0.   0.   0.   0.
   0.   0.   0.   0.   0.   0.   0.   0.   0.   0.   0.   0.   0.   0.
   0.   0.   0.   0.   0.   0.   0.   0.   0.   0.   0.   0.   0.   0.
   0.   0.   0.   0.   0.   0.   0.   0.   0.   0.   0.   0.   0.   0.
   0.   0.   0.   0.   0.   0.   0.   0.   0.   0.   0.   0.   0.   0.
   0.   0.   0.   0.   0.   0.   0.   0.   0.   0.   0.   0.   0.   0.
   0.   0.   0.   0.   0.   0.   0.   0.   0.   0.   0.   0.   0.   0.
   0.   0.   0.   0.   0.   0.   0.   0.   0.   0.   0.   0.   0.   0.
   0.   0.   0.   0.   0.   0.   0.   0.   0.   0.   0.   0.   0.   0.
   0.   0.   0.   0.   0.   0.   0.   0.   0.   0.   0.   0.   0.   0.
   0.   0.   0.   0.   0.   0.   0.   0.   0.   0.   0.   0.   0.   0.
   0.   0.   0.   0.   0.   0.   0.   0.   0.   0.   0.   0.   0.   0.
   0.   0.   0.   0.   0.   0.   0.   0.   0.   0.   0.   0.   0.   0.
   0.   0.   0.   0.   0.   0.   0.   0.   0.   0.   0.   0.   0.   0.
   0.   0.   0.   0.   0.   0.   0.   0.   0.   0.   0.   0.   0.   0.
   0.   0.   0.   0.   0.   0.   0.   0.   0.   0.   0.   0.   0.   0.
   0.   0.   0.   0.   0.   0.   0.   0.   0.   0.   0.   0.   0.   0.
   0.   0.   0.   0.   0.   0.   0.   0.   0.   0.   0.   0.   0.   0.
   0.   0.   0.   0.   0.   0.   0.   0.   0.   0.   0.]
Cluster assign [0. 0. 0. 3. 0. 3. 0. 0. 0. 0. 0. 0. 0. 0. 0. 0. 0. 0. 3. 0. 0. 0. 0. 0.
 0. 0. 0. 0. 0. 0. 0. 3. 0. 0. 0. 3. 0. 0. 0. 0. 3. 0. 3. 0. 3. 0. 0. 3.
 0. 0. 0. 3. 3. 0. 3. 0. 0. 0. 0. 0. 3. 0. 0. 0. 0. 0. 3. 0. 0. 3. 0. 0.
 0. 0. 0. 0. 0. 0. 0. 0. 0. 0. 3. 3. 0. 3. 0. 0. 0. 0. 0. 0. 0. 0. 0. 0.
 3. 3. 0. 0. 0. 0. 3. 0. 3. 3. 0. 3. 0. 0. 0. 3. 0. 0. 0. 3. 0. 0. 0. 0.
 3. 0. 3. 0. 0. 0. 0. 0. 0. 0. 3. 0. 0. 0. 0. 0. 0. 0. 0. 0. 0. 0. 0. 0.
 0. 3. 0. 0. 3. 0. 0. 0. 0. 0. 3. 3. 0. 0. 0. 0. 3. 3. 0. 0. 0. 0. 0. 3.
 3. 3. 0. 3. 0. 0. 0. 0. 0. 3. 3. 0. 3. 3. 3. 0. 3. 3. 0. 0. 0. 0. 3. 0.
 0. 0. 3. 3. 0. 0. 0. 3. 3. 0. 0. 0. 3. 3. 0. 3. 3. 3. 0. 0. 3. 0. 0. 3.
 0. 3. 3. 0. 3. 3. 0. 3. 3. 3. 0. 0. 0. 3. 3. 3. 0. 0. 0. 0. 0. 0. 0. 3.
 0. 0. 0. 0. 0. 3. 3. 0. 0. 0. 0. 0. 3. 3. 3. 0. 0. 0. 3. 0. 3. 0. 0. 0.
 0. 0. 0. 0. 0. 0. 0. 0. 0. 0. 0. 0. 3. 3. 0. 0. 3. 0. 0. 0. 3. 0. 0. 0.
 3. 0. 3. 0. 0. 3. 0. 0. 3. 0. 0. 0. 0. 0. 0. 0. 3. 0. 0. 0. 0. 0. 0. 0.
 0. 0. 3. 3. 0. 0. 0. 0. 0. 0. 0. 0. 0. 0. 0. 0. 0. 0. 3. 0. 0. 0. 0. 0.
 0. 0. 0. 3. 0. 0. 0. 3. 3. 0. 3. 3. 0. 0. 0. 0. 3. 3. 0. 0. 0. 0. 0. 0.
 0. 0. 0. 0. 0. 0. 0. 3. 0. 0. 0. 0. 3. 0. 0. 0. 0. 3. 0. 0. 0. 0. 0. 0.
 0. 0. 3. 0. 0. 0. 0. 0. 0. 0. 0. 0. 0. 3. 0. 3. 0. 3. 0. 0. 0. 0. 3. 0.
 0. 0. 3. 0. 3. 0. 0. 0. 0. 0. 0. 3. 3. 3. 0. 0. 0. 0. 0. 0. 0. 0. 0. 0.
 0. 0. 3. 0. 0. 0. 3. 0. 0. 3. 3. 0. 0. 0. 0. 0. 0. 0. 3. 3. 3. 0. 0. 0.
 0. 0. 0. 0. 0. 0. 0. 0. 3. 0. 0. 3. 3. 0. 0. 0. 3. 0. 0. 0. 3. 0. 3. 0.
 0. 0. 0. 0. 0. 0. 0. 0. 0. 0. 0. 3. 0. 0. 0. 0. 0. 0. 0. 3. 3. 0. 0. 0.
 3. 0. 0. 0. 0. 0. 0. 0. 0. 0. 0. 3. 0. 0. 0. 0. 0. 0. 0. 0. 0. 0. 0. 0.
 0. 0. 0. 3. 0. 0. 3. 0. 0. 0. 0. 0. 0. 0. 0. 0. 0. 0. 0. 0. 0. 0. 3. 0.
 0. 0. 3. 3. 3. 0. 0. 3. 0. 0. 0. 0. 0. 0. 3. 3. 0. 0. 0. 3. 0. 3. 0. 3.
 3. 0. 0. 3. 0. 0. 0. 0. 0. 0. 0. 0. 3. 0. 3. 0. 0. 3. 0. 0. 3. 3. 0. 0.
 0. 0. 0. 0. 0. 0. 0. 0. 0. 0. 3. 0. 0. 0. 0. 0. 0. 3. 0. 0. 3. 0. 0. 0.
 0. 0. 0. 0. 0. 0. 0. 0. 3. 0. 0. 0. 0. 0. 0. 0. 0. 0. 3. 0. 0. 0. 0. 0.
 0. 0. 0. 0. 3. 3. 3. 0. 0. 0. 0. 0. 0. 0. 0. 0. 3. 3. 0. 0. 0. 0. 0. 0.
 0. 0. 0. 3. 0. 0. 0. 0. 3. 3. 3.]
Cluster assign [0. 1. 0. 1. 0. 1. 1. 0. 0. 0. 0. 0. 0. 0. 1. 0. 0. 0. 1. 0. 1. 1. 0. 0.
 0. 0. 0. 0. 0. 0. 0. 1. 0. 0. 0. 1. 0. 1. 1. 0. 1. 0. 1. 0. 1. 0. 0. 1.
 0. 0. 1. 1. 1. 0. 1. 0. 1. 0. 0. 0. 1. 0. 0. 0. 0. 1. 1. 0. 0. 1. 0. 1.
 0. 0. 0. 0. 0. 0. 0. 0. 0. 0. 1. 1. 1. 1. 0. 0. 0. 0. 0. 0. 0. 0. 0. 0.
 1. 1. 1. 0. 0. 0. 1. 0. 1. 1. 0. 1. 0. 1. 1. 1. 0. 0. 0. 1. 0. 0. 0. 0.
 1. 1. 1. 0. 1. 0. 1. 0. 0. 0. 1. 0. 0. 0. 0. 0. 0. 0. 0. 0. 0. 0. 1. 0.
 0. 1. 0. 1. 1. 0. 0. 1. 0. 0. 1. 1. 0. 0. 0. 0. 1. 1. 0. 0. 0. 0. 0. 1.
 1. 1. 0. 1. 0. 1. 0. 0. 0. 1. 1. 0. 1. 1. 1. 0. 1. 1. 0. 0. 0. 0. 1. 0.
 0. 0. 1. 1. 0. 0. 0. 1. 1. 0. 0. 0. 1. 1. 0. 1. 1. 1. 0. 0. 1. 0. 0. 1.
 0. 1. 1. 0. 1. 1. 0. 1. 1. 1. 0. 1. 0. 1. 1. 1. 1. 0. 0. 0. 0. 0. 0. 1.
 1. 0. 0. 1. 1. 1. 1. 1. 0. 0. 0. 1. 1. 1. 1. 1. 0. 0. 1. 1. 1. 0. 1. 0.
 1. 0. 0. 0. 0. 0. 0. 0. 0. 1. 1. 1. 1. 1. 0. 0. 1. 0. 0. 1. 1. 0. 0. 1.
 1. 0. 1. 0. 1. 1. 0. 0. 1. 0. 0. 0. 0. 0. 0. 1. 1. 0. 1. 1. 0. 1. 0. 0.
 1. 0. 1. 1. 1. 0. 0. 1. 1. 0. 1. 0. 0. 1. 1. 0. 0. 0. 1. 0. 0. 0. 0. 1.
 0. 0. 0. 1. 0. 0. 0. 1. 1. 0. 1. 1. 0. 0. 0. 0. 1. 1. 0. 0. 0. 0. 0. 0.
 0. 0. 0. 0. 0. 0. 0. 1. 0. 0. 0. 0. 1. 0. 0. 0. 0. 1. 0. 0. 0. 0. 0. 0.
 0. 0. 1. 0. 0. 0. 0. 0. 0. 0. 0. 0. 0. 1. 0. 1. 0. 1. 0. 0. 0. 0. 1. 0.
 0. 0. 1. 0. 1. 0. 0. 0. 0. 0. 0. 1. 1. 1. 0. 0. 0. 1. 0. 0. 0. 0. 0. 0.
 0. 0. 1. 0. 0. 0. 1. 0. 0. 1. 1. 0. 0. 0. 0. 0. 0. 0. 1. 1. 1. 0. 0. 0.
 0. 0. 0. 0. 0. 0. 0. 0. 1. 0. 0. 1. 1. 0. 0. 0. 1. 0. 0. 0. 1. 0. 1. 0.
 0. 0. 0. 0. 0. 0. 0. 0. 0. 0. 0. 1. 0. 0. 0. 0. 0. 0. 0. 1. 1. 0. 0. 0.
 1. 0. 0. 0. 1. 0. 0. 0. 0. 0. 0. 1. 0. 0. 0. 0. 0. 0. 0. 0. 0. 0. 0. 0.
 0. 0. 0. 1. 0. 0. 1. 0. 0. 0. 0. 0. 0. 0. 0. 0. 0. 0. 0. 0. 0. 0. 1. 0.
 0. 1. 1. 1. 1. 0. 0. 1. 0. 0. 0. 0. 0. 0. 1. 1. 0. 0. 0. 1. 0. 1. 0. 1.
 1. 1. 0. 1. 0. 0. 0. 0. 0. 0. 0. 0. 1. 1. 1. 0. 0. 1. 0. 1. 1. 1. 0. 0.
 0. 0. 0. 0. 0. 0. 0. 0. 0. 0. 1. 0. 0. 0. 0. 0. 0. 1. 0. 0. 1. 0. 0. 0.
 0. 0. 0. 0. 0. 0. 0. 0. 1. 0. 0. 0. 0. 0. 0. 0. 0. 0. 1. 0. 0. 0. 0. 0.
 0. 0. 0. 0. 1. 1. 1. 0. 0. 0. 0. 0. 0. 0. 0. 0. 1. 1. 0. 0. 0. 0. 0. 0.
 0. 0. 0. 1. 0. 0. 0. 0. 1. 1. 1.]
Cluster assign [0. 1. 0. 1. 0. 1. 0. 0. 0. 0. 0. 0. 0. 0. 1. 1. 0. 0. 1. 0. 1. 1. 0. 0.
 1. 0. 0. 0. 0. 0. 0. 1. 0. 0. 0. 1. 1. 1. 1. 1. 1. 1. 1. 0. 1. 0. 0. 1.
 1. 0. 1. 1. 1. 1. 1. 1. 1. 1. 1. 0. 1. 1. 0. 1. 0. 1. 1. 0. 0. 1. 0. 1.
 1. 0. 0. 0. 0. 0. 0. 0. 0. 0. 1. 1. 1. 1. 0. 0. 0. 0. 0. 0. 0. 0. 0. 0.
 1. 1. 1. 1. 0. 1. 1. 1. 1. 1. 0. 1. 0. 1. 1. 1. 0. 0. 0. 1. 0. 0. 0. 0.
 1. 1. 1. 0. 1. 0. 1. 0. 0. 0. 1. 0. 0. 0. 0. 0. 0. 0. 0. 1. 0. 0. 1. 0.
 1. 1. 0. 1. 1. 0. 0. 1. 0. 0. 1. 1. 0. 0. 0. 0. 1. 1. 0. 0. 0. 0. 0. 1.
 1. 1. 0. 1. 0. 1. 0. 0. 0. 1. 1. 0. 1. 1. 1. 0. 1. 1. 0. 0. 0. 0. 1. 0.
 0. 0. 1. 1. 0. 0. 0. 1. 1. 0. 0. 0. 1. 1. 0. 1. 1. 1. 0. 0. 1. 0. 0. 1.
 0. 1. 1. 0. 1. 1. 0. 1. 1. 1. 1. 1. 0. 1. 1. 1. 1. 0. 0. 0. 0. 0. 0. 1.
 1. 0. 0. 1. 1. 1. 1. 1. 0. 0. 0. 1. 1. 1. 1. 1. 1. 0. 1. 1. 1. 0. 1. 0.
 1. 0. 0. 0. 0. 0. 1. 0. 0. 1. 1. 1. 1. 1. 0. 1. 1. 0. 0. 1. 1. 1. 0. 1.
 1. 0. 1. 0. 1. 1. 0. 0. 1. 0. 0. 0. 1. 0. 0. 1. 1. 0. 1. 1. 0. 1. 0. 0.
 1. 0. 1. 1. 1. 0. 0. 1. 1. 0. 1. 0. 0. 1. 1. 0. 0. 0. 1. 0. 0. 0. 1. 1.
 0. 0. 1. 1. 0. 0. 0. 1. 1. 1. 1. 1. 0. 0. 0. 0. 1. 1. 0. 0. 0. 0. 0. 0.
 0. 0. 0. 0. 0. 0. 0. 1. 0. 0. 0. 0. 1. 0. 0. 0. 0. 1. 0. 0. 0. 0. 0. 0.
 0. 0. 1. 0. 0. 0. 0. 0. 0. 0. 0. 0. 0. 1. 0. 1. 1. 1. 0. 0. 0. 0. 1. 0.
 0. 0. 1. 0. 1. 0. 0. 0. 0. 0. 0. 1. 1. 1. 0. 0. 0. 1. 0. 0. 0. 0. 0. 0.
 0. 0. 1. 0. 0. 0. 1. 0. 1. 1. 1. 0. 0. 0. 0. 0. 0. 0. 1. 1. 1. 0. 0. 0.
 0. 0. 0. 0. 0. 0. 0. 0. 1. 0. 0. 1. 1. 0. 0. 0. 1. 1. 0. 0. 1. 0. 1. 1.
 0. 0. 0. 0. 0. 0. 0. 0. 0. 0. 0. 1. 0. 0. 0. 0. 0. 0. 0. 1. 1. 0. 0. 0.
 1. 0. 0. 1. 1. 0. 0. 0. 0. 0. 0. 1. 0. 0. 0. 0. 0. 0. 0. 0. 0. 0. 0. 0.
 0. 0. 0. 1. 0. 0. 1. 0. 0. 0. 0. 0. 0. 0. 0. 0. 0. 0. 0. 0. 0. 0. 1. 0.
 0. 1. 1. 1. 1. 0. 0. 1. 0. 0. 0. 0. 0. 0. 1. 1. 0. 0. 0. 1. 0. 1. 0. 1.
 1. 1. 0. 1. 0. 0. 0. 0. 0. 0. 0. 0. 1. 1. 1. 0. 0. 1. 0. 1. 1. 1. 0. 0.
 0. 0. 0. 0. 0. 1. 0. 0. 0. 0. 1. 0. 0. 0. 0. 0. 0. 1. 0. 0. 1. 0. 0. 0.
 0. 0. 0. 0. 0. 0. 0. 0. 1. 0. 0. 0. 0. 0. 0. 0. 0. 1. 1. 0. 0. 0. 0. 0.
 0. 0. 0. 0. 1. 1. 1. 0. 0. 0. 0. 0. 0. 0. 0. 0. 1. 1. 0. 0. 0. 0. 0. 0.
 0. 0. 0. 1. 0. 0. 0. 0. 1. 1. 1.]
Cluster assign [0. 1. 0. 1. 0. 1. 0. 0. 0. 0. 0. 0. 0. 0. 1. 1. 0. 0. 1. 0. 1. 1. 0. 0.
 1. 0. 0. 0. 0. 0. 0. 1. 0. 0. 0. 1. 0. 1. 1. 1. 1. 1. 1. 0. 1. 0. 0. 1.
 1. 0. 1. 1. 1. 1. 1. 1. 1. 1. 1. 0. 1. 1. 0. 1. 0. 1. 1. 0. 0. 1. 0. 1.
 1. 0. 0. 0. 0. 0. 0. 0. 0. 0. 1. 1. 1. 1. 0. 0. 0. 0. 0. 0. 0. 0. 0. 0.
 1. 1. 1. 1. 0. 1. 1. 1. 1. 1. 0. 1. 0. 1. 1. 1. 0. 0. 0. 1. 0. 0. 0. 0.
 1. 1. 1. 0. 1. 0. 1. 0. 0. 0. 1. 0. 0. 0. 0. 0. 0. 0. 0. 1. 0. 0. 1. 0.
 1. 1. 0. 1. 1. 0. 0. 1. 0. 0. 1. 1. 0. 0. 0. 0. 1. 1. 0. 0. 0. 0. 0. 1.
 1. 1. 0. 1. 0. 1. 0. 0. 0. 1. 1. 0. 1. 1. 1. 0. 1. 1. 0. 0. 0. 0. 1. 0.
 0. 0. 1. 1. 0. 0. 0. 1. 1. 0. 0. 0. 1. 1. 0. 1. 1. 1. 0. 0. 1. 0. 0. 1.
 0. 1. 1. 0. 1. 1. 0. 1. 1. 1. 1. 1. 0. 1. 1. 1. 1. 0. 0. 0. 0. 0. 0. 1.
 1. 0. 0. 1. 1. 1. 1. 1. 0. 0. 0. 1. 1. 1. 1. 1. 1. 0. 1. 1. 1. 0. 1. 0.
 1. 0. 0. 0. 0. 0. 1. 0. 0. 1. 1. 1. 1. 1. 0. 1. 1. 0. 0. 1. 1. 1. 0. 1.
 1. 0. 1. 0. 1. 1. 0. 0. 1. 0. 0. 0. 1. 0. 0. 1. 1. 0. 1. 1. 0. 1. 0. 0.
 1. 0. 1. 1. 1. 0. 0. 1. 1. 0. 1. 0. 0. 1. 1. 0. 0. 0. 1. 0. 0. 0. 1. 1.
 0. 0. 1. 1. 0. 0. 0. 1. 1. 1. 1. 1. 0. 0. 0. 0. 1. 1. 0. 0. 0. 0. 0. 0.
 0. 0. 0. 0. 0. 0. 0. 1. 0. 0. 0. 0. 1. 0. 0. 0. 0. 1. 0. 0. 0. 0. 0. 0.
 0. 0. 1. 0. 0. 0. 0. 0. 0. 0. 0. 0. 0. 1. 0. 1. 1. 1. 0. 0. 0. 0. 1. 0.
 0. 0. 1. 0. 1. 0. 0. 0. 0. 0. 0. 1. 1. 1. 0. 0. 0. 1. 0. 0. 0. 0. 0. 0.
 0. 0. 1. 0. 0. 0. 1. 0. 1. 1. 1. 0. 0. 0. 0. 0. 0. 0. 1. 1. 1. 0. 0. 0.
 0. 0. 0. 0. 0. 0. 0. 0. 1. 0. 0. 1. 1. 0. 0. 0. 1. 1. 0. 0. 1. 0. 1. 1.
 0. 0. 0. 0. 0. 0. 0. 0. 0. 0. 0. 1. 0. 0. 0. 0. 0. 0. 0. 1. 1. 0. 0. 0.
 1. 0. 0. 1. 1. 0. 0. 0. 0. 0. 0. 1. 0. 0. 0. 0. 0. 0. 0. 0. 0. 0. 0. 0.
 0. 0. 0. 1. 0. 0. 1. 0. 0. 0. 0. 0. 0. 0. 0. 0. 0. 0. 0. 0. 0. 0. 1. 0.
 0. 1. 1. 1. 1. 0. 0. 1. 0. 0. 0. 0. 0. 0. 1. 1. 0. 0. 0. 1. 0. 1. 0. 1.
 1. 1. 0. 1. 0. 0. 0. 0. 0. 0. 0. 0. 1. 1. 1. 0. 0. 1. 0. 1. 1. 1. 0. 0.
 0. 0. 0. 0. 0. 0. 0. 0. 0. 0. 1. 0. 0. 0. 0. 0. 0. 1. 0. 0. 1. 0. 0. 0.
 0. 0. 0. 0. 0. 0. 0. 0. 1. 0. 0. 0. 0. 0. 0. 0. 0. 1. 1. 0. 0. 0. 0. 0.
 0. 0. 0. 0. 1. 1. 1. 0. 0. 0. 0. 0. 0. 0. 0. 0. 1. 1. 0. 0. 0. 0. 0. 0.
 0. 0. 0. 1. 0. 0. 0. 0. 1. 1. 1.]
Cluster assign [0. 1. 0. 1. 0. 1. 0. 0. 0. 0. 0. 0. 0. 0. 1. 0. 0. 0. 1. 0. 1. 1. 0. 0.
 0. 0. 0. 0. 0. 0. 0. 1. 0. 0. 0. 1. 0. 1. 1. 1. 1. 1. 1. 0. 1. 0. 0. 1.
 1. 0. 1. 1. 1. 1. 1. 0. 1. 1. 0. 0. 1. 0. 0. 1. 0. 1. 1. 0. 0. 1. 0. 1.
 1. 0. 0. 0. 0. 0. 0. 0. 0. 0. 1. 1. 1. 1. 0. 0. 0. 0. 0. 0. 0. 0. 0. 0.
 1. 1. 1. 0. 0. 0. 1. 1. 1. 1. 0. 1. 0. 1. 1. 1. 0. 0. 0. 1. 0. 0. 0. 0.
 1. 1. 1. 0. 1. 0. 1. 0. 0. 0. 1. 0. 0. 0. 0. 0. 0. 0. 0. 1. 0. 0. 1. 0.
 0. 1. 0. 1. 1. 0. 0. 1. 0. 0. 1. 1. 0. 0. 0. 0. 1. 1. 0. 0. 0. 0. 0. 1.
 1. 1. 0. 1. 0. 1. 0. 0. 0. 1. 1. 0. 1. 1. 1. 0. 1. 1. 0. 0. 0. 0. 1. 0.
 0. 0. 1. 1. 0. 0. 0. 1. 1. 0. 0. 0. 1. 1. 0. 1. 1. 1. 0. 0. 1. 0. 0. 1.
 0. 1. 1. 0. 1. 1. 0. 1. 1. 1. 1. 1. 0. 1. 1. 1. 1. 0. 0. 0. 0. 0. 0. 1.
 1. 0. 0. 1. 1. 1. 1. 1. 0. 0. 0. 1. 1. 1. 1. 1. 1. 0. 1. 1. 1. 0. 1. 0.
 1. 0. 0. 0. 0. 0. 1. 0. 0. 1. 1. 1. 1. 1. 0. 0. 1. 0. 0. 1. 1. 0. 0. 1.
 1. 0. 1. 0. 1. 1. 0. 0. 1. 0. 0. 0. 1. 0. 0. 1. 1. 0. 1. 1. 0. 1. 0. 0.
 1. 0. 1. 1. 1. 0. 0. 1. 1. 0. 1. 0. 0. 1. 1. 0. 0. 0. 1. 0. 0. 0. 1. 1.
 0. 0. 0. 1. 0. 0. 0. 1. 1. 1. 1. 1. 0. 0. 0. 0. 1. 1. 0. 0. 0. 0. 0. 0.
 0. 0. 0. 0. 0. 0. 0. 1. 0. 0. 0. 0. 1. 0. 0. 0. 0. 1. 0. 0. 0. 0. 0. 0.
 0. 0. 1. 0. 0. 0. 0. 0. 0. 0. 0. 0. 0. 1. 0. 1. 0. 1. 0. 0. 0. 0. 1. 0.
 0. 0. 1. 0. 1. 0. 0. 0. 0. 0. 0. 1. 1. 1. 0. 0. 0. 1. 0. 0. 0. 0. 0. 0.
 0. 0. 1. 0. 0. 0. 1. 0. 0. 1. 1. 0. 0. 0. 0. 0. 0. 0. 1. 1. 1. 0. 0. 0.
 0. 0. 0. 0. 0. 0. 0. 0. 1. 0. 0. 1. 1. 0. 0. 0. 1. 1. 0. 0. 1. 0. 1. 1.
 0. 0. 0. 0. 0. 0. 0. 0. 0. 0. 0. 1. 0. 0. 0. 0. 0. 0. 0. 1. 1. 0. 0. 0.
 1. 0. 0. 1. 1. 0. 0. 0. 0. 0. 0. 1. 0. 0. 0. 0. 0. 0. 0. 0. 0. 0. 0. 0.
 0. 0. 0. 1. 0. 0. 1. 0. 0. 0. 0. 0. 0. 0. 0. 0. 0. 0. 0. 0. 0. 0. 1. 0.
 0. 1. 1. 1. 1. 0. 0. 1. 0. 0. 0. 0. 0. 0. 1. 1. 0. 0. 0. 1. 0. 1. 0. 1.
 1. 1. 0. 1. 0. 0. 0. 0. 0. 0. 0. 0. 1. 1. 1. 0. 0. 1. 0. 1. 1. 1. 0. 0.
 0. 0. 0. 0. 0. 0. 0. 0. 0. 0. 1. 0. 0. 0. 0. 0. 0. 1. 0. 0. 1. 0. 0. 0.
 0. 0. 0. 0. 0. 0. 0. 0. 1. 0. 0. 0. 0. 0. 0. 0. 0. 0. 1. 0. 0. 0. 0. 0.
 0. 0. 0. 0. 1. 1. 1. 0. 0. 0. 0. 0. 0. 0. 0. 0. 1. 1. 0. 0. 0. 0. 0. 0.
 0. 0. 0. 1. 0. 0. 0. 0. 1. 1. 1.]
Cluster assign [  0.   0.   0.   0.   0.   0.   0.   0.   0.   0.   0.   0.   0.   0.
   0.   0.   0.   0.   0.   0.   0.   0.   0.   0.   0.   0.   0.   0.
   0.   0.   0.   0.   0.   0.   0.   0.   0.   0.   0.   0.   0.   0.
   0.   0.   0.   0.   0.   0.   0.   0.   0.   0.   0.   0.   0.   0.
   0.   0.   0.   0.   0.   0.   0.   0.   0.   0.   0.   0.   0.   0.
   0.   0.   0.   0.   0.   0.   0.   0.   0.   0.   0.   0.   0.   0.
   0.   0.   0.   0.   0.   0.   0.   0.   0.   0.   0.   0.   0.   0.
   0.   0.   0.   0.   0.   0.   0.   0.   0.   0.   0.   0.   0.   0.
   0.   0.   0.   0.   0.   0.   0.   0.   0.   0.   0.   0.   0.   0.
   0.   0.   0.   0.   0.   0.   0.   0.   0.   0.   0.   0.   0.   0.
   0.   0.   0.   0.   0.   0.   0.   0.   0.   0.   0.   0.   0.   0.
   0.   0.   0.   0.   0.   0.   0. 161.   0.   0.   0.   0.   0.   0.
   0.   0.   0.   0.   0.   0.   0.   0.   0.   0.   0.   0.   0.   0.
   0.   0.   0.   0.   0.   0.   0.   0.   0.   0.   0.   0.   0.   0.
   0.   0.   0.   0.   0.   0.   0.   0.   0.   0.   0.   0.   0.   0.
   0.   0.   0.   0.   0.   0.   0.   0.   0.   0.   0.   0.   0.   0.
   0.   0.   0.   0.   0.   0.   0.   0.   0.   0.   0.   0.   0.   0.
   0.   0.   0.   0.   0.   0.   0.   0.   0.   0.   0.   0.   0.   0.
   0.   0.   0.   0.   0.   0.   0.   0.   0.   0.   0.   0.   0.   0.
   0.   0.   0.   0.   0.   0.   0.   0.   0.   0.   0.   0.   0.   0.
   0.   0.   0.   0.   0.   0.   0.   0.   0.   0.   0.   0.   0.   0.
   0.   0.   0.   0.   0.   0.   0.   0.   0.   0.   0.   0.   0.   0.
   0.   0.   0.   0.   0.   0.   0.   0.   0.   0.   0.   0.   0.   0.
   0.   0.   0.   0.   0.   0.   0.   0.   0.   0.   0.   0.   0.   0.
   0.   0.   0.   0.   0.   0.   0.   0.   0.   0.   0.   0.   0.   0.
   0.   0.   0.   0.   0.   0.   0.   0.   0.   0.   0.   0.   0.   0.
   0.   0.   0.   0.   0.   0.   0.   0.   0.   0.   0.   0.   0.   0.
   0.   0.   0.   0.   0.   0.   0.   0.   0.   0.   0.   0.   0.   0.
   0.   0.   0.   0.   0.   0.   0.   0.   0.   0.   0.   0.   0.   0.
   0.   0.   0.   0.   0.   0.   0.   0.   0.   0.   0.   0.   0.   0.
   0.   0.   0.   0.   0.   0.   0.   0.   0.   0.   0.   0.   0.   0.
   0.   0.   0.   0.   0.   0.   0.   0.   0.   0.   0.   0.   0.   0.
   0.   0.   0.   0.   0.   0.   0.   0.   0.   0.   0.   0.   0.   0.
   0.   0.   0.   0.   0.   0.   0.   0.   0.   0.   0.   0.   0.   0.
   0.   0.   0.   0.   0.   0.   0.   0.   0.   0.   0.   0.   0.   0.
   0.   0.   0.   0.   0.   0.   0.   0.   0.   0.   0.   0.   0.   0.
   0.   0.   0.   0.   0.   0.   0.   0.   0.   0.   0.   0.   0.   0.
   0.   0.   0.   0.   0.   0.   0.   0.   0.   0.   0.   0.   0.   0.
   0.   0.   0.   0.   0.   0.   0.   0.   0.   0.   0.   0.   0.   0.
   0.   0.   0.   0.   0.   0.   0.   0.   0.   0.   0.   0.   0.   0.
   0.   0.   0.   0.   0.   0.   0.   0.   0.   0.   0.   0.   0.   0.
   0.   0.   0.   0.   0.   0.   0.   0.   0.   0.   0.   0.   0.   0.
   0.   0.   0.   0.   0.   0.   0.   0.   0.   0.   0.   0.   0.   0.
   0.   0.   0.   0.   0.   0.   0.   0.   0.   0.   0.   0.   0.   0.
   0.   0.   0.   0.   0.   0.   0.   0.   0.   0.   0.   0.   0.   0.
   0.   0.   0.   0.   0.   0.   0.   0.   0.   0.   0.   0.   0.   0.
   0.   0.   0.   0.   0.   0.   0.   0.   0.   0.   0.   0.   0.   0.
   0.   0.   0.   0.   0.   0.   0.   0.   0.   0.   0.   0.   0.   0.
   0.   0.   0.   0.   0.   0.   0.   0.   0.   0.   0.]
Cluster assign [0. 0. 0. 3. 0. 3. 0. 0. 0. 0. 0. 0. 0. 0. 0. 0. 0. 0. 3. 0. 0. 0. 0. 0.
 0. 0. 0. 0. 0. 0. 0. 3. 0. 0. 0. 3. 0. 3. 0. 0. 3. 0. 3. 0. 3. 0. 0. 3.
 0. 0. 0. 3. 3. 0. 3. 0. 0. 0. 0. 0. 3. 0. 0. 0. 0. 0. 3. 0. 0. 3. 0. 0.
 0. 0. 0. 0. 0. 0. 0. 0. 0. 0. 3. 3. 0. 3. 0. 0. 0. 0. 0. 0. 0. 0. 0. 0.
 3. 3. 0. 0. 0. 0. 3. 0. 3. 3. 0. 0. 0. 0. 0. 3. 0. 0. 0. 3. 0. 0. 0. 0.
 3. 0. 3. 0. 0. 0. 0. 0. 0. 0. 3. 0. 0. 0. 0. 0. 0. 0. 0. 0. 0. 0. 0. 0.
 0. 3. 0. 0. 3. 0. 0. 0. 0. 0. 3. 0. 0. 0. 0. 0. 3. 3. 0. 0. 0. 0. 0. 3.
 3. 3. 0. 3. 0. 0. 0. 0. 0. 3. 3. 0. 3. 3. 3. 0. 3. 3. 0. 0. 0. 0. 0. 0.
 0. 0. 0. 3. 0. 0. 0. 3. 3. 0. 0. 0. 3. 3. 0. 3. 3. 3. 0. 0. 3. 0. 0. 3.
 0. 0. 0. 0. 0. 3. 0. 3. 0. 3. 0. 0. 0. 3. 3. 3. 0. 0. 0. 0. 0. 0. 0. 3.
 0. 0. 0. 0. 0. 3. 3. 0. 0. 0. 0. 0. 3. 3. 0. 0. 0. 0. 3. 0. 3. 0. 0. 0.
 0. 0. 0. 0. 0. 0. 0. 0. 0. 3. 0. 3. 3. 3. 0. 0. 3. 0. 0. 0. 3. 0. 0. 0.
 3. 0. 3. 0. 0. 3. 0. 0. 3. 0. 0. 0. 0. 0. 0. 0. 3. 0. 0. 0. 0. 0. 0. 0.
 0. 0. 0. 0. 0. 0. 0. 0. 0. 0. 0. 0. 0. 0. 0. 0. 0. 0. 3. 0. 0. 0. 0. 0.
 0. 0. 0. 3. 0. 0. 0. 3. 0. 0. 3. 3. 0. 0. 0. 0. 3. 3. 0. 0. 0. 0. 0. 0.
 0. 0. 0. 0. 0. 0. 0. 0. 0. 0. 0. 0. 3. 0. 0. 0. 0. 0. 0. 0. 0. 0. 0. 0.
 0. 0. 3. 0. 0. 0. 0. 0. 0. 0. 0. 0. 0. 3. 0. 0. 0. 3. 0. 0. 0. 0. 3. 0.
 0. 0. 3. 0. 3. 0. 0. 0. 0. 0. 0. 3. 3. 3. 0. 0. 0. 0. 0. 0. 0. 0. 0. 0.
 0. 0. 3. 0. 0. 0. 3. 0. 0. 0. 3. 0. 0. 0. 0. 0. 0. 0. 3. 0. 0. 0. 0. 0.
 0. 0. 0. 0. 0. 0. 0. 0. 3. 0. 0. 3. 3. 0. 0. 0. 3. 0. 0. 0. 3. 0. 3. 0.
 0. 0. 0. 0. 0. 0. 0. 0. 0. 0. 0. 3. 0. 0. 0. 0. 0. 0. 0. 3. 3. 0. 0. 0.
 3. 0. 0. 0. 0. 0. 0. 0. 0. 0. 0. 0. 0. 0. 0. 0. 0. 0. 0. 0. 0. 0. 0. 0.
 0. 0. 0. 3. 0. 0. 3. 0. 0. 0. 0. 0. 0. 0. 0. 0. 0. 0. 0. 0. 0. 0. 3. 0.
 0. 0. 3. 3. 3. 0. 0. 3. 0. 0. 0. 0. 0. 0. 3. 3. 0. 0. 0. 3. 0. 3. 0. 3.
 3. 0. 0. 3. 0. 0. 0. 0. 0. 0. 0. 0. 3. 0. 0. 0. 0. 3. 0. 0. 3. 3. 0. 0.
 0. 0. 0. 0. 0. 0. 0. 0. 0. 0. 3. 0. 0. 0. 0. 0. 0. 3. 0. 0. 3. 0. 0. 0.
 0. 0. 0. 0. 0. 0. 0. 0. 3. 0. 0. 0. 0. 0. 0. 0. 0. 0. 3. 0. 0. 0. 0. 0.
 0. 0. 0. 0. 0. 3. 3. 0. 0. 0. 0. 0. 0. 0. 0. 0. 3. 3. 0. 0. 0. 0. 0. 0.
 0. 0. 0. 3. 0. 0. 0. 0. 3. 3. 3.]
Cluster assign [0. 1. 0. 1. 0. 1. 1. 0. 0. 0. 0. 0. 0. 0. 1. 0. 0. 0. 1. 0. 1. 1. 0. 0.
 0. 0. 0. 0. 0. 0. 0. 1. 0. 0. 0. 1. 0. 1. 1. 0. 1. 0. 1. 0. 1. 0. 0. 1.
 0. 0. 1. 1. 1. 0. 1. 0. 1. 0. 0. 0. 1. 0. 0. 0. 0. 1. 1. 0. 0. 1. 0. 1.
 0. 0. 0. 0. 0. 0. 0. 0. 0. 0. 1. 1. 1. 1. 0. 0. 0. 0. 0. 0. 0. 0. 0. 0.
 1. 1. 1. 0. 0. 0. 1. 0. 1. 1. 0. 1. 0. 1. 1. 1. 0. 0. 0. 1. 0. 0. 0. 0.
 1. 1. 1. 0. 1. 0. 1. 0. 0. 0. 1. 0. 0. 0. 0. 0. 0. 0. 0. 0. 0. 0. 1. 0.
 0. 1. 0. 1. 1. 0. 0. 1. 0. 0. 1. 1. 0. 0. 0. 0. 1. 1. 0. 0. 0. 0. 0. 1.
 1. 1. 0. 1. 0. 1. 0. 0. 0. 1. 1. 0. 1. 1. 1. 0. 1. 1. 0. 0. 0. 0. 1. 0.
 0. 0. 1. 1. 0. 0. 0. 1. 1. 0. 0. 0. 1. 1. 0. 1. 1. 1. 0. 0. 1. 0. 0. 1.
 0. 1. 1. 0. 1. 1. 0. 1. 1. 1. 0. 1. 0. 1. 1. 1. 1. 0. 0. 0. 0. 0. 0. 1.
 1. 0. 0. 1. 1. 1. 1. 1. 0. 0. 0. 1. 1. 1. 1. 1. 0. 0. 1. 1. 1. 0. 1. 0.
 1. 0. 0. 0. 0. 0. 0. 0. 0. 1. 1. 1. 1. 1. 0. 0. 1. 0. 0. 1. 1. 0. 0. 1.
 1. 0. 1. 0. 1. 1. 0. 0. 1. 0. 0. 0. 0. 0. 0. 1. 1. 0. 1. 1. 0. 1. 0. 0.
 1. 0. 1. 1. 1. 0. 0. 1. 1. 0. 1. 0. 0. 1. 1. 0. 0. 0. 1. 0. 0. 0. 0. 1.
 0. 0. 0. 1. 0. 0. 0. 1. 1. 0. 1. 1. 0. 0. 0. 0. 1. 1. 0. 0. 0. 0. 0. 0.
 0. 0. 0. 0. 0. 0. 0. 1. 0. 0. 0. 0. 1. 0. 0. 0. 0. 1. 0. 0. 0. 0. 0. 0.
 0. 0. 1. 0. 0. 0. 0. 0. 0. 0. 0. 0. 0. 1. 0. 1. 0. 1. 0. 0. 0. 0. 1. 0.
 0. 0. 1. 0. 1. 0. 0. 0. 0. 0. 0. 1. 1. 1. 0. 0. 0. 1. 0. 0. 0. 0. 0. 0.
 0. 0. 1. 0. 0. 0. 1. 0. 0. 1. 1. 0. 0. 0. 0. 0. 0. 0. 1. 1. 1. 0. 0. 0.
 0. 0. 0. 0. 0. 0. 0. 0. 1. 0. 0. 1. 1. 0. 0. 0. 1. 0. 0. 0. 1. 0. 1. 0.
 0. 0. 0. 0. 0. 0. 0. 0. 0. 0. 0. 1. 0. 0. 0. 0. 0. 0. 0. 1. 1. 0. 0. 0.
 1. 0. 0. 0. 1. 0. 0. 0. 0. 0. 0. 1. 0. 0. 0. 0. 0. 0. 0. 0. 0. 0. 0. 0.
 0. 0. 0. 1. 0. 0. 1. 0. 0. 0. 0. 0. 0. 0. 0. 0. 0. 0. 0. 0. 0. 0. 1. 0.
 0. 1. 1. 1. 1. 0. 0. 1. 0. 0. 0. 0. 0. 0. 1. 1. 0. 0. 0. 1. 0. 1. 0. 1.
 1. 1. 0. 1. 0. 0. 0. 0. 0. 0. 0. 0. 1. 1. 1. 0. 0. 1. 0. 1. 1. 1. 0. 0.
 0. 0. 0. 0. 0. 0. 0. 0. 0. 0. 1. 0. 0. 0. 0. 0. 0. 1. 0. 0. 1. 0. 0. 0.
 0. 0. 0. 0. 0. 0. 0. 0. 1. 0. 0. 0. 0. 0. 0. 0. 0. 0. 1. 0. 0. 0. 0. 0.
 0. 0. 0. 0. 1. 1. 1. 0. 0. 0. 0. 0. 0. 0. 0. 0. 1. 1. 0. 0. 0. 0. 0. 0.
 0. 0. 0. 1. 0. 0. 0. 0. 1. 1. 1.]
Cluster assign [0. 1. 0. 1. 0. 1. 0. 0. 0. 0. 0. 0. 0. 0. 1. 1. 0. 0. 1. 0. 1. 1. 0. 0.
 1. 0. 0. 0. 0. 0. 0. 1. 0. 0. 0. 1. 0. 1. 1. 1. 1. 1. 1. 0. 1. 0. 0. 1.
 1. 0. 1. 1. 1. 1. 1. 1. 1. 1. 1. 0. 1. 1. 0. 1. 0. 1. 1. 0. 0. 1. 0. 1.
 1. 0. 0. 0. 0. 0. 0. 0. 0. 0. 1. 1. 1. 1. 0. 0. 0. 0. 0. 0. 0. 0. 0. 0.
 1. 1. 1. 1. 0. 1. 1. 1. 1. 1. 0. 1. 0. 1. 1. 1. 0. 0. 0. 1. 0. 0. 0. 0.
 1. 1. 1. 0. 1. 0. 1. 0. 0. 0. 1. 0. 0. 0. 0. 0. 0. 0. 0. 1. 0. 0. 1. 0.
 1. 1. 0. 1. 1. 0. 0. 1. 0. 0. 1. 1. 0. 0. 0. 0. 1. 1. 0. 0. 0. 0. 0. 1.
 1. 1. 0. 1. 0. 1. 0. 0. 0. 1. 1. 0. 1. 1. 1. 0. 1. 1. 0. 0. 0. 0. 1. 0.
 0. 0. 1. 1. 0. 0. 0. 1. 1. 0. 0. 0. 1. 1. 0. 1. 1. 1. 0. 0. 1. 0. 0. 1.
 0. 1. 1. 0. 1. 1. 0. 1. 1. 1. 1. 1. 0. 1. 1. 1. 1. 0. 0. 0. 0. 0. 0. 1.
 1. 0. 0. 1. 1. 1. 1. 1. 0. 0. 0. 1. 1. 1. 1. 1. 1. 0. 1. 1. 1. 0. 1. 0.
 1. 0. 0. 0. 0. 0. 1. 0. 0. 1. 1. 1. 1. 1. 0. 1. 1. 0. 0. 1. 1. 1. 0. 1.
 1. 0. 1. 0. 1. 1. 0. 0. 1. 0. 0. 0. 1. 0. 0. 1. 1. 0. 1. 1. 0. 1. 0. 0.
 1. 0. 1. 1. 1. 0. 0. 1. 1. 0. 1. 0. 0. 1. 1. 0. 0. 0. 1. 0. 0. 0. 1. 1.
 0. 0. 1. 1. 0. 0. 0. 1. 1. 1. 1. 1. 0. 0. 0. 0. 1. 1. 0. 0. 0. 0. 0. 0.
 0. 0. 0. 0. 0. 0. 0. 1. 0. 0. 0. 0. 1. 0. 0. 0. 0. 1. 0. 0. 0. 0. 0. 0.
 0. 0. 1. 0. 0. 0. 0. 0. 0. 0. 0. 0. 0. 1. 0. 1. 1. 1. 0. 0. 0. 0. 1. 0.
 0. 0. 1. 0. 1. 0. 0. 0. 0. 0. 0. 1. 1. 1. 0. 0. 0. 1. 0. 0. 0. 0. 0. 0.
 0. 0. 1. 0. 0. 0. 1. 0. 1. 1. 1. 0. 0. 0. 0. 0. 0. 0. 1. 1. 1. 0. 0. 0.
 0. 0. 0. 0. 0. 0. 0. 0. 1. 0. 0. 1. 1. 0. 0. 0. 1. 1. 0. 0. 1. 0. 1. 1.
 0. 0. 0. 0. 0. 0. 0. 0. 0. 0. 0. 1. 0. 0. 0. 0. 0. 0. 0. 1. 1. 0. 0. 0.
 1. 0. 0. 1. 1. 0. 0. 0. 0. 0. 0. 1. 0. 0. 0. 0. 0. 0. 0. 0. 0. 0. 0. 0.
 0. 0. 0. 1. 0. 0. 1. 0. 0. 0. 0. 0. 0. 0. 0. 0. 0. 0. 0. 0. 0. 0. 1. 0.
 0. 1. 1. 1. 1. 0. 0. 1. 0. 0. 0. 0. 0. 0. 1. 1. 0. 0. 0. 1. 0. 1. 0. 1.
 1. 1. 0. 1. 0. 0. 0. 0. 0. 0. 0. 0. 1. 1. 1. 0. 0. 1. 0. 1. 1. 1. 0. 0.
 0. 0. 0. 0. 0. 0. 0. 0. 0. 0. 1. 0. 0. 0. 0. 0. 0. 1. 0. 0. 1. 0. 0. 0.
 0. 0. 0. 0. 0. 0. 0. 0. 1. 0. 0. 0. 0. 0. 0. 0. 0. 1. 1. 0. 0. 0. 0. 0.
 0. 0. 0. 0. 1. 1. 1. 0. 0. 0. 0. 0. 0. 0. 0. 0. 1. 1. 0. 0. 0. 0. 0. 0.
 0. 0. 0. 1. 0. 0. 0. 0. 1. 1. 1.]
