Minimal lambda 8.189468534770324
Minimal alpha: 5e-10
Minimal cost: [138448.95499707]
Minimal theta: [[ 520.11097893]
 [-257.95157787]
 [   0.        ]
 [   0.        ]
 [   0.        ]
 [   0.        ]
 [   0.        ]
 [  83.45455251]
 [   0.        ]
 [   0.        ]
 [   0.        ]
 [   0.        ]
 [   0.        ]
 [   0.        ]
 [   0.        ]
 [   0.        ]
 [   0.        ]
 [   0.        ]
 [   0.        ]
 [   0.        ]
 [   0.        ]
 [ -63.38384596]]


Minimal lambda 8.189468534770324
Minimal alpha: 5e-10
Minimal cost: [135636.90867116]
Minimal theta: [[ 596.48958667]
 [-229.23529017]
 [   0.        ]
 [   0.        ]
 [   0.        ]
 [-144.11419726]
 [   0.        ]
 [  53.68714849]
 [   0.        ]
 [   0.        ]
 [   0.        ]
 [   0.        ]
 [ -39.27140039]
 [   0.        ]
 [   0.        ]
 [   0.        ]
 [   6.24202194]
 [   0.        ]
 [   0.        ]
 [   0.        ]
 [ -83.01349977]
 [-101.42621628]]


Minimal lambda 8.189468534770324
Minimal alpha: 5e-10
Minimal cost: [139280.32563567]
Minimal theta: [[ 545.10145107]
 [-247.7595845 ]
 [ -63.87075646]
 [ -48.61744945]
 [   0.        ]
 [   0.        ]
 [   0.        ]
 [   5.71239773]
 [ -89.15932625]
 [   0.        ]
 [   0.        ]
 [ -95.90022023]
 [   0.        ]
 [   0.        ]
 [ -15.24575125]
 [   0.        ]
 [   0.        ]
 [   0.        ]
 [   0.        ]
 [   0.        ]
 [   0.        ]
 [-283.54719771]]


Minimal lambda 5e-10
Minimal alpha: 0.005893843173967939
Minimal cost: [133597.62751595]
Minimal theta: [[ 441.01645865]
 [  -1.61981981]
 [-232.71137127]
 [-278.79712238]
 [-154.2065833 ]
 [-188.93236681]
 [  30.94730229]
 [ 110.55578833]
 [  17.30645747]
 [  42.54768293]
 [  -2.12957189]
 [ -32.26380045]
 [  51.6893504 ]
 [  23.79183891]
 [ 127.53796279]
 [ -28.0743691 ]
 [ 273.81290217]
 [  81.15595755]
 [-223.84933408]
 [-162.11054432]
 [-175.49997442]
 [-223.50846402]]


Minimal lambda 8.189468534770324
Minimal alpha: 5e-10
Minimal cost: [142053.33467573]
Minimal theta: [[587.22233371]
 [-36.455995  ]
 [ -8.60850064]
 [ -6.91231104]
 [ -5.23519603]
 [-12.45556402]
 [  1.90584398]
 [  3.7539978 ]
 [-15.25806771]
 [  1.86575963]
 [  0.        ]
 [-24.80259581]
 [ 19.98991448]
 [  4.71462879]
 [-12.59649206]
 [  0.        ]
 [  0.        ]
 [-20.62341955]
 [ 33.80230273]
 [-11.67830926]
 [ 12.01492256]
 [-77.113515  ]]


Minimal lambda 50.0
Minimal alpha: 5e-10
Minimal cost: [124684.95341493]
Minimal theta: [[473.67237449]
 [-21.36029362]
 [ -7.85879113]
 [  0.        ]
 [  0.        ]
 [ -8.2685735 ]
 [  0.        ]
 [  7.99135021]
 [ -2.99463592]
 [  0.        ]
 [ -3.80118001]
 [ -6.8483318 ]
 [  0.        ]
 [  0.        ]
 [  0.        ]
 [  0.        ]
 [ 17.40491063]
 [  0.        ]
 [ -2.00638974]
 [  0.        ]
 [  0.        ]
 [-21.52737784]]


