Minimal lambda 8.189468534770324
Minimal alpha: 5e-10
Minimal cost: [138336.17195891]
Minimal theta: [[ 482.17906536]
 [ -78.63813321]
 [  28.95040662]
 [   0.        ]
 [   0.        ]
 [ -21.52316703]
 [ -33.43215677]
 [ -28.19834289]
 [-222.0646369 ]
 [   0.        ]
 [   0.        ]
 [   0.        ]
 [   0.        ]
 [   0.        ]
 [  69.0233838 ]
 [   0.        ]
 [   0.        ]
 [ -23.01129032]
 [   0.        ]
 [   0.        ]
 [   0.        ]
 [   0.        ]
 [   0.        ]
 [  -5.53801727]
 [   0.        ]
 [   0.        ]
 [   0.        ]
 [   0.        ]
 [   0.        ]
 [   0.        ]
 [   0.        ]
 [   0.        ]
 [   0.        ]
 [   0.        ]
 [   0.        ]
 [   0.        ]
 [   0.        ]
 [   0.        ]
 [   0.        ]
 [   0.        ]
 [   0.        ]
 [   0.        ]
 [   0.        ]
 [   0.        ]
 [   0.        ]
 [   0.        ]
 [   0.        ]
 [   0.        ]
 [-236.32242654]]


Minimal lambda 1.341347897639863
Minimal alpha: 0.0009653488644416248
Minimal cost: [126588.12595613]
Minimal theta: [[ 5.98322723e+02]
 [-7.97177242e+01]
 [ 0.00000000e+00]
 [ 2.36990639e+01]
 [-4.90529081e+01]
 [ 0.00000000e+00]
 [ 2.48323054e+02]
 [-1.60185640e+02]
 [ 0.00000000e+00]
 [ 2.80325413e+01]
 [ 0.00000000e+00]
 [-9.31852447e+01]
 [-1.29022038e+02]
 [ 3.85057104e+01]
 [ 0.00000000e+00]
 [ 1.08636242e+02]
 [-1.25895680e+01]
 [-1.19778656e+02]
 [ 3.67068983e+01]
 [ 9.42713913e+01]
 [ 0.00000000e+00]
 [ 1.15768786e-01]
 [ 0.00000000e+00]
 [-1.07604932e+02]
 [ 9.23776547e+00]
 [ 6.74426770e+01]
 [ 0.00000000e+00]
 [ 0.00000000e+00]
 [-5.32163227e+01]
 [-3.42573904e+00]
 [ 4.82360713e+01]
 [ 6.03641454e+01]
 [ 2.42343838e+01]
 [ 2.17276919e+01]
 [ 4.47190864e+01]
 [ 0.00000000e+00]
 [-1.30672570e+02]
 [ 6.48989276e+01]
 [ 0.00000000e+00]
 [ 4.14714163e+00]
 [-5.93751552e+01]
 [ 0.00000000e+00]
 [ 1.46552046e+02]
 [ 0.00000000e+00]
 [-2.02327668e+01]
 [ 0.00000000e+00]
 [ 0.00000000e+00]
 [ 0.00000000e+00]
 [-6.01363200e+02]]


Minimal lambda 8.189468534770324
Minimal alpha: 5e-10
Minimal cost: [119401.99239831]
Minimal theta: [[ 5.04281944e+02]
 [-2.12057264e+01]
 [ 0.00000000e+00]
 [ 0.00000000e+00]
 [-1.40047686e-03]
 [-5.28763878e+00]
 [-3.78522415e+01]
 [-2.11780862e+00]
 [ 0.00000000e+00]
 [-2.04445723e+01]
 [-2.37875403e+01]
 [ 6.84273542e+00]
 [-1.73938258e+01]
 [ 3.56348736e-01]
 [ 0.00000000e+00]
 [-3.73210906e-04]
 [ 4.46602417e+00]
 [-6.10557840e+00]
 [-1.31146440e-01]
 [ 0.00000000e+00]
 [-5.69335681e+00]
 [ 0.00000000e+00]
 [-1.20735432e+00]
 [-8.55960558e-02]
 [ 1.59502753e+01]
 [ 4.60908528e+00]
 [-8.64650032e+00]
 [ 0.00000000e+00]
 [-5.81694324e-01]
 [ 2.09065450e+00]
 [-1.10506694e+00]
 [ 7.99219566e-01]
 [ 2.35233883e+01]
 [-1.68405670e+01]
 [ 0.00000000e+00]
 [-1.43340811e+00]
 [-2.46418513e-03]
 [ 0.00000000e+00]
 [-1.03582835e-03]
 [-2.31710364e-01]
 [ 0.00000000e+00]
 [-8.05259098e+00]
 [-2.44958943e-01]
 [ 9.89487953e+00]
 [-2.99594692e+00]
 [ 0.00000000e+00]
 [ 0.00000000e+00]
 [-1.49081090e-04]
 [-2.01457626e+01]]


