Mean costs are equal [0.14598481 0.10618557 0.08483451 0.08098209 0.0730331  0.07137819
 0.07170374 0.07116115 0.07110689 0.0710255  0.07124254 0.07132393]
Mean precision is equal [0.88906199 0.90803304 0.91752091 0.92152671 0.92916451 0.92879466
 0.92899161 0.92712984 0.92739642 0.92762867 0.92738796 0.92709475]
Mean tenderness is equal [0.846566   0.90375061 0.93258646 0.93516805 0.94091573 0.94437409
 0.94344861 0.94666342 0.94646858 0.94637116 0.94622504 0.94641987]
Mean F1 is equal [0.86462723 0.90446801 0.92448019 0.92784529 0.93481038 0.93646003
 0.93613044 0.93678542 0.93682076 0.93688467 0.93669466 0.93663823]

Mean costs are equal [0.12691264 0.1156267  0.09641888 0.08236571 0.07683125 0.07533912
 0.07371134 0.0737656  0.07300597 0.0733044  0.07308736 0.07325014]
Mean precision is equal [0.88897781 0.8926894  0.91187944 0.91496288 0.91784167 0.91654509
 0.92163902 0.92418142 0.9254106  0.92511971 0.92505279 0.92442768]
Mean tenderness is equal [0.88441305 0.90360448 0.91690209 0.94018509 0.94715051 0.95148563
 0.94831953 0.94515343 0.94515343 0.94490989 0.94539698 0.94583536]
Mean F1 is equal [0.88496013 0.89690101 0.9136281  0.92710334 0.93213376 0.93364959
 0.93477439 0.93452868 0.93515717 0.93489309 0.93510402 0.93499812]


Mean costs are equal [0.11926207 0.09810092 0.08600109 0.07867607 0.07183939 0.07048291
 0.06852957 0.06988606 0.06852957 0.06885513 0.06950624 0.07026587]
Mean iterations are equal [ 20.  60.  90.  60.  60.  90. 180. 100. 160. 170. 100.  90.]
Mean precision is equal [0.87987103 0.91819257 0.91365955 0.92507864 0.93376477 0.9297121
 0.93215693 0.93130578 0.93254    0.93151084 0.9309376  0.93001109]
Mean tenderness is equal [0.91787628 0.90511447 0.93443741 0.93453483 0.9375548  0.9449586
 0.94583536 0.94417925 0.94534827 0.94593278 0.94534827 0.9449586 ]
Mean F1 is equal [0.89584306 0.91109785 0.92366462 0.92967747 0.93563569 0.9372433
 0.93893341 0.93769532 0.93889913 0.9386627  0.93808433 0.93742309]

Mean costs are equal [0.11410743 0.09869778 0.08819859 0.07826913 0.07208356 0.07086272
 0.07167661 0.07143245 0.07069995 0.07067282 0.0705643  0.0705643 ]
Mean iterations are equal [100.  85. 115.  65. 150. 130. 155. 180. 105. 190. 120. 145.]
Mean precision is equal [0.87114352 0.90011702 0.9113773  0.92031203 0.92581523 0.92792147
 0.92779492 0.92936845 0.92862903 0.92874121 0.9288855  0.92957881]
Mean tenderness is equal [0.93823673 0.92815392 0.93312226 0.94150024 0.946566   0.94637116
 0.94490989 0.94349732 0.94578665 0.94568924 0.94573794 0.94490989]
Mean F1 is equal [0.90198964 0.91291273 0.92169322 0.93047109 0.9360207  0.93702005
 0.93624327 0.93635929 0.93711256 0.93712882 0.93722295 0.93717131]

