Lambda: 5.0
Cost: [270768.24925452]
Theta: [[60.68735606]
 [14.4104516 ]
 [37.89816557]
 [17.95204848]
 [-1.62507007]
 [ 0.17439269]]

Lambda: 3.9624144917695867
Cost: [253795.63663796]
Theta: [[ 7.66396677e+01]
 [ 1.70891446e+01]
 [ 4.85729992e+01]
 [ 2.22310283e+01]
 [-2.13413342e+00]
 [-3.68665265e-02]]

Lambda: 3.1401457209171264
Cost: [242076.52492264]
Theta: [[89.19395825]
 [18.90612119]
 [55.07486359]
 [25.67261488]
 [-2.72832743]
 [-0.41937213]]

Lambda: 2.488511782166056
Cost: [225502.70849488]
Theta: [[106.9017296 ]
 [ 21.7140414 ]
 [ 68.1375187 ]
 [ 29.7768254 ]
 [ -2.87369403]
 [ -0.58388299]]

Lambda: 1.972103029718828
Cost: [214946.07258657]
Theta: [[121.01765668]
 [ 22.38668554]
 [ 75.17721631]
 [ 31.87249829]
 [ -1.87183777]
 [ -0.26027254]]

Lambda: 1.5628579248441181
Cost: [204972.42211285]
Theta: [[133.94256852]
 [ 23.12924152]
 [ 82.50883643]
 [ 37.30669981]
 [ -4.90383944]
 [ -0.57478624]]

Lambda: 1.2385381779958553
Cost: [195128.69128252]
Theta: [[149.53009406]
 [ 20.76301993]
 [ 91.32612611]
 [ 38.58049292]
 [ -2.92483186]
 [ -2.61008328]]

Lambda: 0.9815203250201354
Cost: [181555.04853983]
Theta: [[173.84097039]
 [ 22.6329793 ]
 [103.31505843]
 [ 41.03015829]
 [ -5.33609352]
 [ -1.16210197]]

Lambda: 0.7778380719652359
Cost: [175859.92807661]
Theta: [[185.61052856]
 [ 18.21904826]
 [110.70759496]
 [ 40.63133419]
 [ -3.90686622]
 [ -3.1137058 ]]

Lambda: 0.6164233697210331
Cost: [168503.62909171]
Theta: [[203.56115841]
 [ 13.59547328]
 [118.61997181]
 [ 40.96859222]
 [ -4.56741283]
 [ -2.48811381]]

Lambda: 0.48850497864961256
Cost: [162882.09446004]
Theta: [[219.6217257 ]
 [  6.95638223]
 [125.61187122]
 [ 39.52375633]
 [ -4.9541577 ]
 [ -4.31689001]]

Lambda: 0.3871318413405635
Cost: [158389.53247312]
Theta: [[234.42762723]
 [ -3.09845149]
 [132.66656668]
 [ 35.78105418]
 [ -4.38822985]
 [ -8.25692124]]

Lambda: 0.3067953636706586
Cost: [153843.77453364]
Theta: [[253.07575201]
 [-13.72075053]
 [136.39357861]
 [ 34.30684471]
 [ -4.63441942]
 [ -8.22114442]]

Lambda: 0.24313007900326766
Cost: [150650.44456825]
Theta: [[269.75811459]
 [-28.90063464]
 [139.59635597]
 [ 24.9738547 ]
 [ -4.94757843]
 [-12.16424419]]

Lambda: 0.19267642968552648
Cost: [147604.58871763]
Theta: [[286.84711636]
 [-45.78371739]
 [141.46750907]
 [ 19.36578922]
 [ -6.39141553]
 [-13.73500343]]

Lambda: 0.15269277544167079
Cost: [145159.01935661]
Theta: [[304.28003847]
 [-65.08736494]
 [139.21900191]
 [ 12.73233843]
 [ -5.20899666]
 [-18.92502926]]

Lambda: 0.12100641323971911
Cost: [143093.52236858]
Theta: [[321.14878526]
 [-84.72728412]
 [137.55766807]
 [  3.5198673 ]
 [ -3.28275254]
 [-22.15946823]]

Lambda: 0.09589551308362444
Cost: [141044.14857528]
Theta: [[ 339.79677041]
 [-108.91133688]
 [ 134.64854007]
 [  -9.44551544]
 [  -6.44228094]
 [ -26.50463691]]

Lambda: 0.0759955541476467
Cost: [139088.69341281]
Theta: [[ 358.7537559 ]
 [-132.26881153]
 [ 129.98951561]
 [ -15.56862796]
 [  -4.69248039]
 [ -30.82614169]]

Lambda: 0.06022517701293912
Cost: [137042.52548037]
Theta: [[ 380.79002016]
 [-154.54840153]
 [ 125.05642857]
 [ -24.09848688]
 [  -5.70889971]
 [ -35.5680242 ]]

Lambda: 0.047727422833091684
Cost: [136198.5623751]
Theta: [[ 395.34690425]
 [-179.60878228]
 [ 118.37528581]
 [ -35.10754529]
 [  -3.22649191]
 [ -41.73945137]]

Lambda: 0.037823166377731456
Cost: [134649.08545058]
Theta: [[ 417.02251108]
 [-202.20781735]
 [ 112.91042875]
 [ -45.79035615]
 [  -3.82860579]
 [ -47.50193918]]

Lambda: 0.029974212515947046
Cost: [133745.52004373]
Theta: [[ 433.24662442]
 [-223.13975977]
 [ 105.38151591]
 [ -54.69106518]
 [  -7.9818313 ]
 [ -50.23051989]]

Lambda: 0.02375405081051399
Cost: [133178.70432737]
Theta: [[ 447.61981566]
 [-241.50953243]
 [  96.86123883]
 [ -59.927438  ]
 [  -4.724293  ]
 [ -56.54865668]]

Lambda: 0.018824679033962337
Cost: [132626.4324893]
Theta: [[ 462.46324779]
 [-257.669608  ]
 [  90.24010356]
 [ -68.65118957]
 [  -4.67841536]
 [ -59.60663124]]

Lambda: 0.014918236201416702
Cost: [132378.37605368]
Theta: [[ 476.61674049]
 [-274.01791275]
 [  79.9124319 ]
 [ -75.69342954]
 [  -3.22768053]
 [ -60.864828  ]]

Lambda: 0.011822447063227036
Cost: [131866.23169041]
Theta: [[ 489.22741682]
 [-286.51272715]
 [  76.46560044]
 [ -81.50848102]
 [  -2.30914858]
 [ -68.23376507]]

Lambda: 0.009369087114301924
Cost: [131211.82684575]
Theta: [[ 502.88352527]
 [-296.52740978]
 [  72.70860177]
 [ -83.16270829]
 [  -3.7752743 ]
 [ -68.87867088]]

Lambda: 0.007424841311272325
Cost: [131620.42291281]
Theta: [[ 504.45081868]
 [-306.5211387 ]
 [  63.71019477]
 [ -85.86799294]
 [  -4.5835118 ]
 [ -69.72192581]]

Lambda: 0.0058840597621749955
Cost: [131477.57667875]
Theta: [[ 511.94096567]
 [-315.2226105 ]
 [  59.72721867]
 [ -88.89473613]
 [  -3.55240194]
 [ -77.84177662]]

Lambda: 0.0046630167344161
Cost: [130993.23185857]
Theta: [[ 521.39234554]
 [-318.67340107]
 [  59.67862919]
 [ -92.53263883]
 [  -6.01233119]
 [ -72.39228284]]

Lambda: 0.0036953610167628913
Cost: [131549.65485177]
Theta: [[ 519.83124742]
 [-326.3302978 ]
 [  52.73091277]
 [ -94.67505377]
 [  -5.85706228]
 [ -76.89092441]]

Lambda: 0.002928510409028334
Cost: [130945.16106163]
Theta: [[ 528.97712788]
 [-330.27657601]
 [  54.52628676]
 [ -96.09825708]
 [  -6.61155616]
 [ -77.32422994]]

Lambda: 0.0023207944168063886
Cost: [131579.36312014]
Theta: [[ 526.40654709]
 [-336.12656897]
 [  50.53769758]
 [ -98.72621406]
 [  -2.29493662]
 [ -78.07492405]]

Lambda: 0.0018391898859143171
Cost: [131589.29260523]
Theta: [[ 528.85281822]
 [-337.36237564]
 [  47.62458574]
 [ -99.89028658]
 [  -3.19149645]
 [ -78.73041293]]

Lambda: 0.001457526531412588
Cost: [130994.32093269]
Theta: [[ 535.42664708]
 [-338.1999106 ]
 [  51.11512362]
 [-100.27681649]
 [  -4.49086452]
 [ -77.76956436]]

Lambda: 0.0011550648500415802
Cost: [130705.13790935]
Theta: [[ 540.99013521]
 [-338.93173174]
 [  51.14246052]
 [ -99.16696857]
 [  -3.52649703]
 [ -80.85060394]]

Lambda: 0.0009153691401476839
Cost: [131081.52212252]
Theta: [[ 537.42597755]
 [-344.25982903]
 [  47.4057358 ]
 [ -99.66787278]
 [  -4.3065098 ]
 [ -80.76713318]]

Lambda: 0.0007254143892479701
Cost: [130923.39427186]
Theta: [[ 541.7488191 ]
 [-341.99183915]
 [  46.7058698 ]
 [-101.59044673]
 [  -3.81925171]
 [ -80.37449174]]

Lambda: 0.0005748784976988678
Cost: [130956.8866362]
Theta: [[ 541.97032796]
 [-343.52076099]
 [  46.16524053]
 [-101.87882552]
 [  -3.64788488]
 [ -83.20697557]]

Lambda: 0.00045558137805774433
Cost: [131263.1341715]
Theta: [[ 540.45312922]
 [-342.2766424 ]
 [  41.42730099]
 [-101.83524058]
 [  -2.67830949]
 [ -82.56941219]]

Lambda: 0.00036104045091927357
Cost: [130910.00916824]
Theta: [[ 540.70293996]
 [-344.19703849]
 [  45.18423819]
 [-100.72649634]
 [  -8.31477693]
 [ -80.4282113 ]]

Lambda: 0.00028611838296751103
Cost: [131268.90461782]
Theta: [[ 538.6021691 ]
 [-343.98322604]
 [  43.30902412]
 [-101.66448297]
 [  -4.33294872]
 [ -78.71282863]]

Lambda: 0.00022674392540642912
Cost: [131370.46897621]
Theta: [[ 539.51348908]
 [-347.6456844 ]
 [  42.41409856]
 [-103.23948413]
 [  -3.80262924]
 [ -82.47764934]]

Lambda: 0.00017969068319023128
Cost: [131029.88548005]
Theta: [[ 540.40877396]
 [-345.30550893]
 [  47.69244346]
 [-101.99674277]
 [  -2.80545269]
 [ -81.77705304]]

Lambda: 0.00014240179342179024
Cost: [130961.67182049]
Theta: [[ 543.18787799]
 [-346.11084851]
 [  45.03978259]
 [-102.38781463]
 [  -4.5958303 ]
 [ -79.83562571]]

Lambda: 0.00011285098598169607
Cost: [130818.96948611]
Theta: [[ 545.96822526]
 [-344.14946705]
 [  43.01115529]
 [-102.01275595]
 [  -6.04351166]
 [ -82.47589313]]

Lambda: 8.943247645287175e-05
Cost: [131235.85782906]
Theta: [[ 542.03425181]
 [-347.3702232 ]
 [  42.13742532]
 [-103.56300691]
 [  -3.66061097]
 [ -81.55085186]]

Lambda: 7.087370814634024e-05
Cost: [131049.0438837]
Theta: [[ 544.60886565]
 [-348.26846273]
 [  42.51839615]
 [-100.47490659]
 [  -1.08177436]
 [ -81.09095983]]

Lambda: 5.616620164890133e-05
Cost: [130882.73681441]
Theta: [[ 544.69687992]
 [-346.45197022]
 [  45.08864447]
 [-101.07488681]
 [  -2.96209451]
 [ -82.44194423]]

Lambda: 4.451075427225196e-05
Cost: [130839.34840875]
Theta: [[ 547.4707099 ]
 [-343.12357415]
 [  44.66698034]
 [-104.50899983]
 [  -3.20388818]
 [ -80.33523297]]

Lambda: 3.527401155359323e-05
Cost: [130953.96347225]
Theta: [[ 542.70348821]
 [-342.43148294]
 [  42.90033235]
 [ -99.49210545]
 [  -4.12148165]
 [ -80.48604791]]

Lambda: 2.7954050912561114e-05
Cost: [131384.27191103]
Theta: [[ 539.87496449]
 [-347.81768036]
 [  40.07804009]
 [-100.79719799]
 [  -3.29762486]
 [ -83.74716865]]

Lambda: 2.215310728791939e-05
Cost: [131031.08906016]
Theta: [[ 543.21178738]
 [-346.48364409]
 [  43.40192168]
 [-102.13447017]
 [  -4.26519681]
 [ -81.29112466]]

Lambda: 1.7555958671075674e-05
Cost: [130736.80573472]
Theta: [[ 547.64625296]
 [-347.31722115]
 [  44.43443545]
 [-101.22803644]
 [  -4.33150144]
 [ -83.09149322]]

Lambda: 1.391279701103563e-05
Cost: [130919.95539143]
Theta: [[ 545.51602672]
 [-345.55243187]
 [  43.26308731]
 [-101.19946711]
 [  -2.70429485]
 [ -80.19309141]]

Lambda: 1.1025653699515227e-05
Cost: [131047.00721559]
Theta: [[ 543.86618338]
 [-348.26063893]
 [  42.39124113]
 [-100.8978286 ]
 [  -3.2461375 ]
 [ -80.90011223]]

Lambda: 8.737642000038415e-06
Cost: [131273.43819234]
Theta: [[ 5.42361607e+02]
 [-3.48131209e+02]
 [ 4.20909689e+01]
 [-1.02046090e+02]
 [-3.67394404e-01]
 [-8.00060760e+01]]

Lambda: 6.924431856969373e-06
Cost: [131200.14808864]
Theta: [[ 544.23510977]
 [-348.21974243]
 [  43.51949543]
 [-107.66900953]
 [  -3.73364324]
 [ -80.74022738]]

Lambda: 5.487493827465284e-06
Cost: [130981.59442401]
Theta: [[ 542.79436478]
 [-346.58586461]
 [  43.68870142]
 [-101.64315753]
 [  -5.74430774]
 [ -82.700079  ]]

Lambda: 4.348745013088917e-06
Cost: [132008.33855115]
Theta: [[ 534.78158806]
 [-348.17569755]
 [  40.17431827]
 [-105.58351049]
 [  -1.80829871]
 [ -80.89642955]]

Lambda: 3.4463060521748474e-06
Cost: [130930.72172794]
Theta: [[ 544.42453484]
 [-344.1150369 ]
 [  44.53791851]
 [-103.87931109]
 [  -5.0465429 ]
 [ -80.21681863]]

Lambda: 2.7311386088421742e-06
Cost: [131256.63723384]
Theta: [[ 541.69360915]
 [-347.28734873]
 [  41.88004683]
 [-103.52426937]
 [  -3.89472644]
 [ -83.03958586]]

Lambda: 2.1643806405415307e-06
Cost: [131044.94666336]
Theta: [[ 5.43868287e+02]
 [-3.46111792e+02]
 [ 4.42306008e+01]
 [-1.01538735e+02]
 [-4.43555097e-01]
 [-8.25657871e+01]]

Lambda: 1.7152346431574595e-06
Cost: [131064.05140506]
Theta: [[ 541.4959007 ]
 [-348.12427489]
 [  44.8976291 ]
 [-100.95666351]
 [  -3.55887405]
 [ -81.58829555]]

Lambda: 1.35929412136647e-06
Cost: [130820.48821267]
Theta: [[ 544.66788833]
 [-345.8431594 ]
 [  44.19728443]
 [-101.01309892]
 [  -6.30743458]
 [ -80.03470279]]

Lambda: 1.0772173450159411e-06
Cost: [131048.28101315]
Theta: [[ 543.66023172]
 [-347.39404896]
 [  43.40932329]
 [-103.08168206]
 [  -4.59544124]
 [ -77.65966154]]

Lambda: 8.536763237353461e-07
Cost: [131490.78897921]
Theta: [[ 538.38711818]
 [-347.05432796]
 [  40.83542562]
 [-101.94601307]
 [  -3.10094993]
 [ -81.18119758]]

Lambda: 6.765238872899037e-07
Cost: [130876.37954497]
Theta: [[ 545.88271315]
 [-345.36159128]
 [  43.5455003 ]
 [-101.28218282]
 [  -3.09680418]
 [ -81.89068461]]

Lambda: 5.361336110051616e-07
Cost: [130868.57207772]
Theta: [[ 545.1018334 ]
 [-345.03976215]
 [  44.91237583]
 [-102.23318096]
 [  -3.87636036]
 [ -81.07749884]]

Lambda: 4.2487671795432193e-07
Cost: [131150.37275135]
Theta: [[ 542.0240377 ]
 [-347.44266072]
 [  42.26814732]
 [-101.92829308]
 [  -4.53373002]
 [ -80.23208797]]

Lambda: 3.367075328875414e-07
Cost: [131345.22222996]
Theta: [[ 540.76121632]
 [-347.62412702]
 [  42.8166588 ]
 [-104.78435669]
 [  -3.20885741]
 [ -82.14560002]]

Lambda: 2.6683496156031564e-07
Cost: [130982.26743704]
Theta: [[ 544.85824058]
 [-346.86384079]
 [  44.23603003]
 [-104.76880083]
 [  -4.83134472]
 [ -81.32725427]]

Lambda: 2.1146214371947495e-07
Cost: [130795.32507639]
Theta: [[ 546.19714369]
 [-344.34796857]
 [  45.41486688]
 [-102.2875791 ]
 [  -3.71852732]
 [ -81.79090055]]

Lambda: 1.6758013254694204e-07
Cost: [130592.09702684]
Theta: [[ 547.93412992]
 [-344.90982057]
 [  47.26856763]
 [-100.43221607]
 [  -4.28119455]
 [ -81.01173022]]

Lambda: 1.3280438914733448e-07
Cost: [131234.91422313]
Theta: [[ 542.52828298]
 [-346.24233376]
 [  41.97787493]
 [-103.23434239]
 [  -2.06887699]
 [ -80.45639094]]

Lambda: 1.052452072256011e-07
Cost: [131328.01037877]
Theta: [[ 541.00790314]
 [-347.40979395]
 [  42.96283803]
 [-104.71940824]
 [  -2.61722202]
 [ -85.21309652]]

Lambda: 8.340502686000295e-08
Cost: [131401.57670786]
Theta: [[ 541.41651654]
 [-348.95610186]
 [  40.78283468]
 [-104.1742905 ]
 [  -3.08268702]
 [ -82.22176221]]

Lambda: 6.609705742330144e-08
Cost: [130871.11824566]
Theta: [[ 544.5466086 ]
 [-347.35572336]
 [  45.21877656]
 [-100.79107031]
 [  -3.39790393]
 [ -83.33499828]]

Lambda: 5.238078763948331e-08
Cost: [130983.95562087]
Theta: [[ 543.183546  ]
 [-346.76775526]
 [  44.07249122]
 [-101.82012875]
 [  -4.59955335]
 [ -82.86263207]]

Lambda: 4.151087840659868e-08
Cost: [131040.62678632]
Theta: [[ 541.98444115]
 [-346.68855192]
 [  44.84359683]
 [-102.02029833]
 [  -4.20472487]
 [ -80.66184318]]

Lambda: 3.289666123287841e-08
Cost: [131422.42520655]
Theta: [[ 540.42568774]
 [-346.74524219]
 [  41.57094046]
 [-104.87736333]
 [  -3.09713625]
 [ -81.83486057]]

Lambda: 2.6070041439998475e-08
Cost: [131418.07680525]
Theta: [[ 540.9891639 ]
 [-347.95163643]
 [  40.78361803]
 [-104.14069952]
 [  -3.06764519]
 [ -80.39431325]]

Lambda: 2.066006200057667e-08
Cost: [131002.43300515]
Theta: [[ 546.13074645]
 [-345.88837467]
 [  42.71708117]
 [-104.01778566]
 [  -2.74065998]
 [ -80.7264095 ]]

Lambda: 1.637274581438866e-08
Cost: [131286.11546019]
Theta: [[ 541.64215958]
 [-347.70725323]
 [  40.06092676]
 [-104.71661684]
 [  -8.0522615 ]
 [ -80.45997269]]

Lambda: 1.297512105699866e-08
Cost: [131250.75091209]
Theta: [[ 543.10467898]
 [-347.69086012]
 [  41.4883894 ]
 [-104.52675513]
 [  -3.25567285]
 [ -81.71641473]]

Lambda: 1.0282561541743257e-08
Cost: [130941.79319187]
Theta: [[ 546.55594331]
 [-346.47447803]
 [  42.45864462]
 [-103.43852321]
 [  -3.77681279]
 [ -83.73283463]]

Lambda: 8.148754173103233e-09
Cost: [131292.30938158]
Theta: [[ 540.53313563]
 [-347.15165742]
 [  42.18888865]
 [-102.32308398]
 [  -3.27124811]
 [ -80.84396538]]

Lambda: 6.4577483250744134e-09
Cost: [131470.64277095]
Theta: [[ 538.23361598]
 [-347.37916274]
 [  40.69928266]
 [-102.83250676]
 [  -5.95191874]
 [ -79.60868233]]

Lambda: 5.117655109495134e-09
Cost: [131541.69204254]
Theta: [[ 539.22301913]
 [-348.7763629 ]
 [  39.84586834]
 [-102.37065798]
 [  -2.60514933]
 [ -81.57638408]]

Lambda: 4.055654153948445e-09
Cost: [131028.30975454]
Theta: [[ 544.06862969]
 [-347.00390661]
 [  43.98464191]
 [-102.95432796]
 [  -3.0020649 ]
 [ -81.58124282]]

Lambda: 3.2140365586421596e-09
Cost: [131445.60353007]
Theta: [[ 5.41126906e+02]
 [-3.47909395e+02]
 [ 4.03803987e+01]
 [-1.02530190e+02]
 [-2.82715013e-01]
 [-8.17680752e+01]]

Lambda: 2.547069007408193e-09
Cost: [130997.40019332]
Theta: [[ 544.08929773]
 [-346.38048978]
 [  42.46089407]
 [-100.66711634]
 [  -3.33526056]
 [ -81.86759063]]

Lambda: 2.0185086292982748e-09
Cost: [131642.64285023]
Theta: [[ 539.50130353]
 [-348.46880193]
 [  40.22317019]
 [-105.38397903]
 [  -1.67845389]
 [ -82.41549823]]

Lambda: 1.5996335688986923e-09
Cost: [130808.53925371]
Theta: [[ 547.02570808]
 [-346.68654137]
 [  43.59521719]
 [-102.25709114]
 [  -4.8035646 ]
 [ -83.77867676]]

Lambda: 1.2676822469850584e-09
Cost: [131366.65324288]
Theta: [[ 540.95535907]
 [-346.2861729 ]
 [  41.55562429]
 [-103.54576078]
 [  -1.75227667]
 [ -83.75216008]]

Lambda: 1.004616501282523e-09
Cost: [131692.05700764]
Theta: [[ 539.98439011]
 [-347.34599763]
 [  37.0363915 ]
 [-103.9652511 ]
 [  -2.1029888 ]
 [ -80.91457512]]

Lambda: 7.961413966705469e-10
Cost: [130937.07391525]
Theta: [[ 546.83924079]
 [-348.63549221]
 [  43.27768732]
 [-104.28866796]
 [  -4.16919588]
 [ -81.7845344 ]]

Lambda: 6.309284415330093e-10
Cost: [131118.52276918]
Theta: [[ 541.12097093]
 [-344.83629686]
 [  42.84813481]
 [-101.54311989]
 [  -4.90945871]
 [ -81.08844219]]

Lambda: 5e-10
Cost: [130919.42710807]
Theta: [[ 543.93470286]
 [-346.17189831]
 [  44.41479987]
 [-100.90274707]
 [  -3.79335765]
 [ -80.96475297]]

Lambda: 5.0
Cost: [257671.36784954]
Theta: [[55.89730541]
 [20.3338108 ]
 [28.48373943]
 [25.58948519]
 [27.27810734]
 [26.65152058]]

Lambda: 3.9624144917695867
Cost: [238394.39625963]
Theta: [[70.46583105]
 [25.46722529]
 [38.4178867 ]
 [32.33244033]
 [30.9142898 ]
 [33.98339518]]

Lambda: 3.1401457209171264
Cost: [224522.69782653]
Theta: [[82.40004504]
 [28.59396976]
 [44.43617037]
 [39.20350779]
 [36.28515781]
 [37.29467826]]

Lambda: 2.488511782166056
Cost: [215788.75550195]
Theta: [[91.94963529]
 [28.63220044]
 [47.59341801]
 [41.65689432]
 [40.94007939]
 [40.65580375]]

Lambda: 1.972103029718828
Cost: [199957.4712302]
Theta: [[106.51711881]
 [ 33.1937692 ]
 [ 56.82123299]
 [ 51.03818951]
 [ 49.10165319]
 [ 46.57808317]]

Lambda: 1.5628579248441181
Cost: [190833.76173335]
Theta: [[119.24985646]
 [ 33.87808214]
 [ 61.92547203]
 [ 52.00601916]
 [ 52.86378557]
 [ 53.96658126]]

Lambda: 1.2385381779958553
Cost: [182706.68156441]
Theta: [[132.34552545]
 [ 34.10691993]
 [ 67.76792278]
 [ 56.72494842]
 [ 56.64183839]
 [ 54.88777263]]

Lambda: 0.9815203250201354
Cost: [177256.46498193]
Theta: [[142.84888844]
 [ 31.34176236]
 [ 73.8318146 ]
 [ 58.87431709]
 [ 58.57928394]
 [ 56.5977213 ]]

Lambda: 0.7778380719652359
Cost: [170895.78511759]
Theta: [[156.30949573]
 [ 29.17402222]
 [ 79.86285291]
 [ 61.92990769]
 [ 62.63591696]
 [ 58.06700703]]

Lambda: 0.6164233697210331
Cost: [164126.1055442]
Theta: [[173.37610172]
 [ 23.91572701]
 [ 88.78343256]
 [ 65.27890327]
 [ 64.20383661]
 [ 63.4212688 ]]

Lambda: 0.48850497864961256
Cost: [162202.00537479]
Theta: [[183.60404892]
 [ 13.71556571]
 [ 91.67829361]
 [ 64.46444076]
 [ 65.09696981]
 [ 60.4154229 ]]

Lambda: 0.3871318413405635
Cost: [159172.6200648]
Theta: [[197.07698488]
 [  4.79833384]
 [ 98.09438854]
 [ 65.55739476]
 [ 63.5210719 ]
 [ 57.25652942]]

Lambda: 0.3067953636706586
Cost: [155269.87537407]
Theta: [[215.77240162]
 [ -7.94407575]
 [105.85812824]
 [ 64.57090774]
 [ 64.82735545]
 [ 56.00610189]]

Lambda: 0.24313007900326766
Cost: [152964.64286244]
Theta: [[232.10574292]
 [-22.94768528]
 [110.57433942]
 [ 63.39017894]
 [ 62.57964301]
 [ 52.40862959]]

Lambda: 0.19267642968552648
Cost: [150394.30372332]
Theta: [[251.62825364]
 [-40.29385985]
 [117.58591858]
 [ 62.07013289]
 [ 59.34239214]
 [ 46.81549623]]

Lambda: 0.15269277544167079
Cost: [147201.02906507]
Theta: [[277.03004524]
 [-58.03765827]
 [122.92810122]
 [ 60.38854374]
 [ 57.14218671]
 [ 45.49913366]]

Lambda: 0.12100641323971911
Cost: [145577.36381853]
Theta: [[299.38852607]
 [-83.99188996]
 [127.68926942]
 [ 55.27451055]
 [ 51.49939588]
 [ 36.40905937]]

Lambda: 0.09589551308362444
Cost: [143792.53871137]
Theta: [[ 323.94414157]
 [-106.45542776]
 [ 130.70111666]
 [  48.81378234]
 [  47.35399179]
 [  30.93409503]]

Lambda: 0.0759955541476467
Cost: [142194.04497158]
Theta: [[ 349.14135659]
 [-132.01131842]
 [ 134.17004096]
 [  47.32576526]
 [  36.53313896]
 [  19.15616618]]

Lambda: 0.06022517701293912
Cost: [141614.17616236]
Theta: [[ 372.05947835]
 [-162.1427769 ]
 [ 133.29170623]
 [  40.29943118]
 [  27.9766173 ]
 [   6.51219799]]

Lambda: 0.047727422833091684
Cost: [140129.49748369]
Theta: [[ 398.8356559 ]
 [-186.52182842]
 [ 135.92540363]
 [  36.61869506]
 [  21.14012212]
 [  -5.49521014]]

Lambda: 0.037823166377731456
Cost: [138084.44419417]
Theta: [[ 431.60750422]
 [-210.77630603]
 [ 137.0991563 ]
 [  35.02697957]
 [  14.37028024]
 [ -13.33535239]]

Lambda: 0.029974212515947046
Cost: [137527.39599946]
Theta: [[ 458.8543245 ]
 [-235.67059113]
 [ 133.60731654]
 [  27.47301866]
 [   2.08674386]
 [ -24.54316702]]

Lambda: 0.02375405081051399
Cost: [137059.47471522]
Theta: [[ 483.08930802]
 [-258.38219332]
 [ 132.32393702]
 [  20.50312843]
 [  -7.82647422]
 [ -32.08786484]]

Lambda: 0.018824679033962337
Cost: [136228.48846513]
Theta: [[ 508.58262962]
 [-276.34486686]
 [ 130.79920525]
 [  16.49884084]
 [ -15.61447658]
 [ -40.48318949]]

Lambda: 0.014918236201416702
Cost: [135722.3071411]
Theta: [[ 530.26549539]
 [-295.60404065]
 [ 126.136708  ]
 [  15.97924868]
 [ -21.88635221]
 [ -51.59128003]]

Lambda: 0.011822447063227036
Cost: [135417.14567643]
Theta: [[ 550.36931174]
 [-309.50831687]
 [ 125.18597427]
 [  10.63798603]
 [ -30.58214966]
 [ -57.6718055 ]]

Lambda: 0.009369087114301924
Cost: [134989.27234516]
Theta: [[ 566.95136619]
 [-324.23364986]
 [ 126.22152521]
 [  10.17374526]
 [ -34.21187743]
 [ -64.88050717]]

Lambda: 0.007424841311272325
Cost: [135658.92566484]
Theta: [[ 576.54241794]
 [-336.73759637]
 [ 116.03971092]
 [   6.28808227]
 [ -42.41964228]
 [ -71.19913261]]

Lambda: 0.0058840597621749955
Cost: [134932.76031467]
Theta: [[ 594.77184968]
 [-341.20859043]
 [ 117.48264021]
 [   1.94599755]
 [ -44.92667333]
 [ -76.8005365 ]]

Lambda: 0.0046630167344161
Cost: [134704.15796663]
Theta: [[ 605.28263213]
 [-349.75794783]
 [ 113.38179122]
 [   2.45597594]
 [ -47.23138273]
 [ -77.0963555 ]]

Lambda: 0.0036953610167628913
Cost: [135257.95126577]
Theta: [[ 608.58839778]
 [-358.78781442]
 [ 113.20634584]
 [  -1.25757391]
 [ -52.35712817]
 [ -80.91811149]]

Lambda: 0.002928510409028334
Cost: [134596.31656013]
Theta: [[ 6.21027287e+02]
 [-3.60580345e+02]
 [ 1.11828285e+02]
 [-3.74443538e-01]
 [-5.30793448e+01]
 [-8.30209930e+01]]

Lambda: 0.0023207944168063886
Cost: [135343.94006281]
Theta: [[ 622.84562663]
 [-366.61044541]
 [ 108.62709182]
 [  -3.87054249]
 [ -60.89389603]
 [ -88.52117425]]

Lambda: 0.0018391898859143171
Cost: [134768.4295929]
Theta: [[ 629.86451959]
 [-370.07822255]
 [ 108.17704712]
 [  -3.43891391]
 [ -55.99292228]
 [ -85.13890569]]

Lambda: 0.001457526531412588
Cost: [134820.88214171]
Theta: [[ 631.31078787]
 [-371.83561657]
 [ 108.56144937]
 [  -1.10728723]
 [ -59.94603016]
 [ -90.46295068]]

Lambda: 0.0011550648500415802
Cost: [135129.64975595]
Theta: [[ 629.97218387]
 [-374.03425255]
 [ 108.14728243]
 [  -2.27160718]
 [ -60.43362072]
 [ -92.25528435]]

Lambda: 0.0009153691401476839
Cost: [134630.85906354]
Theta: [[ 639.06509895]
 [-376.99021776]
 [ 110.84542474]
 [  -1.98465787]
 [ -61.97997348]
 [ -91.47725424]]

Lambda: 0.0007254143892479701
Cost: [134584.02016763]
Theta: [[ 640.66399913]
 [-377.33227085]
 [ 106.9837346 ]
 [  -1.78589569]
 [ -60.50581226]
 [ -91.2025439 ]]

Lambda: 0.0005748784976988678
Cost: [134516.28303695]
Theta: [[ 6.41611253e+02]
 [-3.78981125e+02]
 [ 1.06608057e+02]
 [ 1.60410019e-01]
 [-5.99299582e+01]
 [-9.35048206e+01]]

Lambda: 0.00045558137805774433
Cost: [134842.21368342]
Theta: [[ 644.21666269]
 [-377.18030932]
 [ 105.79108433]
 [  -7.34420765]
 [ -62.71477773]
 [ -95.0179774 ]]

Lambda: 0.00036104045091927357
Cost: [134799.40378288]
Theta: [[ 642.78167186]
 [-379.13857217]
 [ 105.29118458]
 [  -4.32922989]
 [ -62.43635378]
 [ -93.52259728]]

Lambda: 0.00028611838296751103
Cost: [135019.71733677]
Theta: [[ 642.6463313 ]
 [-381.00510653]
 [ 105.93841165]
 [  -5.54863334]
 [ -63.51757234]
 [ -96.16888295]]

Lambda: 0.00022674392540642912
Cost: [134744.92572304]
Theta: [[ 644.97424931]
 [-381.52144758]
 [ 108.4298957 ]
 [  -4.62683631]
 [ -64.50048676]
 [ -92.41550234]]

Lambda: 0.00017969068319023128
Cost: [135061.49808918]
Theta: [[ 643.72195728]
 [-383.09755062]
 [ 107.82262348]
 [  -6.66963145]
 [ -64.83485839]
 [ -94.80515886]]

Lambda: 0.00014240179342179024
Cost: [134746.58240741]
Theta: [[ 647.03911245]
 [-381.87611293]
 [ 106.27960732]
 [  -4.96227075]
 [ -64.18119188]
 [ -94.99894008]]

Lambda: 0.00011285098598169607
Cost: [134823.53092183]
Theta: [[ 646.66970293]
 [-382.01925821]
 [ 106.1716897 ]
 [  -4.51466796]
 [ -66.43145229]
 [ -95.32743985]]

Lambda: 8.943247645287175e-05
Cost: [134585.26691324]
Theta: [[ 646.448192  ]
 [-381.53128371]
 [ 107.83994699]
 [  -3.220832  ]
 [ -63.00153202]
 [ -93.59580116]]

Lambda: 7.087370814634024e-05
Cost: [134944.69299472]
Theta: [[ 645.1962214 ]
 [-382.94017381]
 [ 105.86653559]
 [  -3.96796598]
 [ -66.30987519]
 [ -96.56229763]]

Lambda: 5.616620164890133e-05
Cost: [134775.6833015]
Theta: [[ 647.84000353]
 [-381.79453983]
 [ 109.83378442]
 [  -6.31004556]
 [ -66.4483936 ]
 [ -95.84429594]]

Lambda: 4.451075427225196e-05
Cost: [134747.29475394]
Theta: [[ 647.73155871]
 [-383.16618813]
 [ 106.71413926]
 [  -4.59473058]
 [ -64.78899189]
 [ -95.35373977]]

Lambda: 3.527401155359323e-05
Cost: [134798.61725198]
Theta: [[ 648.4578795 ]
 [-382.5385793 ]
 [ 106.7097381 ]
 [  -7.49628405]
 [ -63.22256111]
 [ -95.28210335]]

Lambda: 2.7954050912561114e-05
Cost: [134943.13551792]
Theta: [[ 647.40342434]
 [-382.61330382]
 [ 104.08177599]
 [  -6.31846835]
 [ -65.75718921]
 [ -95.71382312]]

Lambda: 2.215310728791939e-05
Cost: [134373.62774622]
Theta: [[ 651.36543169]
 [-379.57985961]
 [ 109.02366685]
 [  -4.7679058 ]
 [ -63.30031478]
 [ -93.33790999]]

Lambda: 1.7555958671075674e-05
Cost: [134574.81600854]
Theta: [[ 648.55590715]
 [-381.33248798]
 [ 108.20351908]
 [  -4.06453666]
 [ -64.80819322]
 [ -94.66474097]]

Lambda: 1.391279701103563e-05
Cost: [134670.39932136]
Theta: [[ 647.65200349]
 [-382.2602581 ]
 [ 108.83180568]
 [  -5.70981877]
 [ -63.75328857]
 [ -93.08012484]]

Lambda: 1.1025653699515227e-05
Cost: [135379.79572627]
Theta: [[ 644.72729903]
 [-384.84249513]
 [ 105.41380003]
 [  -9.58722953]
 [ -64.95854325]
 [ -97.39216025]]

Lambda: 8.737642000038415e-06
Cost: [135508.18792004]
Theta: [[ 644.49086535]
 [-383.49881508]
 [ 101.81546525]
 [  -8.92674079]
 [ -68.83893461]
 [ -95.42750128]]

Lambda: 6.924431856969373e-06
Cost: [134780.25544082]
Theta: [[ 647.08239669]
 [-383.13312836]
 [ 107.06941537]
 [  -5.32260632]
 [ -64.13614043]
 [ -94.56099696]]

Lambda: 5.487493827465284e-06
Cost: [135086.57168503]
Theta: [[ 644.30632346]
 [-382.29448257]
 [ 107.32063613]
 [  -5.52665609]
 [ -67.63685427]
 [ -97.11306607]]

Lambda: 4.348745013088917e-06
Cost: [135094.06709059]
Theta: [[ 645.88685909]
 [-384.77818986]
 [ 108.14225436]
 [  -6.89761352]
 [ -66.57105738]
 [ -96.63849973]]

Lambda: 3.4463060521748474e-06
Cost: [135567.01546806]
Theta: [[ 642.35859867]
 [-386.65275892]
 [ 105.70993686]
 [  -6.22298042]
 [ -66.93245453]
 [-100.17199314]]

Lambda: 2.7311386088421742e-06
Cost: [135795.17195966]
Theta: [[ 643.15264406]
 [-385.35108483]
 [ 102.6117614 ]
 [ -11.38678582]
 [ -67.65074122]
 [ -95.78233388]]

Lambda: 2.1643806405415307e-06
Cost: [135082.31772804]
Theta: [[ 647.05059224]
 [-385.03375753]
 [ 103.82931481]
 [  -6.6409305 ]
 [ -65.3838034 ]
 [ -96.20275662]]

Lambda: 1.7152346431574595e-06
Cost: [135395.04529464]
Theta: [[ 644.79264704]
 [-384.07725277]
 [ 104.16521443]
 [  -7.97319637]
 [ -66.29184147]
 [ -99.81919177]]

Lambda: 1.35929412136647e-06
Cost: [134690.6952501]
Theta: [[ 649.64661546]
 [-382.96474369]
 [ 105.924913  ]
 [  -4.44635722]
 [ -65.59026488]
 [ -96.54396788]]

Lambda: 1.0772173450159411e-06
Cost: [134352.96700023]
Theta: [[ 652.59160677]
 [-382.25764604]
 [ 108.78745618]
 [  -3.60476513]
 [ -63.04595489]
 [ -94.66609826]]

Lambda: 8.536763237353461e-07
Cost: [135287.95218201]
Theta: [[ 643.71326662]
 [-383.77611699]
 [ 103.25300279]
 [  -8.43339677]
 [ -62.83731657]
 [ -96.09732427]]

Lambda: 6.765238872899037e-07
Cost: [134605.76080266]
Theta: [[ 649.40401273]
 [-382.20188652]
 [ 107.33836334]
 [  -4.9353565 ]
 [ -64.0012381 ]
 [ -94.95835732]]

Lambda: 5.361336110051616e-07
Cost: [135130.16278833]
Theta: [[ 644.21504945]
 [-384.3154748 ]
 [ 106.1833763 ]
 [  -5.57514289]
 [ -65.49130635]
 [ -96.96467135]]

Lambda: 4.2487671795432193e-07
Cost: [135395.97485995]
Theta: [[ 642.34965099]
 [-385.0782483 ]
 [ 105.85235994]
 [  -4.85653042]
 [ -67.53666655]
 [ -99.17498304]]

Lambda: 3.367075328875414e-07
Cost: [134982.73768207]
Theta: [[ 642.88825098]
 [-382.16882559]
 [ 106.24258838]
 [  -4.89736763]
 [ -63.79857809]
 [ -94.84609101]]

Lambda: 2.6683496156031564e-07
Cost: [135430.85290387]
Theta: [[ 643.49881235]
 [-383.56849033]
 [ 103.7053309 ]
 [  -8.78969573]
 [ -65.45617026]
 [ -97.2444348 ]]

Lambda: 2.1146214371947495e-07
Cost: [134818.19931486]
Theta: [[ 646.94213783]
 [-382.36437356]
 [ 106.77237161]
 [  -4.28571448]
 [ -66.04852434]
 [ -97.21558322]]

Lambda: 1.6758013254694204e-07
Cost: [134755.8538528]
Theta: [[ 647.64605138]
 [-384.28532361]
 [ 107.68318039]
 [  -2.4398106 ]
 [ -67.01940145]
 [ -97.38736685]]

Lambda: 1.3280438914733448e-07
Cost: [134219.76670397]
Theta: [[ 650.72958912]
 [-379.33149773]
 [ 108.57089457]
 [  -1.74511329]
 [ -61.25071632]
 [ -93.23613489]]

Lambda: 1.052452072256011e-07
Cost: [135213.62373429]
Theta: [[ 644.97839062]
 [-386.38533471]
 [ 104.30428326]
 [  -5.87127365]
 [ -64.40115041]
 [ -97.56574568]]

Lambda: 8.340502686000295e-08
Cost: [134926.87386621]
Theta: [[ 647.19370706]
 [-383.97630837]
 [ 105.41824533]
 [  -7.59317847]
 [ -62.3099235 ]
 [ -95.19082889]]

Lambda: 6.609705742330144e-08
Cost: [134535.68817055]
Theta: [[ 649.9727314 ]
 [-380.40437193]
 [ 108.81152795]
 [  -7.03924798]
 [ -61.85347567]
 [ -93.5764722 ]]

Lambda: 5.238078763948331e-08
Cost: [135338.11534812]
Theta: [[ 645.14901394]
 [-385.33114435]
 [ 105.16033935]
 [  -8.41995525]
 [ -66.94949886]
 [ -95.80890056]]

Lambda: 4.151087840659868e-08
Cost: [134692.0561211]
Theta: [[ 649.2017069 ]
 [-381.53960692]
 [ 108.24561065]
 [  -7.10418335]
 [ -65.70675553]
 [ -92.05951792]]

Lambda: 3.289666123287841e-08
Cost: [134383.42026125]
Theta: [[ 651.22875711]
 [-382.04934066]
 [ 108.68925568]
 [  -3.22931307]
 [ -64.22069245]
 [ -92.02370796]]

Lambda: 2.6070041439998475e-08
Cost: [134658.20571263]
Theta: [[ 649.33865945]
 [-382.48022162]
 [ 105.77024551]
 [  -5.9603195 ]
 [ -61.93296716]
 [ -95.57448436]]

Lambda: 2.066006200057667e-08
Cost: [134795.85566042]
Theta: [[ 647.15230059]
 [-384.49634513]
 [ 106.15600085]
 [  -4.72394627]
 [ -64.40863888]
 [ -93.21448107]]

Lambda: 1.637274581438866e-08
Cost: [135453.12969509]
Theta: [[ 642.32390066]
 [-385.09336794]
 [ 102.70527837]
 [  -6.15420544]
 [ -66.02529983]
 [ -96.59993498]]

Lambda: 1.297512105699866e-08
Cost: [134628.06951036]
Theta: [[ 646.74714276]
 [-381.6230988 ]
 [ 108.04719693]
 [  -3.46153285]
 [ -63.98225204]
 [ -94.90840393]]

Lambda: 1.0282561541743257e-08
Cost: [135038.60754133]
Theta: [[ 645.30907273]
 [-384.78670807]
 [ 102.80829404]
 [  -3.66720192]
 [ -64.26054775]
 [ -97.87751593]]

Lambda: 8.148754173103233e-09
Cost: [135757.19850709]
Theta: [[ 643.38377414]
 [-386.72812068]
 [ 105.31122064]
 [  -9.47725573]
 [ -68.57250534]
 [ -99.08397107]]

Lambda: 6.4577483250744134e-09
Cost: [135052.84712351]
Theta: [[ 646.04306549]
 [-382.97082871]
 [ 102.05792326]
 [  -3.93431482]
 [ -68.59113508]
 [ -95.6253145 ]]

Lambda: 5.117655109495134e-09
Cost: [134505.2928455]
Theta: [[ 649.19100818]
 [-381.61939785]
 [ 106.20559558]
 [  -3.69565866]
 [ -62.45571192]
 [ -94.09068264]]

Lambda: 4.055654153948445e-09
Cost: [135008.96408128]
Theta: [[ 647.33904332]
 [-381.98674452]
 [ 106.84694265]
 [  -8.36037564]
 [ -66.13957953]
 [ -96.94569134]]

Lambda: 3.2140365586421596e-09
Cost: [135229.45467176]
Theta: [[ 645.30365289]
 [-383.84684998]
 [ 105.14563877]
 [  -8.28967925]
 [ -65.10539768]
 [ -97.35382941]]

Lambda: 2.547069007408193e-09
Cost: [134808.67205314]
Theta: [[ 645.42653586]
 [-383.5462912 ]
 [ 105.50878463]
 [  -3.60945088]
 [ -63.91134383]
 [ -93.77568899]]

Lambda: 2.0185086292982748e-09
Cost: [135006.36902463]
Theta: [[ 645.35077447]
 [-382.62962293]
 [ 104.17804284]
 [  -7.33253304]
 [ -63.33548699]
 [ -93.7728841 ]]

Lambda: 1.5996335688986923e-09
Cost: [134634.3990461]
Theta: [[ 649.26223054]
 [-381.93650394]
 [ 106.76473404]
 [  -6.45546436]
 [ -62.68287478]
 [ -93.17902242]]

Lambda: 1.2676822469850584e-09
Cost: [134939.46598142]
Theta: [[ 645.54730823]
 [-382.64389201]
 [ 103.27324031]
 [  -4.72828991]
 [ -63.19186981]
 [ -97.33260709]]

Lambda: 1.004616501282523e-09
Cost: [134897.42257693]
Theta: [[ 648.14891982]
 [-384.89271857]
 [ 104.89154191]
 [  -5.52967893]
 [ -65.54752497]
 [ -95.0442943 ]]

Lambda: 7.961413966705469e-10
Cost: [134751.10066589]
Theta: [[ 647.91599216]
 [-382.28737996]
 [ 105.97033549]
 [  -4.77542741]
 [ -65.22874454]
 [ -95.61711979]]

Lambda: 6.309284415330093e-10
Cost: [135161.02628116]
Theta: [[ 643.55546473]
 [-383.30687575]
 [ 105.50306688]
 [  -3.83510952]
 [ -69.16736515]
 [ -96.17729841]]

Lambda: 5e-10
Cost: [135106.19189461]
Theta: [[ 645.28300019]
 [-381.7881115 ]
 [ 105.13916594]
 [  -8.75715395]
 [ -64.64961256]
 [ -95.00257903]]

