Cluster assign [ 5  5  5  5  5  5  5  5  5  5  5  5  5  5  5  5  5  5  5  5  5  5  5  5
  5  5  5  5  5  5  5  5  5  5  5  5  5  5  5  5 13 13 13 13 13 13 13 12
 13 13 12  9 13 13 13 13 13 13 13 12 12  9 13 13 13  9 12 13  9 13 12 13
 13 13 13 13 13 13 13 13  9  9  9  9  9  9  9  9  9  9  9  9  9  9  9  9
  9  9  9  9  9  9  9  9  9  9  9  9  9  9  9  9  9  9  9  9  9  9  9  9
  0  0  0  0  0  0  1  0  0  0  0  0  0  0  0  0  0  0  0  0  0  0  0  0
  0  0  0  0  0  0  0  0  0  0  0  0  0  0  0  0  1  1  1  1  1  1  1  1
  1  1  1  1  1  1  1  1  1  1  1  1  1  1  1  1  1  1  1  1  1  1  1  1
  1  1  1  1  1  1  1  1  6  6  6  6  6  6  6  6  6  6  6  6  6  6  6  6
  6  6  6  6  6  6  6  6  6  6  6  6  6  6  6  6  1  6  6  6  6  6  6  6
  7  7  7  7  7  6  7  7  6  7  7  7  7  7  7  7  7  7  7  7  7  7  6  7
  7  7  7  7  7  7  7  7  7  7  7  7  7  7  7  7  8  8  8  8  8  8  8  8
  8  8  8  8  8 12  8  8  8  8  8  8  8  8  8  8  8  8  8  8  8  8  8  8
  8 12  8  8  8  8  8  8 11 11 11 11 11 11 11 11 11 11 11 11 11 11 11 11
 11 11 11 11 11 11 11 11 11 11 11 11 11 11 11 11 11 11 11 11 11 11 11 11
 10 10 10 10 10 10 10 10 10 10 10 10 10 10 10 10 10 10 10 10 10 10 10 10
 10 10 10 10 10 10 10 10 10 10 10 10 10 10 10 10  3  3  3  3  3  3  3  3
  3  3  3  3  3  3  3  3  3  3  3  3  3  3  3  3  3  3  3  3  3  3  3  3
  3  3  3  3  3  3  3  3  1  1  1  1  1  1  1  1  1  1  1  1  1  1  1  1
  1  1  1  1  1  1  1  1  1  1  1  1  1  1  1  1  1  1  1  1  1  1  1  1
  2  2  2  2  2  2  2  2  2  2  2  2  2  2  2  2  2  2  2  2  2  2  2  2
  2  2  2  2  2  2  2  2  2  2  2  2  2  2  2  2 14 14 14 14 14 14 14 14
 14 14 14 14 14 14 14 14 14 14 14 14 14 14 14 14 14 14 14 14 14 14 14 14
 14 14 14 14 14 14 14 14  4  4  4  4  4  4  4  4  4  4  4  4  4  4  4  4
  4  4  4  4  4  4  4  4  4  4  4  4  4  4  4  4  4  4  4  4  4  4  4  4]
Cluster assign [11 11 11 11 11 11 11 11 11 11 11 11 11 11 11 11 11 11 11 11 11 11 11 11
 11 11 11 11 11 11 11 11 11 11 11 11 11 11 11 11  6  6  6  6  6  6  6  6
  6  6  6  6  6  6  6  6  6  6  6  6  6  6  6  6  6  6  6  6  6  6  6  6
  6  6  6  6  6  6  6  6  1  1  1  1  1  1  1  1  1  1  1  1  1  1  1  1
  1  1  1  1  1  1  1  1  1  1  1  1  1  1  1  1  1  1  1  1  1  1  1  1
  8  8  8  8  8  8  8  1  8  8  8  8  8  8  8  8  8  8  8  8  8  8  8  8
  8  8  8  8  8  8  8  8  8  8  8  8  8  8  8  8 13 13 13 13 13 13 13 13
 13 13 13 13 13 13 13 13 13 13 13 13 13 13 13 13 13 13 13 13 13 13 13 13
 13 13 13 13 13 13 13 13 12 12 12 12 12  3 12 12 12 12 12 12 12 12 12 12
 12 12 12 12 12 12 12 12 12 12 12 12 12 12 12 12 12 12 12 12 12 12 12 12
  3  3  3  3  3 12  3  3  3  3  3  3  3  3  3  3  3  3  3  3  3  3  3  3
  3  3  3  3  3  3  3  3  3  3  3  3  3  3  3  3  5  5  5  5  5  5  5  5
  5  5  5  5  5  5  5  5  5  5  5  5  5  5  5  5  5  5  5  5  5  5  5  5
  5  5  5  5  5  5  5  5  7  7  7  7  7  7  7  7  7  7  7  7  7  7  7  7
  7  7  7  7  7  7  7  7  7  7  7  7  7  7  7  7  7  7  7  7  7  7  7  7
  4  4  4  4  4  4  4  4  4  4  4  4  4  4  4  4  4  4  4  4  4  4  4  4
  4  4  4  4  4  4  4  4  4  4  4  4  4  4  4  4  0  0  0  0  0  0  0  0
  0  0  0  0  0  0  0  0  0  0  0  0  0  0  0  0  0  0  0  0  0  0  0  0
  0  0  0  0  0  0  0  0 10 10 10 10 10 10 10 10 10 10 10 10 10 10 10 10
 10 10 10 10 10 10 10 10 10 10 10 10 10 10 10 10 10 10 10 10 10 10 10 10
 14 14 14 14 14 14 14 14 14 14 14 14 14 14 14 14 14 14 14 14 14 14 14 14
 14 14 14 14 14 14 14 14 14 14 14 14 14 14 14 14  9  9  9  9  9  9  9  9
  9  9  9  9  9  9  9  9  9  9  9  9  9  9  9  9  9  9  9  9  9  9  9  9
  9  9  9  9  9  9  9  9  2  2  2  2  2  2  2  2  2  2  2  2  2  2  2  2
  2  2  2  2  2  2  2  2  2  2  2  2  2  2  2  2  2  2  2  2  2  2  2  2]
Cluster assign [11 11 11 11 11 11 11 11 11 11 11 11 11 11 11 11 11 11 11 11 11 11 11 11
 11 11 11 11 11 11 11 11 11 11 11 11 11 11 11 11  5  5  5  5  5  5  5  5
  5  5  5  5  5  5  5  5  5  5  5  5  5  5  5  5  5  5  5  5  5  5  5  5
  5  5  5  5  5  5  5  5  4  4  4  4  4  4  4  5  4  5  4  4  4  4  4  5
  4  4  4  4  4  4  5  4  4  4  4 11  4  4  4  4  5  5  4  4  5  4  4  4
  4  4  4  4  4  4  1  4  4  4  4  4  4  4  4  4  4  4  4  4  4  4  4  4
  4  4  4  4  4  4  4  4  4  4  4  4  4  4  4  4  1 14  1  1  1  1  1  1
  1 14  1  1  1  1 14  1 14  1  1  1  1  1  1 14  1  1  1  1  1  1  1  1
  1  1  1  1  1  1  1 14  9  9  9  9  9 10  9  9  9  9  9  9  9  9  9  9
  9  9  9  9  9  9  9  9  9  9  9  9  9  9  9  9 14  9  9  9  9  9  9  9
 10 10 10 10 10  9 10 10 10 10 10 10 10 10 10 10 10 10 10 10 10 10 10 10
 10 10 10 10 10 10 10 10 10 10 10 10 10 10 10 10  8  8  8  8  8  8  8  8
  8  8  8  8  8  8  8  8  8  8  8  8  8  8  8  8  8  8  8  8  8  8  8  8
  8  8  8  8  8  8  8  8  7  7  7  7  7  7  7  7  7  7  7  7  7  7  7  7
  7  7  7  7  7  7  7  7  7  7  7  7  7  7  7  7  7  7  7  7  7  7  7  7
  2  2  2  2  2  2  2  2  2  2  2  2  2  2  2  2  2  2  2  2  2  2  2  2
  2  2  2  2  2  2  2  2  2  2  2  2  2  2  2  2  0  0  0  0  0  0  0  0
  0  0  0  0  0  0  0  0  0  0  0  0  0  0  0  0  0  0  0  0  0  0  0  0
  0  0  0  0  0  0  0  0 13 13 13 13 13 13 13 13 13 13 13 13 13 13 13 13
 13 13 13 13 13 13 13 13 13 13 13 13 13 13 13 13 13 13 13 13 13 13 13 13
 12 12 12 12 12 12 12 12 12 12 12 12 12 12 12 12 12 12 12 12 12 12 12 12
 12 12 12 12 12 12 12 12 12 12 12 12 12 12 12 12  6  6  6  6  6  6  6  6
  6  6  6  6  6  6  6  6  6  6  6  6  6  6  6  6  6  6  6  6  6  6  6  6
  6  6  6  6  6  6  6  6  3  3  3  3  3  3  3  3  3  3  3  3  3  3  3  3
  3  3  3  3  3  3  3  3  3  3  3  3  3  3  3  3  3  3  3  3  3  3  3  3]
Cluster assign [  0.   0.   0.   0.   0.   0.   0.   0.   0.   0.   0.   0.   0.   0.
   0.   0.   0.   0.   0.   0.   0.   0.   0.   0.   0.   0.   0.   0.
   0.   0.   0.   0.   0.   0.   0.   0.   0.   0.   0.   0.  40.  40.
  40.  40.  40.  40.  40.  40.  40.  40.  40.  40.  40.  40.  40.  40.
  40.  40.  40.  40.  40.  40.  40.  40.  40.  40.  40.  40.  40.  40.
  40.  40.  40.  40.  40.  40.  40.  40.  40.  40.  80.  80.  80.  80.
  80.  80.  80.  40.  80.  80.  80.  80.  80.  80.  80.  80.  80.  80.
  80.  80.  80.  80.  80.  80.  80.  80.  80.  80.  80.  80.  80.  80.
  80.  80.  80.  80.  80.  80.  80.  80. 120. 120. 120. 120. 120. 120.
 126.  80. 120. 120. 120. 120. 120. 120. 120. 120. 120. 120. 120. 120.
 120. 120. 120. 120. 120. 120. 120. 120. 120. 120. 120. 120. 120. 120.
 120. 120. 120. 120. 120. 120. 126. 126. 126. 126. 126. 126. 126. 126.
 126. 126. 126. 126. 126. 126. 126. 126. 126. 126. 126. 126. 126. 126.
 126. 126. 126. 126. 126. 126. 126. 126. 126. 126. 126. 126. 126. 126.
 126. 126. 126. 126. 200. 200. 200. 200. 204. 204. 200. 200. 200. 200.
 200. 200. 200. 200. 200. 200. 200. 200. 200. 200. 200. 204. 200. 200.
 200. 200. 200. 200. 200. 200. 200. 200. 126. 200. 200. 200. 200. 200.
 200. 200. 204. 204. 204. 204. 204. 204. 204. 204. 204. 204. 204. 204.
 204. 204. 204. 204. 204. 204. 204. 204. 204. 204. 204. 204. 204. 204.
 204. 204. 204. 204. 204. 204. 204. 204. 204. 204. 204. 204. 204. 204.
 280. 280. 280. 280. 280. 280. 280. 280. 280. 280. 280. 280. 280. 280.
 280. 280. 280. 280. 280. 280. 280. 280. 280. 280. 280. 280. 280. 280.
 280. 280. 280. 280. 280. 280. 280. 280. 280. 280. 280. 280. 320. 320.
 320. 320. 320. 320. 320. 320. 320. 320. 320. 320. 320. 320. 320. 320.
 320. 320. 320. 320. 320. 320. 320. 320. 320. 320. 320. 320. 320. 320.
 320. 320. 320. 320. 320. 320. 320. 320. 320. 320. 360. 360. 360. 360.
 360. 360. 360. 360. 360. 360. 360. 360. 360. 360. 360. 360. 360. 360.
 360. 360. 360. 360. 360. 360. 360. 360. 360. 360. 360. 360. 360. 360.
 360. 360. 360. 360. 360. 360. 360. 360. 400. 400. 400. 400. 400. 400.
 400. 400. 400. 400. 400. 400. 400. 400. 400. 400. 400. 400. 400. 400.
 400. 400. 400. 400. 400. 400. 400. 400. 400. 400. 400. 400. 400. 400.
 400. 400. 400. 400. 400. 400. 440. 440. 440. 440. 440. 440. 440. 440.
 440. 440. 440. 440. 440. 440. 440. 440. 440. 440. 440. 440. 440. 440.
 440. 440. 440. 440. 440. 440. 440. 440. 440. 440. 440. 440. 440. 440.
 440. 440. 440. 440. 480. 480. 480. 480. 480. 480. 480. 480. 480. 480.
 480. 480. 480. 480. 480. 480. 480. 480. 480. 480. 480. 480. 480. 480.
 480. 480. 480. 480. 480. 480. 480. 480. 480. 480. 480. 480. 480. 480.
 480. 480. 520. 520. 520. 520. 520. 520. 520. 520. 520. 520. 520. 520.
 520. 520. 520. 520. 520. 520. 520. 520. 520. 520. 520. 520. 520. 520.
 520. 520. 520. 520. 520. 520. 520. 520. 520. 520. 520. 520. 520. 520.
 560. 560. 560. 560. 560. 560. 560. 560. 560. 560. 560. 560. 560. 560.
 560. 560. 560. 560. 560. 560. 560. 560. 560. 560. 560. 560. 560. 560.
 560. 560. 560. 560. 560. 560. 560. 560. 560. 560. 560. 560.]
Cluster assign [  0.   0.   0.   0.   0.   0.   0.   0.   0.   0.   0.   0.   0.   0.
   0.   0.   0.   0.   0.   0.   0.   0.   0.   0.   0.   0.   0.   0.
   0.   0.   0.   0.   0.   0.   0.   0.   0.   0.   0.   0.  40.  40.
  40.  40.  40.  40.  40.  40.  40.  40.  40.  40.  40.  40.  40.  40.
  40.  40.  40.  40.  40.  40.  40.  40.  40.  40.  40.  40.  40.  40.
  40.  40.  40.  40.  40.  40.  40.  40.  40.  40.  80.  80.  80.  80.
  80.  80.  80.  40.  80.  80.  80.  80.  80.  80.  80.  80.  80.  80.
  80.  80.  80.  80.  80.  80.  80.  80.  80.  80.  80.  80.  80.  80.
  80.  80.  80.  80.  80.  80.  80.  80. 120. 120. 120. 120. 120. 120.
 126.  80. 120. 120. 120. 120. 120. 120. 120. 120. 120. 120. 120. 120.
 120. 120. 120. 120. 120. 120. 120. 120. 120. 120. 120. 120. 120. 120.
 120. 120. 120. 120. 120. 120. 126. 126. 126. 126. 126. 126. 126. 126.
 126. 126. 126. 126. 126. 126. 126. 126. 126. 126. 126. 126. 126. 126.
 126. 126. 126. 126. 126. 126. 126. 126. 126. 126. 126. 126. 126. 126.
 126. 126. 126. 126. 200. 200. 200. 200. 204. 204. 200. 200. 200. 200.
 200. 200. 200. 200. 200. 200. 200. 200. 200. 200. 200. 204. 200. 200.
 200. 200. 200. 200. 200. 200. 200. 200. 126. 200. 200. 200. 200. 200.
 200. 200. 204. 204. 204. 204. 204. 204. 204. 204. 204. 204. 204. 204.
 204. 204. 204. 204. 204. 204. 204. 204. 204. 204. 204. 204. 204. 204.
 204. 204. 204. 204. 204. 204. 204. 204. 204. 204. 204. 204. 204. 204.
 280. 280. 280. 280. 280. 280. 280. 280. 280. 280. 280. 280. 280. 280.
 280. 280. 280. 280. 280. 280. 280. 280. 280. 280. 280. 280. 280. 280.
 280. 280. 280. 280. 280. 280. 280. 280. 280. 280. 280. 280. 320. 320.
 320. 320. 320. 320. 320. 320. 320. 320. 320. 320. 320. 320. 320. 320.
 320. 320. 320. 320. 320. 320. 320. 320. 320. 320. 320. 320. 320. 320.
 320. 320. 320. 320. 320. 320. 320. 320. 320. 320. 360. 360. 360. 360.
 360. 360. 360. 360. 360. 360. 360. 360. 360. 360. 360. 360. 360. 360.
 360. 360. 360. 360. 360. 360. 360. 360. 360. 360. 360. 360. 360. 360.
 360. 360. 360. 360. 360. 360. 360. 360. 400. 400. 400. 400. 400. 400.
 400. 400. 400. 400. 400. 400. 400. 400. 400. 400. 400. 400. 400. 400.
 400. 400. 400. 400. 400. 400. 400. 400. 400. 400. 400. 400. 400. 400.
 400. 400. 400. 400. 400. 400. 440. 440. 440. 440. 440. 440. 440. 440.
 440. 440. 440. 440. 440. 440. 440. 440. 440. 440. 440. 440. 440. 440.
 440. 440. 440. 440. 440. 440. 440. 440. 440. 440. 440. 440. 440. 440.
 440. 440. 440. 440. 480. 480. 480. 480. 480. 480. 480. 480. 480. 480.
 480. 480. 480. 480. 480. 480. 480. 480. 480. 480. 480. 480. 480. 480.
 480. 480. 480. 480. 480. 480. 480. 480. 480. 480. 480. 480. 480. 480.
 480. 480. 520. 520. 520. 520. 520. 520. 520. 520. 520. 520. 520. 520.
 520. 520. 520. 520. 520. 520. 520. 520. 520. 520. 520. 520. 520. 520.
 520. 520. 520. 520. 520. 520. 520. 520. 520. 520. 520. 520. 520. 520.
 560. 560. 560. 560. 560. 560. 560. 560. 560. 560. 560. 560. 560. 560.
 560. 560. 560. 560. 560. 560. 560. 560. 560. 560. 560. 560. 560. 560.
 560. 560. 560. 560. 560. 560. 560. 560. 560. 560. 560. 560.]
Cluster assign [  0.   0.   0.   0.   0.   0.   0.   0.   0.   0.   0.   0.   0.   0.
   0.   0.   0.   0.   0.   0.   0.   0.   0.  23.   0.   0.   0.   0.
   0.   0.   0.   0.   0.   0.   0.   0.   0.   0.   0.  23.  40.  40.
  40.  40.  40.  40.  40.  40.  40.  40.  40.  51.  40.  40.  40.  40.
  40.  40.  40.  40.  40.  40.  40.  40.  40.  51.  40.  40.  51.  40.
  40.  40.  40.  40.  40.  40.  40.  40.  40.  40.  51.  51.  51.  51.
  51.  51.  51.  51.  51.  51.  51.  51.  51.  51.  51.  51.  51.  51.
  51.  51.  51.  51.  51.  51.  51.  51.  51.  51.  51.  51.  51.  51.
  51.  51.  51.  51.  51.  51.  51.  51. 120. 120. 120. 120. 120. 120.
 120.  51. 120. 120. 120.  51. 120. 120. 120. 120. 120. 120. 120. 120.
 120. 120. 120. 120. 120. 120. 120. 120. 120. 120. 120. 120. 120. 120.
 120. 120. 120. 120. 120.  51. 160. 160. 160. 160. 160. 160. 160. 160.
 160. 160. 160. 160. 160. 160. 174. 160. 174. 160. 160. 160. 160. 160.
 160. 174. 160. 160. 160. 160. 160. 160. 160. 160. 160. 160. 160. 160.
 160. 160. 160. 160. 174. 174. 174. 174. 204. 204. 174. 174. 174. 174.
 174. 174. 174. 174. 174. 174. 174. 174. 174. 174. 174. 204. 174. 174.
 174. 174. 174. 174. 174. 174. 174. 174. 174. 174. 174. 174. 174. 174.
 174. 174. 204. 204. 204. 204. 204. 204. 204. 204. 204. 204. 204. 204.
 204. 204. 204. 204. 204. 204. 204. 204. 204. 204. 204. 204. 204. 204.
 204. 204. 204. 204. 204. 204. 204. 204. 204. 204. 204. 204. 204. 204.
  23.  23.  23.  23.  23.  23.  23.  23.  23.  23.  23.  23.  23.  23.
  23.  23.  23.  23.  23.  23.  23.  23.  23.  23.  23.  23.  23.  23.
  23.  23.  23.  23.  23.  23.  23.  23.  23.  23.  23.  23. 320. 320.
 320. 320. 320. 320. 320. 320. 320. 320. 320. 320. 320. 320. 320. 320.
 320. 320. 320. 320. 320. 320. 320. 320. 320. 320. 320. 320. 320. 320.
 320. 320. 320. 320. 320. 320. 320. 320. 320. 320. 360. 360. 360. 360.
 360. 360. 360. 360. 360. 360. 360. 360. 360. 360. 360. 360. 360. 360.
 360. 360. 360. 360. 360. 360. 360. 360. 360. 360. 360. 360. 360. 360.
 360. 360. 360. 360. 360. 360. 360. 360. 400. 400. 400. 400. 400. 400.
 400. 400. 400. 400. 400. 400. 400. 400. 400. 400. 400. 400. 400. 400.
 400. 400. 400. 400. 400. 400. 400. 400. 400. 400. 400. 400. 400. 400.
 400. 400. 400. 400. 400. 400. 440. 440. 440. 440. 440. 440. 440. 440.
 440. 440. 440. 440. 440. 440. 440. 440. 440. 440. 440. 440. 440. 440.
 440. 440. 440. 440. 440. 440. 440. 440. 440. 440. 440. 440. 440. 440.
 440. 440. 440. 440. 480. 480. 480. 480. 480. 480. 480. 480. 480. 480.
 480. 480. 480. 480. 480. 480. 480. 480. 480. 480. 480. 480. 480. 480.
 480. 480. 480. 480. 480. 480. 480. 480. 480. 480. 480. 480. 480. 480.
 480. 480. 520. 520. 520. 520. 520. 520. 520. 520. 520. 520. 520. 520.
 520. 520. 520. 520. 520. 520. 520. 520. 520. 520. 520. 520. 520. 520.
 520. 520. 520. 520. 520. 520. 520. 520. 520. 520. 520. 520. 520. 520.
 560. 560. 560. 560. 560. 560. 560. 560. 560. 560. 560. 560. 560. 560.
 560. 560. 560. 560. 560. 560. 560. 560. 560. 560. 560. 560. 560. 560.
 560. 560. 560. 560. 560. 560. 560. 560. 560. 560. 560. 560.]
Cluster assign [  0.   0.   0.   0.   0.   0.   0.   0.   0.   0.   0.   0.   0.   0.
   0.   0.   0.   0.   0.   0.   0.   0.   0.  23.   0.   0.   0.   0.
   0.   0.   0.   0.   0.   0.   0.   0.   0.   0.   0.  23.  40.  40.
  40.  40.  40.  40.  40.  40.  40.  40.  40.  51.  40.  40.  40.  40.
  40.  40.  40.  40.  40.  40.  40.  40.  40.  51.  40.  40.  51.  40.
  40.  40.  40.  40.  40.  40.  40.  40.  40.  40.  80.  80.  80.  80.
  80.  80.  80.  51.  80.  80.  80.  80.  80.  80.  80.  80.  80.  80.
  80.  80.  80.  80.  80.  80.  80.  80.  80.  80.  80.  80.  80.  80.
  80.  80.  80.  80.  80.  80.  80.  80.  80.  80.  80.  80.  80.  80.
  80.  80.  80.  80.  80.  80.  80.  80.  80.  80.  80.  80.  80.  80.
  80.  80.  80.  80.  80.  80.  80.  80.  80.  80.  80.  80.  80.  80.
  80.  80.  80.  80.  80.  80. 160. 160. 160. 160. 160. 160. 160. 160.
 160. 160. 160. 160. 160. 160. 160. 160. 160. 160. 160. 160. 160. 160.
 160. 160. 160. 160. 160. 160. 160. 160. 160. 160. 160. 160. 160. 160.
 160. 160. 160. 160. 160. 160. 160. 160. 160. 160. 160. 160. 160. 160.
 160. 160. 160. 160. 160. 160. 160. 160. 160. 160. 160. 160. 160. 160.
 160. 160. 160. 160. 160. 160. 160. 160. 160. 160. 160. 160. 160. 160.
 160. 160. 160. 160. 160. 160. 160. 160. 160. 160. 160. 160. 160. 160.
 160. 160. 160. 160. 160. 160. 160. 160. 160. 160. 160. 160. 160. 160.
 160. 160. 160. 160. 160. 160. 160. 160. 160. 160. 160. 160. 160. 160.
 280. 280. 280. 280. 280. 280. 280. 280. 280. 280. 280. 280. 280. 280.
 280. 280. 280. 280. 280. 280. 280. 280. 280. 280. 280. 280. 280. 280.
 280. 280. 280. 280. 280. 280. 280. 280. 316. 280. 280. 280. 320. 320.
 320. 320. 320. 320. 320. 320. 320. 320. 320. 320. 320. 320. 320. 320.
 320. 320. 320. 320. 320. 320. 320. 320. 320. 320. 320. 320. 320. 320.
 320. 320. 320. 320. 320. 320. 320. 320. 320. 320. 360. 360. 360. 360.
 360. 360. 360. 360. 360. 360. 360. 360. 360. 360. 360. 360. 360. 360.
 360. 360. 360. 360. 360. 360. 360. 360. 360. 360. 360. 360. 360. 360.
 360. 360. 360. 360. 360. 360. 360. 360. 400. 400. 400. 400. 400. 400.
 400. 400. 400. 400. 400. 400. 400. 400. 400. 400. 400. 400. 400. 400.
 400. 400. 400. 400. 400. 400. 400. 400. 400. 400. 400. 400. 400. 400.
 400. 400. 400. 400. 400. 400. 440. 440. 440. 440. 440. 440. 440. 440.
 440. 440. 440. 440. 440. 440. 440. 440. 440. 440. 440. 440. 440. 440.
 440. 440. 440. 440. 440. 440. 440. 440. 440. 440. 440. 440. 440. 440.
 440. 440. 440. 440. 480. 480. 480. 480. 480. 480. 480. 480. 480. 480.
 480. 480. 480. 480. 480. 480. 480. 480. 480. 480. 480. 480. 480. 480.
 480. 480. 480. 480. 480. 480. 480. 480. 480. 480. 480. 480. 480. 480.
 480. 480. 520. 520. 520. 520. 520. 520. 520. 520. 520. 520. 520. 520.
 520. 520. 520. 520. 520. 520. 520. 520. 520. 520. 520. 520. 520. 520.
 520. 520. 520. 520. 520. 520. 520. 520. 520. 520. 520. 520. 520. 520.
 560. 560. 560. 560. 560. 560. 560. 560. 560. 560. 560. 560. 560. 560.
 560. 560. 560. 560. 560. 560. 560. 560. 560. 560. 560. 560. 560. 560.
 560. 560. 560. 560. 560. 560. 560. 560. 560. 560. 560. 560.]
Cluster assign [  0.   0.   0.   0.   4.   0.   0.   4.   0.   0.   4.   4.   4.   4.
   0.   4.   0.   0.   0.   0.   4.   0.   4.   0.   0.   4.   4.   0.
   4.   0.   0.   0.   0.   4.   4.   0.   0.   4.   0.   0.  40.  40.
  40.  40.  40.  40.  40.  40.  48.  40.  48.  48.  40.  40.  40.  40.
  40.  40.  48.  48.  40.  48.  40.  40.  48.  48.  48.  40.  48.  40.
  40.  48.  40.  48.  40.  40.  48.  40.  40.  48.  80.  80.  80.   4.
  80.  80.  80.   4.   4.   4.  80.  80.  80.  80.  80.   4.  80.  80.
  80.  80.  80.   4.  80.  80.  80.  80.  80.   4.  80.  80.   4.  48.
   4.  80.  80.  80.  80.  80.  80.  80.  48. 121. 121.  48.  48.  48.
   0. 127. 121.  48. 121.  48. 121. 121. 121.  48. 121.  48.  48.  48.
 121.  48. 121.   0. 121.  48. 121.  48. 121. 121.  48.  48.  48.  48.
 121.  48.  48. 121. 121. 127. 127. 127. 127. 127. 127. 127. 127.   4.
 127. 127. 127. 127. 127. 127.   0. 127.   0. 127. 127. 127. 127.   4.
 127. 127. 127.   4. 127. 127.   4. 127. 127. 127. 127. 127. 127. 127.
 127. 127. 127. 127.   0.   0.   0.   0.   0.   0.   0.   0.   0.   0.
   0.   0.   0.   0.   0.   0.   0.   0.   0.   0.   0.   0.   0.   0.
   0.   0.   0.   0.   0.   0.   0.   0.   0.   0.   0.   0.   0.   0.
   0.   0.   0.   0.   0.   0.   0.   0.   0.   0.   0.   0.   0.   0.
   0.   0.   0.   0.   0.   0.   0.   0.   0.   0.   0.   0.   0.   0.
   0.   0.   0.   0.   0.   0.   0.   0.   0.   0.   0.   0.   0.   0.
   4.   4.   4. 283.   4.   4. 283. 283.   4.   4.   4. 283. 283.   4.
 283. 283. 283. 283. 283.   4.   4.   4. 283.   4.   4. 283. 283. 283.
 283. 283.   4. 283.   4.   4. 283.   4.   4.   4.   4. 283. 320. 320.
 320. 320. 320. 320. 320. 320. 320. 320. 320. 320. 320. 320. 320. 320.
 320. 320. 320. 320. 320. 320. 320. 320. 320. 320. 320. 320. 320. 320.
 320. 320. 320. 320. 320. 320. 320. 320. 320. 320. 360. 360. 360. 360.
 360. 360. 360. 360. 360. 360. 360. 360. 360. 360. 360. 360. 360. 360.
 360. 360. 360. 360. 360. 360. 360. 360. 360. 360. 360. 360. 360. 360.
 360. 360. 360. 360. 360. 360. 360. 360. 400. 400. 400. 400. 400. 400.
 400. 400. 400. 400. 400. 400. 400. 400. 400. 400. 400. 400. 400. 400.
 400. 400. 400. 400. 400. 400. 400. 400. 400. 400. 400. 400. 400. 400.
 400. 400. 400. 400. 400. 400. 440. 440. 440. 440. 440. 440. 440. 440.
 440. 440. 440. 440. 440. 440. 440. 440. 440. 440. 440. 440. 440. 440.
 440. 440. 440. 440. 440. 440. 440. 440. 440. 440. 440. 440. 440. 440.
 440. 440. 440. 440. 480. 480. 480. 480. 480. 480. 480. 480. 480. 480.
 480. 480. 480. 480. 480. 480. 480. 480. 480. 480. 480. 480. 480. 480.
 480. 480. 480. 480. 480. 480. 480. 480. 480. 480. 480. 480. 480. 480.
 480. 480. 520. 520. 520. 520. 520. 520. 520. 520. 520. 520. 520. 520.
 520. 520. 520. 520. 520. 520. 520. 520. 520. 520. 520. 520. 520. 520.
 520. 520. 520. 520. 520. 520. 520. 520. 520. 520. 520. 520. 520. 520.
 560. 560. 560. 560. 560. 560. 560. 560. 560. 560. 560. 560. 560. 560.
 560. 560. 560. 560. 560. 560. 560. 560. 560. 560. 560. 560. 560. 560.
 560. 560. 560. 560. 560. 560. 560. 560. 560. 560. 560. 560.]
Cluster assign [  0.   1.   1.   0.   4.   0.   1.   0.   1.   0.   0.   0.   0.   0.
   1.   0.   1.   1.   4.   1.   4.   0.   4.  23.   0.   4.  26.   1.
  28.   1.   4.   1.   1.   4.  26.   0.   0.   4.   1.  23.  26.  26.
  26.  26.  26.  26.  26.  26.  26.  26.  26.  26.  26.  26.  26.  26.
  26.  26.  26.  26.  26.  26.  26.  26.  26.  26.  26.  26.  26.  26.
  26.  26.  26.  26.  26.  26.  26.  26.  26.  26.  26.  28.  28.  26.
  28.  28.  28.  26.  26.  26.  28.  28.  28.  28.  28.  26.  28.  28.
  28.  28.   4.  26.  26.  28.  26.  28.  26.  26.  28.  28.  26.  28.
  26.  26.  28.  28.  26.  28.  28.  28.   4.   4.   4.   4.   4.   4.
   4.  28.   4.   4.   4.   4.   4.   4.   4.   4.   4.   4.   4.   4.
   4.   4.   4.   4.   4.   4.   4.   4.   4.   4.   4.   4.   4.   4.
   4.   4.   4.   4.   4.   4. 160. 160. 160. 160. 160. 160. 160. 160.
 160. 160. 160. 160. 160. 160. 160. 160. 160. 160. 160. 160. 160. 160.
 160. 160.   4. 160. 160. 160.   4. 160. 160. 160. 160. 160. 160. 160.
 160. 160. 160. 160. 160. 201. 201. 201. 201. 201. 201. 160. 201. 160.
 201. 201. 160. 201. 201. 201. 201. 201. 201. 201. 160. 201. 201. 201.
 201. 201. 201. 160. 201. 201. 160. 201. 160. 201. 160. 201. 201. 201.
 160. 201. 201.  23. 201.  23.  23. 201. 201. 201. 201. 201.  23.  23.
 201. 201.  23.  23.  23. 201. 201. 201. 201. 201. 201. 201. 201. 201.
  23. 201.  23. 201. 201. 201.  23.  23. 201. 201.  23.  23.  23.  23.
  23.  23.  23.  23.  23.  23.  23.  23.  23.  23.  23.  23.  23.  23.
  23.  23.  23.  23.  23.  23.  23.  23.  23.  23.  23.  23.  23.  23.
  23.  23.  23.  23.  23.  23.  23.  23.  23.  23.  23.  23. 320. 320.
 320. 320. 320. 320. 320. 320. 320. 320. 320. 320. 320. 320. 320. 320.
 320. 320. 320. 320. 320. 320. 320. 320. 320. 320. 320. 320. 320. 320.
 320. 320. 320. 320. 320. 320. 320. 320. 320. 320. 360. 360. 360. 360.
 360. 360. 360. 360. 360. 360. 360. 360. 360. 360. 360. 360. 360. 360.
 360. 360. 360. 360. 360. 360. 360. 360. 360. 360. 360. 360. 360. 360.
 360. 360. 360. 360. 360. 360. 360. 360. 400. 400. 400. 400. 400. 400.
 400. 400. 400. 400. 400. 400. 400. 400. 400. 400. 400. 400. 400. 400.
 400. 400. 400. 400. 400. 400. 400. 400. 400. 400. 400. 400. 400. 400.
 400. 400. 400. 400. 400. 400. 440. 440. 440. 440. 440. 440. 440. 440.
 440. 440. 440. 440. 440. 440. 440. 440. 440. 440. 440. 440. 440. 440.
 440. 440. 440. 440. 440. 440. 440. 440. 440. 440. 440. 440. 440. 440.
 440. 440. 440. 440. 480. 480. 480. 480. 480. 480. 480. 480. 480. 480.
 480. 480. 480. 480. 480. 480. 480. 480. 480. 480. 480. 480. 480. 480.
 480. 480. 480. 480. 480. 480. 480. 480. 480. 480. 480. 480. 480. 480.
 480. 480. 520. 520. 520. 520. 520. 520. 520. 520. 520. 520. 520. 520.
 520. 520. 520. 520. 520. 520. 520. 520. 520. 520. 520. 520. 520. 520.
 520. 520. 520. 520. 520. 520. 520. 520. 520. 520. 520. 520. 520. 520.
 560. 560. 560. 560. 560. 560. 560. 560. 560. 560. 560. 560. 560. 560.
 560. 560. 560. 560. 560. 560. 560. 560. 560. 560. 560. 560. 560. 560.
 560. 560. 560. 560. 560. 560. 560. 560. 560. 560. 560. 560.]
Cluster assign [  0.   0.   0.   0.   0.   0.   0.   0.   0.   0.   0.   0.   0.   0.
   0.   0.   0.   0.   0.   0.   0.   0.   0.   0.   0.   0.   0.   0.
   0.   0.   0.   0.   0.   0.   0.   0.   0.   0.   0.   0.  40.  40.
  40.  40.  40.  40.  40.  40.  40.  40.  40.  40.  40.  40.  40.  40.
  40.  40.  40.  40.  40.  40.  40.  40.  40.  40.  40.  40.  40.  40.
  40.  40.  40.  40.  40.  40.  40.  40.  40.  40.  80.  80.  80.  80.
  80.  80.  80.  80.  80.  80.  80.  80.  80.  80.  80.  80.  80.  80.
  80.  80.  80.  80.  80.  80.  80.  80.  80.  80.  80.  80.  80.  80.
  80.  80.  80.  80.  80.  80.  80.  80. 120. 120. 120. 120. 120. 120.
 126.  80. 120. 120. 120. 120. 120. 120. 120. 120. 120. 120. 120. 120.
 120. 120. 120. 120. 120. 120. 120. 120. 120. 120. 120. 120. 120. 120.
 120. 120. 120. 120. 120. 120. 126. 126. 126. 126. 126. 126. 126. 126.
 126. 126. 126. 126. 126. 126. 126. 126. 126. 126. 126. 126. 126. 126.
 126. 126. 126. 126. 126. 126. 126. 126. 126. 126. 126. 126. 126. 126.
 126. 126. 126. 126. 200. 200. 200. 200. 200. 200. 200. 200. 200. 200.
 200. 200. 200. 200. 200. 200. 200. 200. 200. 200. 200. 200. 200. 200.
 200. 200. 200. 200. 200. 200. 200. 200. 126. 200. 200. 200. 200. 200.
 200. 200. 240. 240. 240. 240. 240. 200. 240. 240. 240. 240. 240. 240.
 240. 240. 240. 240. 240. 240. 240. 240. 240. 240. 240. 240. 240. 240.
 240. 240. 240. 240. 240. 240. 240. 240. 240. 240. 240. 240. 240. 240.
 280. 280. 280. 280. 280. 280. 280. 280. 280. 280. 280. 280. 280. 280.
 280. 280. 280. 280. 280. 280. 280. 280. 280. 280. 280. 280. 280. 280.
 280. 280. 280. 280. 280. 280. 280. 280. 280. 280. 280. 280. 320. 320.
 320. 320. 320. 320. 320. 320. 320. 320. 320. 320. 320. 320. 320. 320.
 320. 320. 320. 320. 320. 320. 320. 320. 320. 320. 320. 320. 320. 320.
 320. 320. 320. 320. 320. 320. 320. 320. 320. 320. 360. 360. 360. 360.
 360. 360. 360. 360. 360. 360. 360. 360. 360. 360. 360. 360. 360. 360.
 360. 360. 360. 360. 360. 360. 360. 360. 360. 360. 360. 360. 360. 360.
 360. 360. 360. 360. 360. 360. 360. 360. 400. 400. 400. 400. 400. 400.
 400. 400. 400. 400. 400. 400. 400. 400. 400. 400. 400. 400. 400. 400.
 400. 400. 400. 400. 400. 400. 400. 400. 400. 400. 400. 400. 400. 400.
 400. 400. 400. 400. 400. 400. 440. 440. 440. 440. 440. 440. 440. 440.
 440. 440. 440. 440. 440. 440. 440. 440. 440. 440. 440. 440. 440. 440.
 440. 440. 440. 440. 440. 440. 440. 440. 440. 440. 440. 440. 440. 440.
 440. 440. 440. 440. 480. 480. 480. 480. 480. 480. 480. 480. 480. 480.
 480. 480. 480. 480. 480. 480. 480. 480. 480. 480. 480. 480. 480. 480.
 480. 480. 480. 480. 480. 480. 480. 480. 480. 480. 480. 480. 480. 480.
 480. 480. 520. 520. 520. 520. 520. 520. 520. 520. 520. 520. 520. 520.
 520. 520. 520. 520. 520. 520. 520. 520. 520. 520. 520. 520. 520. 520.
 520. 520. 520. 520. 520. 520. 520. 520. 520. 520. 520. 520. 520. 520.
 560. 560. 560. 560. 560. 560. 560. 560. 560. 560. 560. 560. 560. 560.
 560. 560. 560. 560. 560. 560. 560. 560. 560. 560. 560. 560. 560. 560.
 560. 560. 560. 560. 560. 560. 560. 560. 560. 560. 560. 560.]
Cluster assign [  0.   0.   0.   0.   0.   0.   0.   0.   0.   0.   0.   0.   0.   0.
   0.   0.   0.   0.   0.   0.   0.   0.   0.   0.   0.   0.   0.   0.
   0.   0.   0.   0.   0.   0.   0.   0.   0.   0.   0.   0.  40.  40.
  40.  40.  40.  40.  40.  40.  40.  40.  40.  40.  40.  40.  40.  40.
  40.  40.  40.  40.  40.  40.  40.  40.  40.  40.  40.  40.  40.  40.
  40.  40.  40.  40.  40.  40.  40.  40.  40.  40.  80.  80.  80.  80.
  80.  80.  80.  80.  80.  80.  80.  80.  80.  80.  80.  80.  80.  80.
  80.  80.  80.  80.  80.  80.  80.  80.  80.  80.  80.  80.  80.  80.
  80.  80.  80.  80.  80.  80.  80.  80. 120. 120. 120. 120. 120. 120.
 126.  80. 120. 120. 120. 120. 120. 120. 120. 120. 120. 120. 120. 120.
 120. 120. 120. 120. 120. 120. 120. 120. 120. 120. 120. 120. 120. 120.
 120. 120. 120. 120. 120. 120. 126. 126. 126. 126. 126. 126. 126. 126.
 126. 126. 126. 126. 126. 126. 126. 126. 126. 126. 126. 126. 126. 126.
 126. 126. 126. 126. 126. 126. 126. 126. 126. 126. 126. 126. 126. 126.
 126. 126. 126. 126. 200. 200. 200. 200. 200. 200. 200. 200. 200. 200.
 200. 200. 200. 200. 200. 200. 200. 200. 200. 200. 200. 200. 200. 200.
 200. 200. 200. 200. 200. 200. 200. 200. 126. 200. 200. 200. 200. 200.
 200. 200. 240. 240. 240. 240. 240. 200. 240. 240. 240. 240. 240. 240.
 240. 240. 240. 240. 240. 240. 240. 240. 240. 240. 240. 240. 240. 240.
 240. 240. 240. 240. 240. 240. 240. 240. 240. 240. 240. 240. 240. 240.
 280. 280. 280. 280. 280. 280. 280. 280. 280. 280. 280. 280. 280. 280.
 280. 280. 280. 280. 280. 280. 280. 280. 280. 280. 280. 280. 280. 280.
 280. 280. 280. 280. 280. 280. 280. 280. 280. 280. 280. 280. 320. 320.
 320. 320. 320. 320. 320. 320. 320. 320. 320. 320. 320. 320. 320. 320.
 320. 320. 320. 320. 320. 320. 320. 320. 320. 320. 320. 320. 320. 320.
 320. 320. 320. 320. 320. 320. 320. 320. 320. 320. 360. 360. 360. 360.
 360. 360. 360. 360. 360. 360. 360. 360. 360. 360. 360. 360. 360. 360.
 360. 360. 360. 360. 360. 360. 360. 360. 360. 360. 360. 360. 360. 360.
 360. 360. 360. 360. 360. 360. 360. 360. 400. 400. 400. 400. 400. 400.
 400. 400. 400. 400. 400. 400. 400. 400. 400. 400. 400. 400. 400. 400.
 400. 400. 400. 400. 400. 400. 400. 400. 400. 400. 400. 400. 400. 400.
 400. 400. 400. 400. 400. 400. 440. 440. 440. 440. 440. 440. 440. 440.
 440. 440. 440. 440. 440. 440. 440. 440. 440. 440. 440. 440. 440. 440.
 440. 440. 440. 440. 440. 440. 440. 440. 440. 440. 440. 440. 440. 440.
 440. 440. 440. 440. 480. 480. 480. 480. 480. 480. 480. 480. 480. 480.
 480. 480. 480. 480. 480. 480. 480. 480. 480. 480. 480. 480. 480. 480.
 480. 480. 480. 480. 480. 480. 480. 480. 480. 480. 480. 480. 480. 480.
 480. 480. 520. 520. 520. 520. 520. 520. 520. 520. 520. 520. 520. 520.
 520. 520. 520. 520. 520. 520. 520. 520. 520. 520. 520. 520. 520. 520.
 520. 520. 520. 520. 520. 520. 520. 520. 520. 520. 520. 520. 520. 520.
 560. 560. 560. 560. 560. 560. 560. 560. 560. 560. 560. 560. 560. 560.
 560. 560. 560. 560. 560. 560. 560. 560. 560. 560. 560. 560. 560. 560.
 560. 560. 560. 560. 560. 560. 560. 560. 560. 560. 560. 560.]
Cluster assign [  0.   0.   0.   0.   0.   0.   0.   0.   0.   0.   0.   0.   0.   0.
   0.   0.   0.   0.   0.   0.   0.   0.   0.   0.   0.   0.   0.   0.
   0.   0.   0.   0.   0.   0.   0.   0.   0.   0.   0.   0.  40.  40.
  40.  40.  40.  40.  40.  40.  40.  40.  40.  40.  40.  40.  40.  40.
  40.  40.  40.  40.  40.  40.  40.  40.  40.  40.  40.  40.  40.  40.
  40.  40.  40.  40.  40.  40.  40.  40.  40.  40.  80.  80.  80.  80.
  80.  80.  80.  80.  80.  80.  80.  80.  80.  80.  80.  80.  80.  80.
  80.  80.  80.  80.  80.  80.  80.  80.  80.  80.  80.  80.  80.  80.
  80.  80.  80.  80.  80.  80.  80.  80. 120. 120. 120. 120. 120. 120.
 126.  80. 120. 120. 120. 120. 120. 120. 120. 120. 120. 120. 120. 120.
 120. 120. 120. 120. 120. 120. 120. 120. 120. 120. 120. 120. 120. 120.
 120. 120. 120. 120. 120. 120. 126. 126. 126. 126. 126. 126. 126. 126.
 126. 126. 126. 126. 126. 126. 126. 126. 126. 126. 126. 126. 126. 126.
 126. 126. 126. 126. 126. 126. 126. 126. 126. 126. 126. 126. 126. 126.
 126. 126. 126. 126. 200. 200. 200. 200. 200. 200. 200. 200. 200. 200.
 200. 200. 200. 200. 200. 200. 200. 200. 200. 200. 200. 200. 200. 200.
 200. 200. 200. 200. 200. 200. 200. 200. 126. 200. 200. 200. 200. 200.
 200. 200. 240. 240. 240. 240. 240. 200. 240. 240. 240. 240. 240. 240.
 240. 240. 240. 240. 240. 240. 240. 240. 240. 240. 240. 240. 240. 240.
 240. 240. 240. 240. 240. 240. 240. 240. 240. 240. 240. 240. 240. 240.
 280. 280. 280. 280. 280. 280. 280. 280. 280. 280. 280. 280. 280. 280.
 280. 280. 280. 280. 280. 280. 280. 280. 280. 280. 280. 280. 280. 280.
 280. 280. 280. 280. 280. 280. 280. 280. 280. 280. 280. 280. 320. 320.
 320. 320. 320. 320. 320. 320. 320. 320. 320. 320. 320. 320. 320. 320.
 320. 320. 320. 320. 320. 320. 320. 320. 320. 320. 320. 320. 320. 320.
 320. 320. 320. 320. 320. 320. 320. 320. 320. 320. 360. 360. 360. 360.
 360. 360. 360. 360. 360. 360. 360. 360. 360. 360. 360. 360. 360. 360.
 360. 360. 360. 360. 360. 360. 360. 360. 360. 360. 360. 360. 360. 360.
 360. 360. 360. 360. 360. 360. 360. 360. 400. 400. 400. 400. 400. 400.
 400. 400. 400. 400. 400. 400. 400. 400. 400. 400. 400. 400. 400. 400.
 400. 400. 400. 400. 400. 400. 400. 400. 400. 400. 400. 400. 400. 400.
 400. 400. 400. 400. 400. 400. 440. 440. 440. 440. 440. 440. 440. 440.
 440. 440. 440. 440. 440. 440. 440. 440. 440. 440. 440. 440. 440. 440.
 440. 440. 440. 440. 440. 440. 440. 440. 440. 440. 440. 440. 440. 440.
 440. 440. 440. 440. 480. 480. 480. 480. 480. 480. 480. 480. 480. 480.
 480. 480. 480. 480. 480. 480. 480. 480. 480. 480. 480. 480. 480. 480.
 480. 480. 480. 480. 480. 480. 480. 480. 480. 480. 480. 480. 480. 480.
 480. 480. 520. 520. 520. 520. 520. 520. 520. 520. 520. 520. 520. 520.
 520. 520. 520. 520. 520. 520. 520. 520. 520. 520. 520. 520. 520. 520.
 520. 520. 520. 520. 520. 520. 520. 520. 520. 520. 520. 520. 520. 520.
 560. 560. 560. 560. 560. 560. 560. 560. 560. 560. 560. 560. 560. 560.
 560. 560. 560. 560. 560. 560. 560. 560. 560. 560. 560. 560. 560. 560.
 560. 560. 560. 560. 560. 560. 560. 560. 560. 560. 560. 560.]
Cluster assign [  0.   0.   0.   0.   0.   0.   0.   0.   0.   0.   0.   0.   0.   0.
   0.   0.   0.   0.   0.   0.   0.   0.   0.   0.   0.   0.   0.   0.
   0.   0.   0.   0.   0.   0.   0.   0.   0.   0.   0.   0.  40.  40.
  40.  40.  40.  40.  40.  40.  40.  40.  40.  40.  40.  40.  40.  40.
  40.  40.  40.  40.  40.  40.  40.  40.  40.  40.  40.  40.  40.  40.
  40.  40.  40.  40.  40.  40.  40.  40.  40.  40.  80.  80.  80.  80.
  80.  80.  80.  80.  80.  80.  80.  80.  80.  80.  80.  80.  80.  80.
  80.  80.  80.  80.  80.  80.  80.  80.  80.  80.  80.  80.  80.  80.
  80.  80.  80.  80.  80.  80.  80.  80. 120. 120. 120. 120. 120. 120.
 120.  80. 120. 120. 120. 120. 120. 120. 120. 120. 120. 120. 120. 120.
 120. 120. 120. 120. 120. 120. 120. 120. 120. 120. 120. 120. 120. 120.
 120. 120. 120. 120. 120. 120. 160. 160. 160. 160. 160. 160. 160. 160.
 160. 160. 160. 160. 160. 160. 160. 160. 160. 160. 160. 160. 160. 160.
 160. 160. 160. 160. 160. 160. 160. 160. 160. 160. 160. 160. 160. 160.
 160. 160. 160. 160. 200. 200. 200. 200. 200. 200. 200. 200. 200. 200.
 200. 200. 200. 200. 200. 200. 200. 200. 200. 200. 200. 200. 200. 200.
 200. 200. 200. 200. 200. 200. 200. 200. 200. 200. 200. 200. 200. 200.
 200. 200. 240. 240. 240. 240. 240. 200. 240. 240. 240. 240. 240. 240.
 240. 240. 240. 240. 240. 240. 240. 240. 240. 240. 240. 240. 240. 240.
 240. 240. 240. 240. 240. 240. 240. 240. 240. 240. 240. 240. 240. 240.
 280. 280. 280. 280. 280. 280. 280. 280. 280. 280. 280. 280. 280. 280.
 280. 280. 280. 280. 280. 280. 280. 280. 280. 280. 280. 280. 280. 280.
 280. 280. 280. 280. 280. 280. 280. 280. 280. 280. 280. 280. 320. 320.
 320. 320. 320. 320. 320. 320. 320. 320. 320. 320. 320. 320. 320. 320.
 320. 320. 320. 320. 320. 320. 320. 320. 320. 320. 320. 320. 320. 320.
 320. 320. 320. 320. 320. 320. 320. 320. 320. 320. 360. 360. 360. 360.
 360. 360. 360. 360. 360. 360. 360. 360. 360. 360. 360. 360. 360. 360.
 360. 360. 360. 360. 360. 360. 360. 360. 360. 360. 360. 360. 360. 360.
 360. 360. 360. 360. 360. 360. 360. 360. 400. 400. 400. 400. 400. 400.
 400. 400. 400. 400. 400. 400. 400. 400. 400. 400. 400. 400. 400. 400.
 400. 400. 400. 400. 400. 400. 400. 400. 400. 400. 400. 400. 400. 400.
 400. 400. 400. 400. 400. 400. 440. 440. 440. 440. 440. 440. 440. 440.
 440. 440. 440. 440. 440. 440. 440. 440. 440. 440. 440. 440. 440. 440.
 440. 440. 440. 440. 440. 440. 440. 440. 440. 440. 440. 440. 440. 440.
 440. 440. 440. 440. 480. 480. 480. 480. 480. 480. 480. 480. 480. 480.
 480. 480. 480. 480. 480. 480. 480. 480. 480. 480. 480. 480. 480. 480.
 480. 480. 480. 480. 480. 480. 480. 480. 480. 480. 480. 480. 480. 480.
 480. 480. 520. 520. 520. 520. 520. 520. 520. 520. 520. 520. 520. 520.
 520. 520. 520. 520. 520. 520. 520. 520. 520. 520. 520. 520. 520. 520.
 520. 520. 520. 520. 520. 520. 520. 520. 520. 520. 520. 520. 520. 520.
 560. 560. 560. 560. 560. 560. 560. 560. 560. 560. 560. 560. 560. 560.
 560. 560. 560. 560. 560. 560. 560. 560. 560. 560. 560. 560. 560. 560.
 560. 560. 560. 560. 560. 560. 560. 560. 560. 560. 560. 560.]
Cluster assign [  0.   0.   0.   0.   0.   0.   0.   0.   0.   0.   0.   0.   0.   0.
   0.   0.   0.   0.   0.   0.   0.   0.   0.   0.   0.   0.   0.   0.
   0.   0.   0.   0.   0.   0.   0.   0.   0.   0.   0.   0.  40.  40.
  40.  40.  40.  40.  40.  40.  40.  40.  40.  40.  40.  40.  40.  40.
  40.  40.  40.  40.  40.  40.  40.  40.  40.  40.  40.  40.  40.  40.
  40.  40.  40.  40.  40.  40.  40.  40.  40.  40.  80.  80.  80.  80.
  80.  80.  80.  80.  80.  80.  80.  80.  80.  80.  80.  80.  80.  80.
  80.  80.  80.  80.  80.  80.  80.  80.  80.  80.  80.  80.  80.  80.
  80.  80.  80.  80.  80.  80.  80.  80. 120. 120. 120. 120. 120. 120.
 120.  80. 120. 120. 120. 120. 120. 120. 120. 120. 120. 120. 120. 120.
 120. 120. 120. 120. 120. 120. 120. 120. 120. 120. 120. 120. 120. 120.
 120. 120. 120. 120. 120. 120. 160. 160. 160. 160. 160. 160. 160. 160.
 160. 160. 160. 160. 160. 160. 160. 160. 160. 160. 160. 160. 160. 160.
 160. 160. 160. 160. 160. 160. 160. 160. 160. 160. 160. 160. 160. 160.
 160. 160. 160. 160. 200. 200. 200. 200. 200. 200. 200. 200. 200. 200.
 200. 200. 200. 200. 200. 200. 200. 200. 200. 200. 200. 200. 200. 200.
 200. 200. 200. 200. 200. 200. 200. 200. 200. 200. 200. 200. 200. 200.
 200. 200. 240. 240. 240. 240. 240. 200. 240. 240. 240. 240. 240. 240.
 240. 240. 240. 240. 240. 240. 240. 240. 240. 240. 240. 240. 240. 240.
 240. 240. 240. 240. 240. 240. 240. 240. 240. 240. 240. 240. 240. 240.
 280. 280. 280. 280. 280. 280. 280. 280. 280. 280. 280. 280. 280. 280.
 280. 280. 280. 280. 280. 280. 280. 280. 280. 280. 280. 280. 280. 280.
 280. 280. 280. 280. 280. 280. 280. 280. 280. 280. 280. 280. 320. 320.
 320. 320. 320. 320. 320. 320. 320. 320. 320. 320. 320. 320. 320. 320.
 320. 320. 320. 320. 320. 320. 320. 320. 320. 320. 320. 320. 320. 320.
 320. 320. 320. 320. 320. 320. 320. 320. 320. 320. 360. 360. 360. 360.
 360. 360. 360. 360. 360. 360. 360. 360. 360. 360. 360. 360. 360. 360.
 360. 360. 360. 360. 360. 360. 360. 360. 360. 360. 360. 360. 360. 360.
 360. 360. 360. 360. 360. 360. 360. 360. 400. 400. 400. 400. 400. 400.
 400. 400. 400. 400. 400. 400. 400. 400. 400. 400. 400. 400. 400. 400.
 400. 400. 400. 400. 400. 400. 400. 400. 400. 400. 400. 400. 400. 400.
 400. 400. 400. 400. 400. 400. 440. 440. 440. 440. 440. 440. 440. 440.
 440. 440. 440. 440. 440. 440. 440. 440. 440. 440. 440. 440. 440. 440.
 440. 440. 440. 440. 440. 440. 440. 440. 440. 440. 440. 440. 440. 440.
 440. 440. 440. 440. 480. 480. 480. 480. 480. 480. 480. 480. 480. 480.
 480. 480. 480. 480. 480. 480. 480. 480. 480. 480. 480. 480. 480. 480.
 480. 480. 480. 480. 480. 480. 480. 480. 480. 480. 480. 480. 480. 480.
 480. 480. 520. 520. 520. 520. 520. 520. 520. 520. 520. 520. 520. 520.
 520. 520. 520. 520. 520. 520. 520. 520. 520. 520. 520. 520. 520. 520.
 520. 520. 520. 520. 520. 520. 520. 520. 520. 520. 520. 520. 520. 520.
 560. 560. 560. 560. 560. 560. 560. 560. 560. 560. 560. 560. 560. 560.
 560. 560. 560. 560. 560. 560. 560. 560. 560. 560. 560. 560. 560. 560.
 560. 560. 560. 560. 560. 560. 560. 560. 560. 560. 560. 560.]
Cluster assign [  0.   0.   0.   0.   0.   0.   0.   0.   0.   0.   0.   0.   0.   0.
   0.   0.   0.   0.   0.   0.   0.   0.   0.   0.   0.   0.   0.   0.
   0.   0.   0.   0.   0.   0.   0.   0.   0.   0.   0.   0.  40.  40.
  40.  40.  40.  40.  40.  40.  40.  40.  40.  40.  40.  40.  40.  40.
  40.  40.  40.  40.  40.  40.  40.  40.  40.  40.  40.  40.  40.  40.
  40.  40.  40.  40.  40.  40.  40.  40.  40.  40.  80.  80.  80.  80.
  80.  80.  80.  80.  80.  80.  80.  80.  80.  80.  80.  80.  80.  80.
  80.  80.  80.  80.  80.  80.  80.  80.  80.  80.  80.  80.  80.  80.
  80.  80.  80.  80.  80.  80.  80.  80. 120. 120. 120. 120. 120. 120.
 120.  80. 120. 120. 120. 120. 120. 120. 120. 120. 120. 120. 120. 120.
 120. 120. 120. 120. 120. 120. 120. 120. 120. 120. 120. 120. 120. 120.
 120. 120. 120. 120. 120. 120. 160. 160. 160. 160. 160. 160. 160. 160.
 160. 160. 160. 160. 160. 160. 160. 160. 160. 160. 160. 160. 160. 160.
 160. 160. 160. 160. 160. 160. 160. 160. 160. 160. 160. 160. 160. 160.
 160. 160. 160. 160. 160. 160. 160. 160. 160. 205. 160. 160. 160. 160.
 160. 160. 160. 160. 160. 160. 160. 160. 160. 160. 160. 160. 160. 160.
 160. 160. 160. 160. 160. 160. 160. 160. 160. 160. 160. 160. 160. 160.
 160. 160. 205. 205. 205. 205. 205. 160. 205. 205. 205. 205. 205. 205.
 205. 205. 205. 205. 205. 205. 205. 205. 205. 205. 205. 205. 205. 205.
 205. 205. 205. 205. 205. 205. 205. 205. 205. 205. 205. 205. 205. 205.
 280. 280. 280. 280. 280. 280. 280. 280. 280. 280. 280. 280. 280. 280.
 280. 280. 280. 280. 280. 280. 280. 280. 280. 280. 280. 280. 280. 280.
 280. 280. 280. 280. 280. 280. 280. 280. 280. 280. 280. 280. 320. 320.
 320. 320. 320. 320. 320. 320. 320. 320. 320. 320. 320. 320. 320. 320.
 320. 320. 320. 320. 320. 320. 320. 320. 320. 320. 320. 320. 320. 320.
 320. 320. 320. 320. 320. 320. 320. 320. 320. 320. 360. 360. 360. 360.
 360. 360. 360. 360. 360. 360. 360. 360. 360. 360. 360. 360. 360. 360.
 360. 360. 360. 360. 360. 360. 360. 360. 360. 360. 360. 360. 360. 360.
 360. 360. 360. 360. 360. 360. 360. 360. 400. 400. 400. 400. 400. 400.
 400. 400. 400. 400. 400. 400. 400. 400. 400. 400. 400. 400. 400. 400.
 400. 400. 400. 400. 400. 400. 400. 400. 400. 400. 400. 400. 400. 400.
 400. 400. 400. 400. 400. 400. 440. 440. 440. 440. 440. 440. 440. 440.
 440. 440. 440. 440. 440. 440. 440. 440. 440. 440. 440. 440. 440. 440.
 440. 440. 440. 440. 440. 440. 440. 440. 440. 440. 440. 440. 440. 440.
 440. 440. 440. 479. 480. 480. 480. 480. 480. 480. 480. 480. 480. 480.
 480. 480. 480. 480. 480. 480. 480. 480. 480. 480. 480. 480. 480. 480.
 480. 480. 480. 480. 480. 480. 480. 480. 480. 480. 480. 480. 480. 480.
 480. 480. 520. 520. 520. 520. 520. 520. 520. 520. 520. 520. 520. 520.
 520. 520. 520. 520. 520. 520. 520. 520. 520. 520. 520. 520. 520. 520.
 520. 520. 520. 520. 520. 520. 520. 520. 520. 520. 520. 520. 520. 520.
 560. 560. 560. 560. 560. 560. 560. 560. 560. 560. 560. 560. 560. 560.
 560. 560. 560. 560. 560. 560. 560. 560. 560. 560. 560. 560. 560. 560.
 560. 560. 560. 560. 560. 560. 560. 560. 560. 560. 560. 560.]
Cluster assign [  0.   0.   0.   0.   0.   0.   0.   0.   0.   0.   0.   0.   0.   0.
   0.   0.   0.   0.   0.   0.   0.   0.   0.   0.   0.   0.   0.   0.
   0.   0.   0.   0.   0.   0.   0.   0.   0.   0.   0.   0.  40.  40.
  40.  40.  40.  40.  40.  40.  40.  40.  40.  40.  40.  40.  40.  40.
  40.  40.  40.  40.  40.  40.  40.  40.  40.  40.  40.  40.  40.  40.
  40.  40.  40.  40.  40.  40.  40.  40.  40.  40.  80.  80.  80.  80.
  80.  80.  80.  80.  80.  80.  80.  80.  80.  80.  80.  80.  80.  80.
  80.  80.  80.  80.  80.  80.  80.  80.  80.  80.  80.  80.  80.  80.
  80.  80.  80.  80.  80.  80.  80.  80. 120. 120. 120. 120. 120. 120.
 120.  80. 120. 120. 120. 120. 120. 120. 120. 120. 120. 120. 120. 120.
 120. 120. 120. 120. 120. 120. 120. 120. 120. 120. 120. 120. 120. 120.
 120. 120. 120. 120. 120. 120. 160. 160. 160. 160. 160. 160. 160. 160.
 160. 160. 160. 160. 160. 160. 160. 160. 160. 160. 160. 160. 160. 160.
 160. 160. 160. 160. 160. 160. 160. 160. 160. 160. 160. 160. 160. 160.
 160. 160. 160. 160. 200. 200. 200. 200. 200. 200. 200. 200. 200. 200.
 200. 200. 200. 200. 200. 200. 200. 200. 200. 200. 200. 200. 200. 200.
 200. 200. 200. 200. 200. 200. 200. 200. 200. 200. 200. 200. 200. 200.
 200. 200. 240. 240. 240. 240. 240. 200. 240. 240. 240. 240. 240. 240.
 240. 240. 240. 240. 240. 240. 240. 240. 240. 240. 240. 240. 240. 240.
 240. 240. 240. 240. 240. 240. 240. 240. 240. 240. 240. 240. 240. 240.
 280. 280. 280. 280. 280. 280. 280. 280. 280. 280. 280. 280. 280. 280.
 280. 280. 280. 280. 280. 280. 280. 280. 280. 280. 280. 280. 280. 280.
 280. 280. 280. 280. 280. 280. 280. 280. 280. 280. 280. 280. 320. 320.
 320. 320. 320. 320. 320. 320. 320. 320. 320. 320. 320. 320. 320. 320.
 320. 320. 320. 320. 320. 320. 320. 320. 320. 320. 320. 320. 320. 320.
 320. 320. 320. 320. 320. 320. 320. 320. 320. 320. 360. 360. 360. 360.
 360. 360. 360. 360. 360. 360. 360. 360. 360. 360. 360. 360. 360. 360.
 360. 360. 360. 360. 360. 360. 360. 360. 360. 360. 360. 360. 360. 360.
 360. 360. 360. 360. 360. 360. 360. 360. 400. 400. 400. 400. 400. 400.
 400. 400. 400. 400. 400. 400. 400. 400. 400. 400. 400. 400. 400. 400.
 400. 400. 400. 400. 400. 400. 400. 400. 400. 400. 400. 400. 400. 400.
 400. 400. 400. 400. 400. 400. 440. 440. 440. 440. 440. 440. 440. 440.
 440. 440. 440. 440. 440. 440. 440. 440. 440. 440. 440. 440. 440. 440.
 440. 440. 440. 440. 440. 440. 440. 440. 440. 440. 440. 440. 440. 440.
 440. 440. 440. 440. 480. 480. 480. 480. 480. 480. 480. 480. 480. 480.
 480. 480. 480. 480. 480. 480. 480. 480. 480. 480. 480. 480. 480. 480.
 480. 480. 480. 480. 480. 480. 480. 480. 480. 480. 480. 480. 480. 480.
 480. 480. 520. 520. 520. 520. 520. 520. 520. 520. 520. 520. 520. 520.
 520. 520. 520. 520. 520. 520. 520. 520. 520. 520. 520. 520. 520. 520.
 520. 520. 520. 520. 520. 520. 520. 520. 520. 520. 520. 520. 520. 520.
 560. 560. 560. 560. 560. 560. 560. 560. 560. 560. 560. 560. 560. 560.
 560. 560. 560. 560. 560. 560. 560. 560. 560. 560. 560. 560. 560. 560.
 560. 560. 560. 560. 560. 560. 560. 560. 560. 560. 560. 560.]
Cluster assign [  0.   0.   0.   0.   0.   0.   0.   0.   0.   0.   0.   0.   0.   0.
   0.   0.   0.   0.   0.   0.   0.   0.   0.   0.   0.   0.   0.   0.
   0.   0.   0.   0.   0.   0.   0.   0.   0.   0.   0.   0.  40.  40.
  40.  40.  40.  40.  40.  40.  40.  40.  40.  40.  40.  40.  40.  40.
  40.  40.  40.  40.  40.  40.  40.  40.  40.  40.  40.  40.  40.  40.
  40.  40.  40.  40.  40.  40.  40.  40.  40.  40.  80.  80.  80.  80.
  80.  80.  80.  80.  80.  80.  80.  80.  80.  80.  80.  80.  80.  80.
  80.  80.  80.  80.  80.  80.  80.  80.  80.  80.  80.  80.  80.  80.
  80.  80.  80.  80.  80.  80.  80.  80. 120. 120. 120. 120. 120. 120.
 120.  80. 120. 120. 120. 120. 120. 120. 120. 120. 120. 120. 120. 120.
 120. 120. 120. 120. 120. 120. 120. 120. 120. 120. 120. 120. 120. 120.
 120. 120. 120. 120. 120. 120. 160. 160. 160. 160. 160. 160. 160. 160.
 160. 160. 160. 160. 160. 160. 160. 160. 160. 160. 160. 160. 160. 160.
 160. 160. 160. 160. 160. 160. 160. 160. 160. 160. 160. 160. 160. 160.
 160. 160. 160. 160. 200. 200. 200. 200. 200. 200. 200. 200. 200. 200.
 200. 200. 200. 200. 200. 200. 200. 200. 200. 200. 200. 200. 200. 200.
 200. 200. 200. 200. 200. 200. 200. 200. 200. 200. 200. 200. 200. 200.
 200. 200. 240. 240. 240. 240. 240. 200. 240. 240. 240. 240. 240. 240.
 240. 240. 240. 240. 240. 240. 240. 240. 240. 240. 240. 240. 240. 240.
 240. 240. 240. 240. 240. 240. 240. 240. 240. 240. 240. 240. 240. 240.
 280. 280. 280. 280. 280. 280. 280. 280. 280. 280. 280. 280. 280. 280.
 280. 280. 280. 280. 280. 280. 280. 280. 280. 280. 280. 280. 280. 280.
 280. 280. 280. 280. 280. 280. 280. 280. 280. 280. 280. 280. 320. 320.
 320. 320. 320. 320. 320. 320. 320. 320. 320. 320. 320. 320. 320. 320.
 320. 320. 320. 320. 320. 320. 320. 320. 320. 320. 320. 320. 320. 320.
 320. 320. 320. 320. 320. 320. 320. 320. 320. 320. 360. 360. 360. 360.
 360. 360. 360. 360. 360. 360. 360. 360. 360. 360. 360. 360. 360. 360.
 360. 360. 360. 360. 360. 360. 360. 360. 360. 360. 360. 360. 360. 360.
 360. 360. 360. 360. 360. 360. 360. 360. 400. 400. 400. 400. 400. 400.
 400. 400. 400. 400. 400. 400. 400. 400. 400. 400. 400. 400. 400. 400.
 400. 400. 400. 400. 400. 400. 400. 400. 400. 400. 400. 400. 400. 400.
 400. 400. 400. 400. 400. 400. 440. 440. 440. 440. 440. 440. 440. 440.
 440. 440. 440. 440. 440. 440. 440. 440. 440. 440. 440. 440. 440. 440.
 440. 440. 440. 440. 440. 440. 440. 440. 440. 440. 440. 440. 440. 440.
 440. 440. 440. 440. 480. 480. 480. 480. 480. 480. 480. 480. 480. 480.
 480. 480. 480. 480. 480. 480. 480. 480. 480. 480. 480. 480. 480. 480.
 480. 480. 480. 480. 480. 480. 480. 480. 480. 480. 480. 480. 480. 480.
 480. 480. 520. 520. 520. 520. 520. 520. 520. 520. 520. 520. 520. 520.
 520. 520. 520. 520. 520. 520. 520. 520. 520. 520. 520. 520. 520. 520.
 520. 520. 520. 520. 520. 520. 520. 520. 520. 520. 520. 520. 520. 520.
 560. 560. 560. 560. 560. 560. 560. 560. 560. 560. 560. 560. 560. 560.
 560. 560. 560. 560. 560. 560. 560. 560. 560. 560. 560. 560. 560. 560.
 560. 560. 560. 560. 560. 560. 560. 560. 560. 560. 560. 560.]
Cluster assign [10 10 10 10 10 10 10 10 10 10 10 10 10 10 10 10 10 10 10 10 10 10 10 10
 10 10 10 10 10 10 10 10 10 10 10 10 10 10 10 10  4  4  4  4  4  4  4  4
  4  4  4  4  4  4  4  4  4  4  4  4  4  4  4  4  4  4  4  4  4  4  4  4
  4  4  4  4  4  4  4  4  1  1  1  1  1  1  1  1  1  1  1  1  1  1  1  1
  1  1  1  1  1  1  1  1  1  1  1  1  1  1  1  1  1  1  1  1  1  1  1  1
  3  3  3  3  3  3  3  1  3  3  3  3  3  3  3  3  3  3  3  3  3  3  3  3
  3  3  3  3  3  3  3  3  3  3  3  3  3  3  3  3 13 13 13 13 13 13 13 13
 13 13 13 13 13 13 13 13 13 13 13 13 13 13 13 13 13 13 13 13 13 13 13 13
 13 13 13 13 13 13 13 13  6  6  6  6  6  6  6  6  6  6  6  6  6  6  6  6
  6  6  6  6  6  6  6  6  6  6  6  6  6  6  6  6  6  6  6  6  6  6  6  6
 12 12 12 12 12  6 12 12 12 12 12 12 12 12 12 12 12 12 12 12 12 12 12 12
 12 12 12 12 12 12 12 12 12 12 12 12 12 12 12 12  2  2  2  2  2  2  2  2
  2  2  2  2  2  2  2  2  2  2  2  2  2  2  2  2  2  2  2  2  2  2  2  2
  2  2  2  2  2  2  2  2  5  5  5  5  5  5  5  5  5  5  5  5  5  5  5  5
  5  5  5  5  5  5  5  5  5  5  5  5  5  5  5  5  5  5  5  5  5  5  5  5
  0  0  0  0  0  0  0  0  0  0  0  0  0  0  0  0  0  0  0  0  0  0  0  0
  0  0  0  0  0  0  0  0  0  0  0  0  0  0  0  0  9  9  9  9  9  9  9  9
  9  9  9  9  9  9  9  9  9  9  9  9  9  9  9  9  9  9  9  9  9  9  9  9
  9  9  9  9  9  9  9  9  8  8  8  8  8  8  8  8  8  8  8  8  8  8  8  8
  8  8  8  8  8  8  8  8  8  8  8  8  8  8  8  8  8  8  8  8  8  8  8  8
 11 11 11 11 11 11 11 11 11 11 11 11 11 11 11 11 11 11 11 11 11 11 11 11
 11 11 11 11 11 11 11 11 11 11 11 11 11 11 11 11  7  7  7  7  7  7  7  7
  7  7  7  7  7  7  7  7  7  7  7  7  7  7  7  7  7  7  7  7  7  7  7  7
  7  7  7  7  7  7  7  7 14 14 14 14 14 14 14 14 14 14 14 14 14 14 14 14
 14 14 14 14 14 14 14 14 14 14 14 14 14 14 14 14 14 14 14 14 14 14 14 14]
Cluster assign [ 1  1  1  1  1  1  1  1  1  1  1  1  1  1  1  1  1  1  1  1  1  1  1  1
  1  1  1  1  1  1  1  1  1  1  1  1  1  1  1  1 13 13 13 13 13 13 13 13
  1 13  1 11 13 10 13 13 13 13  1  1 13  1 13 13  1 13  1 10 11 13 13  1
 13  1 13 13 13 13 13 13 11  1 11 11 11 11 11 13  1  1 10 11 11 11 10  1
 11 11 10 11 10  1 11 10 11 11 11  1 11 10  1 12  1 11 11 10 11 11 11 10
 12 12  1 12  1 12  1  1 12  1  1 12 12 12 12 12 12  1 12 12 12 12 12  1
 12  1  1 12 12  3 12 12  1  1 12 12  1 12 12  1  0  0  0  0  0  0  0  0
  1  1  0  0  0  0  1  0  0  0  0  0  0  1  0  0  0  1  0  0  0  0  0  0
  0  0  0  0  1  0  0  1  3 10  3  3  3  3 10  0  3 10  3  3  3  3 10 10
  3  3  3  3  3  3  3  3  1 10  3  3 10  3  3  3  3  3  3  1 10  3 10  3
  1  2  2  2  2  3 13  2  2  2  2  2  2  2  2  2 13  1  2  2  1  2  2  1
 13  2 13  2  2 13  2  2  2  2 13  2  2  2 13  2 10 10  1 10 10 10 13 10
 10  1  1 10 10 10 10 10 10 10 10 10 10 10 10 10 10  1 10 10 10 13 10 10
  1 10 10  1  1  1  1 10  7  7  7 13  7 13 13  7 13  7  7  7  7  7  7  7
  7  7  7  7  7  7  7 13  7  7 13  7  7  7  7  7  7 13  7  7  7  7  7  7
  5  5  5  5  5  5  5  5  5  5  5  5  5  5 11  5 11 11  5 11  5 11  5  5
 11  5  5  5  5  5  5  5  5  5  5 11  5 11  5 11  8  8  8 14  8  8  8  8
  8  8  8 14  8 14 14  8  8 14  8 14  8  8  8 14 14  8  8  8  8  8  8  8
  8  8 14  8  8 14  8  8  6  6  6  6  6  6  6  6  6  6  6  6  6  0  6  6
  0  6  6  0  6  6  6  6  0  6  0  6  6  0  6  6  6  6  6  6  6  6  6  0
  0  0 10  0  0  0  0  0 10 10  0  0 10 10 10  0  0  3 10  0  3 10  3  0
 10  0  0 10  3 10  3  0  0 10 10  0  3  0 10 10  9  9  9  9  2  9  9  9
  9  9  2  9  9  9  9  9  9  9  9  9  2  9  9  9  9  2  9  9  9  9  9  2
  9  9  9  9  9  2  2  9  4  4  4  4 10  4  4  4  4  4  4  4  4  4  4  4
  4  4  4  4  4  4  4 10  4  4  4  4  4  4 10  4  4  4  4  4  4 10  4 10]
Cluster assign [14 14 14 14 14 14 14 14 14 14 14 14 14 14 14 14 14 14 14 14 14 14 14 14
 14 14 14 14 14 14 14 14 14 14 14 14 14 14 14 14  4  4  4  4  4  4  4  4
  4  4  4  4  4  4  4  4  4  4  4  4  4  4  4  4  4  4  4  4  4  4  4  4
  4  4  4  4  4  4  4  4  7  7  7  7  7  7  7  7  7  7  7  7  7  7  7  7
  7  7  7  7  7  7  7  7  7  7  7  7  7  7  7  7  7  7  7  7  7  7  7  7
  2  2  2  2  2  2  2  7  2  2  2  2  2  2  2  2  2  2  2  2  2  2  2  2
  2  2  2  2  2  2  2  2  2  2  2  2  2  2  2  2 12 12 12 12 12 12 12 12
 12 12 12 12 12 12 12 12 12 12 12 12 12 12 12 12 12 12 12 12 12 12 12 12
 12 12 12 12 12 12 12 12  5  5  5  5  5  5  5  5  5  5  5  5  5  5  5  5
  5  5  5  5  5  5  5  5  5  5  5  5  5  5  5  5  5  5  5  5  5  5  5  5
  1  1  1  1  1  5  1  1  1  1  1  1  1  1  1  1  1  1  1  1  1  1  1  1
  1  1  1  1  1  1  1  1  1  1  1  1  1  1  1  1  8  8  8  8  8  8  8  8
  8  8  8  8  8  8  8  8  8  8  8  8  8  8  8  8  8  8  8  8  8  8  8  8
  8  8  8  8  8  8  8  8  3  3  3  3  3  3  3  3  3  3  3  3  3  3  3  3
  3  3  3  3  3  3  3  3  3  3  3  3  3  3  3  3  3  3  3  3  3  3  3  3
 13 13 13 13 13 13 13 13 13 13 13 13 13 13 13 13 13 13 13 13 13 13 13 13
 13 13 13 13 13 13 13 13 13 13 13 13 13 13 13 13  6  6  6  6  6  6  6  6
  6  6  6  6  6  6  6  6  6  6  6  6  6  6  6  6  6  6  6  6  6  6  6  6
  6  6  6  6  6  6  6  6 10 10 10 10 10 10 10 10 10 10 10 10 10 10 10 10
 10 10 10 10 10 10 10 10 10 10 10 10 10 10 10 10 10 10 10 10 10 10 10 10
  0  0  0  0  0  0  0  0  0  0  0  0  0  0  0  0  0  0  0  0  0  0  0  0
  0  0  0  0  0  0  0  0  0  0  0  0  0  0  0  0 11 11 11 11 11 11 11 11
 11 11 11 11 11 11 11 11 11 11 11 11 11 11 11 11 11 11 11 11 11 11 11 11
 11 11 11 11 11 11 11 11  9  9  9  9  9  9  9  9  9  9  9  9  9  9  9  9
  9  9  9  9  9  9  9  9  9  9  9  9  9  9  9  9  9  9  9  9  9  9  9  9]
Cluster assign [ 1  1  1  1  1  1  1  1  1  1  1  1  1  1  1  1  1  1  1  1  1  1  1  1
  1  1  1  1  1  1  1  1  1  1  1  1  1  1  1  1  6  6  6  6  6  6  6  6
  6  6  6  6  6  6  6  6  6  6  6  6  6  6  6  6  6  6  6  6  6  6  6  6
  6  6  6  6  6  6  6  6 12 12 12 12 12 12 12 12 12 12 12 12 12 12 12 12
 12 12 12 12 12 12 12 12 12 12 12 12 12 12 12 12 12 12 12 12 12 12 12 12
  8  8  8  8  8  8 11 12  8  8  8  8  8  8  8  8  8  8  8  8  8  8  8  8
  8  8  8  8  8  8  8  8  8  8  8  8  8  8  8  8 11 11 11 11 11 11 11 11
 11 11 11 11 11 11 11 11 11 11 11 11 11 11 11 11 11 11 11 11 11 11 11 11
 11 11 11 11 11 11 11 11 14 14 14 14 14  0 14 14 14 14 14 14 14 14 14 14
 14 14 14 14 14 14 14 14 14 14 14 14 14 14 14 14 14 14 14 14 14 14 14 14
  0  0  0  0  0 14  0  0  0  0  0  0  0  0  0  0  0  0  0  0  0  0  0  0
  0  0  0  0  0  0  0  0  0  0  0  0  0  0  0  0 13 13 13 13 13 13 13 13
 13 13 13 13 13 13 13 13 13 13 13 13 13 13 13 13 13 13 13 13 13 13 13 13
 13 13 13 13 13 13 13 13 10 10 10 10 10 10 10 10 10 10 10 10 10 10 10 10
 10 10 10 10 10 10 10 10 10 10 10 10 10 10 10 10 10 10 10 10 10 10 10 10
  7  7  7  7  7  7  7  7  7  7  7  7  7  7  7  7  7  7  7  7  7  7  7  7
  7  7  7  7  7  7  7  7  7  7  7  7  7  7  7  7  2  2  2  2  2  2  2  2
  2  2  2  2  2  2  2  2  2  2  2  2  2  2  2  2  2  2  2  2  2  2  2  2
  2  2  2  2  2  2  2  2  9  9  9  9  9  9  9  9  9  9  9  9  9  9  9  9
  9  9  9  9  9  9  9  9  9  9  9  9  9  9  9  9  9  9  9  9  9  9  9  9
  3  3  3  3  3  3  3  3  3  3  3  3  3  3  3  3  3  3  3  3  3  3  3  3
  3  3  3  3  3  3  3  3  3  3  3  3  3  3  3  3  5  5  5  5  5  5  5  5
  5  5  5  5  5  5  5  5  5  5  5  5  5  5  5  5  5  5  5  5  5  5  5  5
  5  5  5  5  5  5  5  5  4  4  4  4  4  4  4  4  4  4  4  4  4  4  4  4
  4  4  4  4  4  4  4  4  4  4  4  4  4  4  4  4  4  4  4  4  4  4  4  4]
