Cluster assign [1 1 1 1 1 1 1 1 1 1 1 1 1 1 1 1 5 4 4 4 4 4 4 1 1 1 1 1 1 1 1 5 5 4 4 5 5
 4 1 1 1 1 1 1 1 1 1 1 1 1 1 1 1 1 1 1 1 1 1 1 1 1 1 1 1 1 1 1 1 1 1 1 1 1
 1 1 1 1 1 1 1 1 1 1 1 1 1 1 1 1 1 1 1 1 1 1 1 1 1 1 1 1 1 1 1 1 1 1 1 1 1
 1 1 1 1 1 1 1 1 1 1 1 1 1 1 1 1 1 1 1 1 1 1 1 1 1 1 1 1 1 1 1 3 3 3 3 2 3
 3 3 3 3 3 3 3 3 3 3 3 3 3 3 3 3 3 3 3 3 3 3 3 3 3 3 3 3 3 3 2 3 3 2 2 2 2
 2 2 2 2 2 2 2 2 2 2 2 2 2 2 2 2 2 2 2 2 2 2 2 2 2 2 2 2 2 2 2 2 2 2 2 2 2
 2 2 2 0 0 0 0 0 0 0 0 0 0 0 0 0 0 0 0 0 0 0 0 0 0 0 0 0 0 0 0 0 0 0 0 0 0
 0 0 0 0 0 0 0 0 0 0 0 0 0 0 0 0 0 0 0 0 0 0 0 0 0 0 0 0 0 0 0 0 0 0 0 0 0
 0 0 0 0 0 0 0 0 0 0 0 0 0 0 0 0 0 0 0 0 0 0 0 0 0 0 0 0 0 0 0 0 0 0 0 0 0
 0 0 0 0 0 0 0 0 0 0 0 0 0 0 0 0 0 0 0 0 0 0 0 0 0 0 0 0 0 0 0 0 0 0 0 0 0
 0 0 0 0 0 0 0 0 0 0 0 0 0 0 0 0 0 0 0 0 0 0 0 0 0 0 0 0 0]
Cluster assign [1 1 1 1 1 1 1 1 1 1 1 1 1 1 1 1 4 4 4 4 4 4 4 1 1 1 1 1 1 1 1 4 4 4 4 4 4
 4 1 1 1 1 1 1 1 1 1 1 1 1 1 1 1 1 1 1 1 1 1 1 1 1 1 1 1 1 1 1 1 1 1 1 1 1
 1 1 1 1 1 1 1 1 1 1 1 1 1 1 1 1 1 1 1 1 1 1 1 1 1 1 1 1 1 1 1 1 1 1 1 1 1
 1 1 1 1 1 1 1 1 1 1 1 1 1 1 1 1 1 1 1 1 1 1 1 1 1 1 1 1 1 1 1 3 3 3 5 5 3
 3 3 3 3 3 3 3 3 3 3 3 3 3 3 3 3 3 3 3 3 3 3 3 3 3 3 3 3 3 3 5 3 3 2 2 2 2
 2 2 2 2 2 2 2 2 2 2 2 2 2 2 2 2 2 2 2 2 2 2 2 2 2 2 2 2 2 2 2 2 2 2 2 2 2
 2 2 2 0 0 0 0 0 0 0 0 0 0 0 0 0 0 0 0 0 0 0 0 0 0 0 0 0 0 0 0 0 0 0 0 0 0
 0 0 0 0 0 0 0 0 0 0 0 0 0 0 0 0 0 0 0 0 0 0 0 0 0 0 0 0 0 0 0 0 0 0 0 0 0
 0 0 0 0 0 0 0 0 0 0 0 0 0 0 0 0 0 0 0 0 0 0 0 0 0 0 0 0 0 0 0 0 0 0 0 0 0
 0 0 0 0 0 0 0 0 0 0 0 0 0 0 0 0 0 0 0 0 0 0 0 0 0 0 0 0 0 0 0 0 0 0 0 0 0
 0 0 0 0 0 0 0 0 0 0 0 0 0 0 0 0 0 0 0 0 0 0 0 0 0 0 0 0 0]
Cluster assign [2 2 2 2 2 2 2 2 2 2 2 2 2 2 2 2 5 4 4 4 4 4 4 2 2 2 2 2 2 2 2 5 5 4 4 5 5
 4 2 2 2 2 2 2 2 2 2 2 2 2 2 2 2 2 2 2 2 2 2 2 2 2 2 2 2 2 2 2 2 2 2 2 2 2
 2 2 2 2 2 2 2 2 2 2 2 2 2 2 2 2 2 2 2 2 2 2 2 2 2 2 2 2 2 2 2 2 2 2 2 2 2
 2 2 2 2 2 2 2 2 2 2 2 2 2 2 2 2 2 2 2 2 2 2 2 2 2 2 2 2 2 2 2 3 3 3 3 3 3
 3 3 3 3 3 3 3 3 3 3 3 3 3 3 3 3 3 3 3 3 3 3 3 3 3 3 3 3 3 3 3 3 3 1 1 1 1
 1 1 1 1 1 1 1 1 1 1 1 1 1 1 1 1 1 1 1 1 1 1 1 1 1 1 1 1 1 1 1 1 1 1 1 1 1
 1 1 1 0 0 0 0 0 0 0 0 0 0 0 0 0 0 0 0 0 0 0 0 0 0 0 0 0 0 0 0 0 0 0 0 0 0
 0 0 0 0 0 0 0 0 0 0 0 0 0 0 0 0 0 0 0 0 0 0 0 0 0 0 0 0 0 0 0 0 0 0 0 0 0
 0 0 0 0 0 0 0 0 0 0 0 0 0 0 0 0 0 0 0 0 0 0 0 0 0 0 0 0 0 0 0 0 0 0 0 0 0
 0 0 0 0 0 0 0 0 0 0 0 0 0 0 0 0 0 0 0 0 0 0 0 0 0 0 0 0 0 0 0 0 0 0 0 0 0
 0 0 0 0 0 0 0 0 0 0 0 0 0 0 0 0 0 0 0 0 0 0 0 0 0 0 0 0 0]
Cluster assign [3 3 3 3 3 3 3 3 3 3 3 3 3 3 3 3 4 4 4 5 5 5 5 3 3 3 3 3 3 3 3 4 4 5 5 4 4
 5 3 3 3 3 3 3 3 3 3 3 3 3 3 3 3 3 3 3 3 3 3 3 3 3 3 3 3 3 3 3 3 3 3 3 3 3
 3 3 3 3 3 3 3 3 3 3 3 3 3 3 3 3 3 3 3 3 3 3 3 3 3 3 3 3 3 3 3 3 3 3 3 3 3
 3 3 3 3 3 3 3 3 3 3 3 3 3 3 3 3 3 3 3 3 3 3 3 3 3 3 3 3 3 3 3 2 2 2 2 0 2
 2 2 2 2 2 2 2 2 2 2 2 2 2 2 2 2 2 2 2 2 2 2 2 2 2 2 2 2 2 2 0 2 2 0 0 0 0
 0 0 0 0 0 0 0 0 0 0 0 0 0 0 0 0 0 0 0 0 0 0 0 0 0 0 0 0 0 0 0 0 0 0 0 0 0
 0 0 0 1 1 1 1 1 1 1 1 1 1 1 1 1 1 1 1 1 1 1 1 1 1 1 1 1 1 1 1 1 1 1 1 1 1
 1 1 1 1 1 1 1 1 1 1 1 1 1 1 1 1 1 1 1 1 1 1 1 1 1 1 1 1 1 1 1 1 1 1 1 1 1
 1 1 1 1 1 1 1 1 1 1 1 1 1 1 1 1 1 1 1 1 1 1 1 1 1 1 1 1 1 1 1 1 1 1 1 1 1
 1 1 1 1 1 1 1 1 1 1 1 1 1 1 1 1 1 1 1 1 1 1 1 1 1 1 1 1 1 1 1 1 1 1 1 1 1
 1 1 1 1 1 1 1 1 1 1 1 1 1 1 1 1 1 1 1 1 1 1 1 1 1 1 1 1 1]
Cluster assign [4 0 0 0 0 0 0 0 0 0 5 5 5 5 5 5 5 5 5 3 5 5 5 5 5 5 5 5 5 5 5 5 5 5 5 5 5
 5 0 0 0 0 0 0 0 0 0 0 0 0 0 0 0 0 0 0 0 0 0 0 0 0 0 0 0 0 0 0 0 0 0 0 0 0
 0 0 0 0 0 0 0 0 0 0 0 0 0 0 0 0 0 0 0 0 0 0 0 0 0 0 0 0 0 0 0 0 0 0 0 0 0
 0 0 0 0 5 5 5 5 5 5 0 0 0 0 0 0 0 0 0 0 0 0 0 0 0 0 0 0 0 5 5 1 1 1 1 1 1
 1 1 1 1 1 1 1 1 1 1 1 1 1 1 1 1 1 1 1 1 1 1 1 1 1 1 1 1 1 1 1 1 1 4 4 4 4
 4 4 4 4 4 4 4 4 4 4 4 4 4 4 4 4 4 4 4 4 4 4 4 4 4 4 4 4 4 4 4 4 4 4 4 4 4
 4 4 4 2 2 2 2 2 2 2 2 2 2 2 2 2 2 2 2 2 2 2 2 2 2 2 2 2 2 2 2 2 2 2 2 2 2
 2 2 2 2 2 2 2 2 2 2 2 2 2 3 2 2 3 3 3 3 3 3 3 3 3 3 3 3 3 3 3 3 3 3 3 3 3
 3 3 3 3 3 3 3 3 3 3 3 3 3 3 3 3 3 3 3 2 2 2 2 2 2 2 2 2 2 2 2 2 2 2 2 2 2
 2 2 2 2 2 2 2 2 2 2 2 2 3 2 2 2 2 3 3 3 3 3 3 3 3 3 3 3 3 3 3 3 3 3 3 3 3
 3 3 3 3 3 3 3 3 3 3 3 3 3 2 3 3 2 2 2 3 3 3 3 2 2 2 3 3 2]
Cluster assign [1 5 5 5 5 5 5 2 5 2 2 2 2 2 2 2 3 3 3 3 3 3 3 2 2 2 2 2 2 4 2 4 4 4 4 4 4
 4 2 2 2 2 2 5 2 2 5 5 5 2 2 2 2 2 2 2 2 2 2 2 2 2 2 2 2 2 2 2 2 2 2 2 2 2
 2 2 2 2 2 2 2 2 2 2 2 2 2 2 2 2 2 2 2 2 2 2 2 2 2 2 2 2 2 2 2 2 2 2 2 2 2
 2 2 2 2 2 2 2 2 2 2 2 2 2 2 2 2 2 2 2 2 2 2 2 2 2 2 2 2 2 2 2 0 0 0 0 0 0
 0 0 0 0 0 0 0 0 0 0 0 0 0 0 0 0 0 0 0 0 0 0 0 0 0 0 0 0 0 0 0 0 0 1 1 1 1
 1 1 1 1 1 1 1 1 1 1 1 1 1 1 1 1 1 1 1 1 1 1 1 1 1 1 1 1 1 1 1 1 1 1 1 1 1
 1 1 1 4 4 4 4 4 4 4 4 4 4 4 4 4 4 4 4 4 4 4 4 4 4 4 4 4 4 4 4 4 4 4 4 4 4
 4 4 4 4 4 4 4 4 4 4 4 3 3 3 3 3 3 3 3 3 3 3 3 3 3 3 3 3 3 3 3 3 3 3 3 3 3
 3 3 3 3 3 3 3 3 3 3 3 3 3 3 3 3 3 3 3 4 4 4 4 4 4 4 4 4 4 4 4 4 4 4 4 4 4
 4 4 4 4 4 4 4 4 4 4 3 3 3 3 4 3 3 3 3 3 3 3 3 3 3 3 3 3 3 3 3 3 3 3 3 3 3
 3 3 3 3 3 3 3 3 3 3 3 3 3 3 3 3 3 4 3 3 3 3 3 3 4 4 3 3 3]
Cluster assign [3 0 0 0 0 0 0 0 0 0 0 0 0 1 1 1 1 1 1 1 1 1 1 1 0 1 0 0 1 1 1 1 1 1 1 1 1
 1 0 0 0 0 0 0 0 0 0 0 0 0 0 0 0 0 0 0 0 0 0 0 0 0 0 0 0 0 0 0 0 0 0 0 0 0
 0 0 0 0 0 0 0 0 0 0 0 0 0 0 0 0 0 0 0 0 0 0 0 0 0 0 0 0 0 0 0 0 0 0 0 0 0
 0 0 0 0 0 0 0 0 0 0 0 0 0 0 0 0 0 0 0 0 0 0 0 0 0 0 0 0 0 0 0 5 5 5 5 5 5
 5 5 5 5 5 5 5 5 5 5 5 5 5 5 5 5 5 5 5 5 5 5 5 5 5 5 5 5 5 5 5 5 5 3 3 3 3
 3 3 3 3 3 3 3 3 3 3 3 3 3 3 3 3 3 3 3 3 3 3 3 3 3 3 3 3 3 3 3 3 3 3 3 3 3
 3 3 3 2 2 2 2 2 2 2 2 2 2 2 2 2 2 2 2 2 2 2 2 2 2 2 2 2 2 2 2 2 2 2 2 2 2
 2 2 2 2 2 2 2 2 2 2 2 2 2 2 2 2 2 4 4 4 4 4 4 4 4 4 4 4 4 4 4 4 4 4 4 4 4
 4 4 4 4 4 4 4 4 4 4 4 4 4 4 4 4 4 4 4 2 2 2 2 2 2 2 2 2 2 2 2 2 2 2 2 2 2
 2 2 2 2 2 2 2 2 2 2 2 2 4 2 2 2 2 4 4 4 4 4 4 4 4 4 4 4 4 4 4 4 4 4 4 4 4
 4 4 4 4 4 4 4 4 4 4 4 4 4 2 4 2 2 2 2 4 4 4 4 2 2 2 2 4 2]
Cluster assign [3 3 3 3 3 3 3 4 4 4 1 1 1 5 5 5 5 5 5 5 5 5 5 5 1 5 1 1 1 5 5 5 5 5 5 5 5
 5 4 4 4 4 3 3 4 4 4 3 3 4 4 4 4 4 4 4 4 4 4 4 4 4 4 4 4 4 4 4 4 4 4 4 4 4
 4 4 4 4 4 4 4 4 4 4 4 4 4 4 4 4 4 4 4 4 4 4 4 4 4 4 4 4 4 4 4 4 4 4 4 4 4
 4 4 4 1 1 1 1 1 1 1 1 1 4 4 4 4 4 4 1 4 4 1 1 1 1 1 1 1 1 1 1 2 2 2 2 2 2
 2 2 2 2 2 2 2 2 2 2 2 2 2 2 2 2 2 2 2 2 2 2 2 2 2 2 2 2 2 2 2 2 2 2 2 2 3
 3 3 3 3 3 2 2 2 2 2 3 3 2 2 2 2 3 3 3 3 3 3 3 3 3 3 3 2 3 3 3 3 3 3 3 3 3
 3 3 3 0 0 0 0 0 0 0 0 0 0 0 0 0 0 0 0 0 0 0 0 0 0 0 0 0 0 0 0 0 0 0 0 0 0
 0 0 0 0 0 0 0 0 0 0 0 0 0 0 0 0 0 0 0 0 0 0 0 0 0 0 0 0 0 0 0 0 0 0 0 0 0
 0 0 0 0 0 0 0 0 0 0 0 0 0 0 0 0 0 0 0 0 0 0 0 0 0 0 0 0 0 0 0 0 0 0 0 0 0
 0 0 0 0 0 0 0 0 0 0 0 0 0 0 0 0 0 0 0 0 0 0 0 0 0 0 0 0 0 0 0 0 0 0 0 0 0
 0 0 0 0 0 0 0 0 0 0 0 0 0 0 0 0 0 0 0 0 0 0 0 0 0 0 0 0 0]
Cluster assign [0 0 1 0 1 0 1 1 1 1 1 1 1 3 2 2 4 5 5 5 5 0 0 4 1 1 1 1 1 4 4 2 0 0 0 0 0
 0 1 1 1 1 1 1 1 1 1 1 1 1 1 1 1 1 1 1 1 1 1 1 1 1 1 1 1 1 1 1 1 1 1 1 1 1
 1 1 1 1 1 1 1 1 1 1 1 1 1 1 1 1 1 1 1 1 1 1 1 1 1 1 1 1 1 1 1 1 1 1 1 1 1
 1 1 1 1 1 1 1 1 1 1 1 1 1 1 1 1 1 1 1 1 1 1 1 1 1 1 1 1 1 1 1 2 2 2 2 2 2
 2 2 2 2 2 2 2 2 4 2 2 2 2 2 2 2 2 2 2 2 2 2 2 4 4 2 2 0 4 4 2 4 4 0 0 0 0
 0 0 0 0 0 0 0 0 0 4 4 0 0 0 0 0 0 0 0 0 0 0 0 0 0 0 0 0 0 0 0 0 0 0 0 0 0
 0 0 0 3 3 3 3 3 3 3 3 3 3 3 3 3 3 3 3 3 3 3 3 3 3 3 3 3 3 3 3 3 3 3 3 3 3
 3 3 3 3 3 3 3 3 3 3 3 3 3 3 3 3 3 3 3 3 3 3 3 3 3 3 5 5 5 5 5 5 3 5 5 5 5
 5 5 5 5 5 5 5 5 5 5 5 5 5 5 5 5 5 5 5 3 3 3 3 3 3 3 3 3 3 3 3 3 3 3 3 3 3
 3 3 3 3 3 3 3 3 3 3 3 3 3 3 3 3 3 3 3 3 3 3 5 5 5 5 5 5 5 3 5 5 5 5 5 5 5
 5 5 5 5 5 5 5 5 5 5 5 5 5 3 3 3 3 3 3 3 3 3 3 3 3 3 3 3 3]
Cluster assign [0 1 1 0 1 0 1 1 1 1 3 3 3 3 3 3 3 3 2 2 3 3 3 3 1 3 3 1 3 3 3 3 3 3 3 3 3
 3 1 1 1 1 1 1 1 1 1 1 1 1 1 1 1 1 1 1 1 1 1 1 1 1 1 1 1 1 1 1 1 1 1 1 1 1
 1 1 1 1 1 1 1 1 1 1 1 1 1 1 1 1 1 1 1 1 1 1 1 1 1 1 1 1 1 1 1 1 1 1 1 1 1
 1 1 1 1 3 3 3 3 3 3 3 1 1 1 1 1 1 1 1 1 1 1 1 1 3 1 1 3 3 3 3 4 4 4 0 0 0
 4 4 4 4 4 4 4 4 4 4 4 4 4 4 4 4 4 4 4 4 4 4 4 4 4 4 4 0 4 0 0 0 4 0 0 0 0
 0 0 0 0 0 0 0 0 0 0 0 0 0 0 0 0 0 0 0 0 0 0 0 0 0 0 0 0 0 0 0 0 0 0 0 0 0
 0 0 0 5 5 5 5 5 5 5 5 5 5 5 5 5 5 5 5 5 5 5 5 5 5 5 5 5 5 5 5 5 5 5 5 5 5
 5 5 5 5 5 5 5 5 5 5 5 5 5 5 5 5 5 5 2 2 5 2 2 2 2 2 2 2 2 2 2 2 2 2 2 2 2
 2 2 2 2 2 2 2 2 2 2 2 2 2 2 2 2 2 2 2 5 5 5 5 5 5 5 5 5 5 5 5 5 5 5 5 5 5
 5 5 5 5 5 5 5 5 5 5 5 5 2 5 5 5 5 2 2 2 2 2 2 2 2 2 2 2 2 2 2 2 2 2 2 2 2
 2 2 2 2 2 2 2 2 2 2 2 2 2 5 5 5 5 5 5 5 5 5 5 5 5 5 5 5 5]
Cluster assign [4 0 0 4 0 4 0 0 0 5 5 5 5 5 5 5 5 5 1 1 1 5 5 5 5 5 5 5 5 5 5 5 5 5 5 5 5
 5 5 0 0 0 0 0 0 0 0 0 0 0 0 0 0 0 0 0 0 0 0 0 0 0 0 0 0 0 0 0 0 0 0 0 0 0
 0 0 0 0 0 0 5 0 5 5 5 5 5 5 5 5 5 5 5 5 0 5 5 5 0 5 0 0 5 5 5 5 5 5 5 5 5
 5 5 5 5 5 5 5 5 5 5 5 5 5 5 5 5 5 5 5 5 5 5 5 5 5 5 5 5 5 5 5 2 2 2 2 2 2
 2 2 2 2 2 2 2 2 2 2 2 2 2 2 2 2 2 2 2 2 2 2 2 2 2 2 2 2 2 2 2 2 2 2 4 4 4
 4 4 4 4 4 4 4 2 2 4 4 4 4 4 4 4 4 4 4 4 4 4 4 4 4 4 4 4 4 4 3 4 4 4 4 4 4
 4 4 4 3 3 3 3 3 3 3 3 3 3 3 3 3 3 3 3 3 3 3 3 3 3 3 3 3 3 3 3 3 3 3 3 3 3
 3 3 3 3 3 3 3 3 3 3 3 3 3 1 3 3 1 1 1 1 1 1 1 1 1 1 1 1 1 1 1 1 1 1 1 1 1
 1 1 1 1 1 1 1 1 1 1 1 1 1 1 1 1 1 1 1 3 3 3 3 3 3 3 3 3 3 3 3 3 3 3 3 3 3
 3 3 3 3 3 3 3 3 3 3 3 1 1 1 3 1 1 1 1 1 1 1 1 1 1 1 1 1 1 1 1 1 1 1 1 1 1
 1 1 1 1 1 1 1 1 1 1 1 1 1 3 1 1 3 3 1 1 1 1 1 1 1 1 1 1 1]
Cluster assign [  0.   0.   2.   0.   2.   0.   2.   2.   2.   2.   2.   2.   2.  13.
  13.  13.  13.  13.  13.  19.  13.  13.  13.  13.   2.  13.   2.   2.
  13.  13.  13.  13.  13.  13.  13.  13.  13.  13.   2.   2.   2.   2.
   2.   2.   2.   2.   2.   2.   2.   2.   2.   2.   2.   2.   2.   2.
   2.   2.   2.   2.   2.   2.   2.   2.   2.   2.   2.   2.   2.   2.
   2.   2.   2.   2.   2.   2.   2.   2.   2.   2.   2.   2.   2.   2.
   2.   2.   2.   2.   2.   2.   2.   2.   2.   2.   2.   2.   2.   2.
   2.   2.   2.   2.   2.   2.   2.   2.   2.   2.   2.   2.   2.   2.
   2.   2.   2.   2.   2.   2.   2.   2.   2.   2.   2.   2.   2.   2.
   2.   2.   2.   2.   2.   2.   2.   2.   2.   2.   2.   2.   2.   2.
   2.   2. 142. 142. 142. 142. 142. 142. 142. 142. 142. 142. 142. 142.
 142. 142. 142. 142. 142. 142. 142. 142. 142. 142. 142. 142. 142. 142.
 142. 142. 142. 142. 142. 142. 142. 142. 142. 142. 142. 142. 142. 142.
   0.   0.   0.   0.   0.   0.   0.   0.   0.   0. 142. 142.   0.   0.
   0.   0.   0.   0.   0.   0.   0.   0.   0.   0.   0.   0.   0.   0.
   0.   0.   0.   0.   0.   0.   0.   0.   0.   0.   0.   0.   0.   0.
   0. 225. 225. 225. 225. 225. 225. 225. 225. 225. 225. 225. 225. 225.
 225. 225. 225. 225. 225. 225. 225. 225. 225. 225. 225. 225. 225. 225.
 225. 225. 225. 225. 225. 225. 225. 225. 225. 225. 225. 225. 225. 225.
  19.  19. 225. 225. 225.  19.  19.  19.  19.  19.  19.  19.  19.  19.
  19.  19.  19.  19.  19.  19.  19.  19.  19.  19.  19.  19.  19.  19.
  19.  19.  19.  19.  19.  19.  19.  19.  19.  19.  19.  19.  19.  19.
  19.  19.  19.  19.  19.  19.  19. 225. 225. 225. 225. 225. 225. 225.
 225. 225. 225. 225. 225. 225. 225. 225. 225. 225. 225. 225. 225. 225.
 225. 225. 225. 225. 225.  19. 225.  19.  19.  19.  19.  19.  19.  19.
  19.  19.  19.  19.  19.  19.  19.  19.  19.  19.  19.  19.  19.  19.
  19.  19.  19.  19.  19.  19.  19.  19.  19.  19.  19.  19.  19.  19.
  19.  19.  19.  19.  19.  19.  19.  19.  19.  19.  19.  19.  19.  19.
  19.  19.  19.  19.  19.  19.  19.]
Cluster assign [  0.   0.   2.   0.   2.   0.   2.   2.   2.   2.   2.   2.   2.  13.
  13.  13.  13.  13.  13.  19.  13.  13.  13.  13.   2.  13.   2.   2.
  13.  13.  13.  13.  13.  13.  13.  13.  13.  13.   2.   2.   2.   2.
   2.   2.   2.   2.   2.   2.   2.   2.   2.   2.   2.   2.   2.   2.
   2.   2.   2.   2.   2.   2.   2.   2.   2.   2.   2.   2.   2.   2.
   2.   2.   2.   2.   2.   2.   2.   2.   2.   2.   2.   2.   2.   2.
   2.   2.   2.   2.   2.   2.   2.   2.   2.   2.   2.   2.   2.   2.
   2.   2.   2.   2.   2.   2.   2.   2.   2.   2.   2.   2.   2.   2.
   2.   2.   2.   2.   2.   2.   2.   2.   2.   2.   2.   2.   2.   2.
   2.   2.   2.   2.   2.   2.   2.   2.   2.   2.   2.   2.   2.   2.
   2.   2. 142. 142. 142. 142. 142. 142. 142. 142. 142. 142. 142. 142.
 142. 142. 142. 142. 142. 142. 142. 142. 142. 142. 142. 142. 142. 142.
 142. 142. 142. 142. 142. 142. 142. 142. 142. 142. 142. 142. 142. 142.
   0.   0.   0.   0.   0.   0.   0.   0.   0.   0. 142. 142.   0.   0.
   0.   0.   0.   0.   0.   0.   0.   0.   0.   0.   0.   0.   0.   0.
   0.   0.   0.   0.   0.   0.   0.   0.   0.   0.   0.   0.   0.   0.
   0. 225. 225. 225. 225. 225. 225. 225. 225. 225. 225. 225. 225. 225.
 225. 225. 225. 225. 225. 225. 225. 225. 225. 225. 225. 225. 225. 225.
 225. 225. 225. 225. 225. 225. 225. 225. 225. 225. 225. 225. 225. 225.
  19.  19. 225. 225. 225.  19.  19.  19.  19.  19.  19.  19.  19.  19.
  19.  19.  19.  19.  19.  19.  19.  19.  19.  19.  19.  19.  19.  19.
  19.  19.  19.  19.  19.  19.  19.  19.  19.  19.  19.  19.  19.  19.
  19.  19.  19.  19.  19.  19.  19. 225. 225. 225. 225. 225. 225. 225.
 225. 225. 225. 225. 225. 225. 225. 225. 225. 225. 225. 225. 225. 225.
 225. 225. 225. 225. 225.  19. 225.  19.  19.  19.  19.  19.  19.  19.
  19.  19.  19.  19.  19.  19.  19.  19.  19.  19.  19.  19.  19.  19.
  19.  19.  19.  19.  19.  19.  19.  19.  19.  19.  19.  19.  19.  19.
  19.  19.  19.  19.  19.  19.  19.  19.  19.  19.  19.  19.  19.  19.
  19.  19.  19.  19.  19.  19.  19.]
Cluster assign [  0.   0.   2.   0.   2.   0.   2.   2.   2.   2.   2.   2.   2.  13.
  13.  13.  13.  13.  13.  19.  13.  13.  13.  13.   2.  13.   2.   2.
  13.  13.  13.  13.  13.  13.  13.  13.  13.  13.   2.   2.   2.   2.
   2.   2.   2.   2.   2.   2.   2.   2.   2.   2.   2.   2.   2.   2.
   2.   2.   2.   2.   2.   2.   2.   2.   2.   2.   2.   2.   2.   2.
   2.   2.   2.   2.   2.   2.   2.   2.   2.   2.   2.   2.   2.   2.
   2.   2.   2.   2.   2.   2.   2.   2.   2.   2.   2.   2.   2.   2.
   2.   2.   2.   2.   2.   2.   2.   2.   2.   2.   2.   2.   2.   2.
   2.   2.   2.   2.   2.   2.   2.   2.   2.   2.   2.   2.   2.   2.
   2.   2.   2.   2.   2.   2.   2.   2.   2.   2.   2.   2.   2.   2.
   2.   2. 142. 142. 142. 142. 142. 142. 142. 142. 142. 142. 142. 142.
 142. 142. 142. 142. 142. 142. 142. 142. 142. 142. 142. 142. 142. 142.
 142. 142. 142. 142. 142. 142. 142. 142. 142. 142. 142. 142. 142. 142.
   0.   0.   0.   0.   0.   0.   0.   0.   0.   0. 142. 142.   0.   0.
   0.   0.   0.   0.   0.   0.   0.   0.   0.   0.   0.   0.   0.   0.
   0.   0.   0.   0.   0.   0.   0.   0.   0.   0.   0.   0.   0.   0.
   0. 225. 225. 225. 225. 225. 225. 225. 225. 225. 225. 225. 225. 225.
 225. 225. 225. 225. 225. 225. 225. 225. 225. 225. 225. 225. 225. 225.
 225. 225. 225. 225. 225. 225. 225. 225. 225. 225. 225. 225. 225. 225.
  19.  19. 225. 225. 225.  19.  19.  19.  19.  19.  19.  19.  19.  19.
  19.  19.  19.  19.  19.  19.  19.  19.  19.  19.  19.  19.  19.  19.
  19.  19.  19.  19.  19.  19.  19.  19.  19.  19.  19.  19.  19.  19.
  19.  19.  19.  19.  19.  19.  19. 225. 225. 225. 225. 225. 225. 225.
 225. 225. 225. 225. 225. 225. 225. 225. 225. 225. 225. 225. 225. 225.
 225. 225. 225. 225. 225.  19. 225.  19.  19.  19.  19.  19.  19.  19.
  19.  19.  19.  19.  19.  19.  19.  19.  19.  19.  19.  19.  19.  19.
  19.  19.  19.  19.  19.  19.  19.  19.  19.  19.  19.  19.  19.  19.
  19.  19.  19.  19.  19.  19.  19.  19.  19.  19.  19.  19.  19.  19.
  19.  19.  19.  19.  19.  19.  19.]
Cluster assign [2 2 1 2 1 2 1 1 1 1 1 4 4 4 4 4 4 4 3 3 3 4 4 4 4 4 4 4 4 4 4 4 4 4 4 4 4
 4 1 1 1 1 1 1 1 1 1 1 1 1 1 1 1 1 1 1 1 1 1 1 1 1 1 1 1 1 1 1 1 1 1 1 1 1
 1 1 1 1 1 1 1 1 1 1 1 1 1 1 1 1 1 1 1 1 1 1 1 1 1 1 1 1 1 1 1 1 1 1 1 1 1
 1 1 1 1 4 4 4 4 4 4 4 4 1 1 1 1 1 1 1 1 1 1 1 1 4 1 1 4 4 4 4 5 5 5 5 5 5
 5 5 5 5 5 5 5 5 5 5 5 5 5 5 5 5 5 5 5 5 5 5 5 5 5 5 5 5 5 5 5 5 5 5 2 2 2
 2 2 2 2 2 2 2 5 5 2 2 2 2 2 2 2 2 2 2 2 2 2 2 2 2 2 2 2 2 2 2 2 2 2 2 2 2
 2 2 2 0 0 0 0 0 0 0 0 0 0 0 0 0 0 0 0 0 0 0 0 0 0 0 0 0 0 0 0 0 0 0 0 0 0
 0 0 0 0 0 0 0 0 0 0 0 0 0 3 0 0 3 3 3 3 3 3 3 3 3 3 3 3 3 3 3 3 3 3 3 3 3
 3 3 3 3 3 3 3 3 3 3 3 3 3 3 3 3 3 3 3 0 0 0 0 0 0 0 0 0 0 0 0 0 0 0 0 0 0
 0 0 0 0 0 0 0 0 0 0 3 3 3 3 0 3 3 3 3 3 3 3 3 3 3 3 3 3 3 3 3 3 3 3 3 3 3
 3 3 3 3 3 3 3 3 3 3 3 3 3 3 3 3 3 3 3 3 3 3 3 3 3 3 3 3 3]
Cluster assign [2 2 2 2 2 2 2 2 2 2 2 2 2 2 2 2 2 3 3 3 3 3 3 2 2 2 2 2 2 2 2 2 0 0 0 0 0
 0 2 2 2 2 2 2 2 2 2 2 2 2 2 2 2 2 2 2 2 2 2 2 2 2 2 2 2 2 2 2 2 2 2 2 2 2
 2 2 2 2 2 2 2 2 2 2 2 2 2 2 2 2 2 2 2 2 2 2 2 2 2 2 2 2 2 2 2 2 2 2 2 2 2
 2 2 2 2 2 2 2 2 2 2 2 2 2 2 2 2 2 2 2 2 2 2 2 2 2 2 2 2 2 2 2 4 4 1 1 1 1
 4 4 4 4 4 4 4 4 4 4 4 4 4 4 1 4 4 4 4 4 4 4 4 4 4 4 1 1 4 1 1 1 1 1 1 1 1
 1 1 1 1 1 1 1 1 1 1 0 1 1 1 1 1 1 1 1 1 1 1 1 1 1 1 1 1 1 1 0 1 1 1 1 1 1
 0 1 1 0 0 0 0 0 0 0 0 0 0 0 0 0 0 0 0 0 0 0 0 0 0 0 0 0 0 0 0 0 0 0 0 0 0
 0 0 0 0 0 0 0 0 0 0 0 0 0 5 5 0 5 5 5 5 5 5 5 5 5 5 5 5 3 3 5 5 5 3 3 3 3
 3 3 3 3 3 3 3 3 3 3 3 3 3 3 3 3 3 3 3 0 0 0 0 0 0 0 0 0 0 0 0 0 0 0 0 0 0
 0 0 0 0 0 0 0 0 0 0 0 5 5 0 0 5 5 5 5 5 5 5 5 5 5 5 3 5 5 5 3 3 3 3 3 3 3
 3 3 3 3 3 3 3 3 3 3 3 3 3 0 5 5 0 0 0 5 5 5 5 5 0 0 5 5 5]
Cluster assign [  0.   1.   1.   1.   1.   1.   1.   1.   1.   1.   1.   1.   1.  13.
  13.  13.  13.  13.  13.  13.  13.  13.  13.  13.   1.  13.   1.   1.
  13.  13.  13.  13.  13.  13.  13.  13.  13.  13.   1.   1.   1.   1.
   1.   1.   1.   1.   1.   1.   1.   1.   1.   1.   1.   1.   1.   1.
   1.   1.   1.   1.   1.   1.   1.   1.   1.   1.   1.   1.   1.   1.
   1.   1.   1.   1.   1.   1.   1.   1.   1.   1.   1.   1.   1.   1.
   1.   1.   1.   1.   1.   1.   1.   1.   1.   1.   1.   1.   1.   1.
   1.   1.   1.   1.   1.   1.   1.   1.   1.   1.   1.   1.   1.   1.
   1.   1.   1.   1.   1.   1.   1.   1.   1.   1.   1.   1.   1.   1.
   1.   1.   1.   1.   1.   1.   1.   1.   1.   1.   1.   1.   1.   1.
   1.   1. 142. 142. 142. 142.   0. 142. 142. 142. 142. 142. 142. 142.
 142. 142. 142. 142. 142. 142. 142. 142. 142. 142. 142. 142. 142. 142.
 142. 142. 142. 142. 142. 142. 142. 142. 142. 142.   0.   0. 142.   0.
   0.   0.   0.   0.   0.   0.   0.   0.   0.   0.   0.   0.   0.   0.
   0.   0.   0.   0.   0.   0.   0.   0.   0.   0.   0.   0.   0.   0.
   0.   0.   0.   0.   0.   0.   0.   0.   0.   0.   0.   0.   0.   0.
   0. 225. 225. 225. 225. 225. 225. 225. 225. 225. 225. 225. 225. 225.
 225. 225. 225. 225. 225. 225. 225. 225. 225. 225. 225. 225. 225. 225.
 225. 225. 225. 225. 225. 225. 225. 225. 225. 225. 225. 225. 225. 225.
 225. 225. 225. 225. 225. 225. 225. 225. 225. 225. 225. 225. 278. 225.
 225. 278. 225. 278. 278. 278. 278. 278. 278. 278. 278. 278. 278. 278.
 278. 278. 278. 278. 278. 278. 278. 278. 278. 278. 278. 278. 278. 278.
 278. 278. 278. 278. 278. 278. 278. 225. 225. 225. 225. 225. 225. 225.
 225. 225. 225. 225. 225. 225. 225. 225. 225. 225. 225. 225. 225. 225.
 225. 225. 225. 225. 225. 225. 225. 225. 225. 225. 225. 225. 225. 225.
 225. 225. 225. 225. 278. 278. 278. 278. 278. 278. 278. 278. 278. 278.
 278. 278. 278. 278. 278. 278. 278. 278. 278. 278. 278. 278. 278. 278.
 278. 278. 278. 278. 278. 225. 225. 225. 225. 225. 225. 225. 225. 225.
 225. 225. 225. 225. 225. 225. 225.]
Cluster assign [  0.   1.   1.   1.   1.   1.   1.   1.   1.   1.   1.   1.   1.  13.
  13.  13.  13.  13.  13.  13.  13.  13.  13.  13.   1.  13.   1.   1.
  13.  13.  13.  13.  13.  13.  13.  13.  13.  13.   1.   1.   1.   1.
   1.   1.   1.   1.   1.   1.   1.   1.   1.   1.   1.   1.   1.   1.
   1.   1.   1.   1.   1.   1.   1.   1.   1.   1.   1.   1.   1.   1.
   1.   1.   1.   1.   1.   1.   1.   1.   1.   1.   1.   1.   1.   1.
   1.   1.   1.   1.   1.   1.   1.   1.   1.   1.   1.   1.   1.   1.
   1.   1.   1.   1.   1.   1.   1.   1.   1.   1.   1.   1.   1.   1.
   1.   1.   1.   1.   1.   1.   1.   1.   1.   1.   1.   1.   1.   1.
   1.   1.   1.   1.   1.   1.   1.   1.   1.   1.   1.   1.   1.   1.
   1.   1. 142. 142. 142. 142.   0. 142. 142. 142. 142. 142. 142. 142.
 142. 142. 142. 142. 142. 142. 142. 142. 142. 142. 142. 142. 142. 142.
 142. 142. 142. 142. 142. 142. 142. 142. 142. 142.   0.   0. 142.   0.
   0.   0.   0.   0.   0.   0.   0.   0.   0.   0.   0.   0.   0.   0.
   0.   0.   0.   0.   0.   0.   0.   0.   0.   0.   0.   0.   0.   0.
   0.   0.   0.   0.   0.   0.   0.   0.   0.   0.   0.   0.   0.   0.
   0. 225. 225. 225. 225. 225. 225. 225. 225. 225. 225. 225. 225. 225.
 225. 225. 225. 225. 225. 225. 225. 225. 225. 225. 225. 225. 225. 225.
 225. 225. 225. 225. 225. 225. 225. 225. 225. 225. 225. 225. 225. 225.
 225. 225. 225. 225. 225. 225. 225. 225. 225. 225. 225. 225. 278. 225.
 225. 278. 278. 278. 278. 278. 278. 278. 278. 278. 278. 278. 278. 278.
 278. 278. 278. 278. 278. 278. 278. 278. 278. 278. 278. 278. 278. 278.
 278. 278. 278. 278. 278. 278. 278. 225. 225. 225. 225. 225. 225. 225.
 225. 225. 225. 225. 225. 225. 225. 225. 225. 225. 225. 225. 225. 225.
 225. 225. 225. 225. 225. 225. 225. 225. 225. 225. 225. 225. 225. 225.
 225. 225. 225. 225. 278. 278. 278. 278. 278. 278. 278. 278. 278. 278.
 278. 278. 278. 278. 278. 278. 278. 278. 278. 278. 278. 278. 278. 278.
 278. 278. 278. 278. 278. 225. 225. 225. 225. 225. 225. 225. 225. 225.
 225. 225. 225. 225. 225. 225. 225.]
Cluster assign [  0.   0.   0.   0.   0.   0.   0.   0.   0.   0.   0.   0.   0.   0.
   0.   0.  16.  17.  17.  17.  17.  17.  17.   0.   0.   0.   0.   0.
   0.   0.   0.  16.  16.  17.  17.  16.  16.  17.   0.   0.   0.   0.
   0.   0.   0.   0.   0.   0.   0.   0.   0.   0.   0.   0.   0.   0.
   0.   0.   0.   0.   0.   0.   0.   0.   0.   0.   0.   0.   0.   0.
   0.   0.   0.   0.   0.   0.   0.   0.   0.   0.   0.   0.   0.   0.
   0.   0.   0.   0.   0.   0.   0.   0.   0.   0.   0.   0.   0.   0.
   0.   0.   0.   0.   0.   0.   0.   0.   0.   0.   0.   0.   0.   0.
   0.   0.   0.   0.   0.   0.   0.   0.   0.   0.   0.   0.   0.   0.
   0.   0.   0.   0.   0.   0.   0.   0.   0.   0.   0.   0.   0.   0.
   0.   0. 142. 142. 142. 142. 142. 142. 142. 142. 142. 142. 142. 142.
 142. 142. 142. 142. 142. 142. 142. 142. 142. 142. 142. 142. 142. 142.
 142. 142. 142. 142. 142. 142. 142. 142. 142. 142. 142. 142. 142. 181.
 181. 181. 181. 181. 181. 181. 181. 181. 181. 181. 181. 181. 181. 181.
 181. 181. 181. 181. 181. 181. 181. 181. 181. 181. 181. 181. 181. 181.
 181. 181. 181. 181. 181. 181. 181. 181. 181. 181. 181. 181. 181. 181.
 181. 225. 225. 225. 225. 225. 225. 225. 225. 225. 225. 225. 225. 225.
 225. 225. 225. 225. 225. 225. 225. 225. 225. 225. 225. 225. 225. 225.
 225. 225. 225. 225. 225. 225. 225. 225. 225. 225. 225. 225. 225. 225.
 225. 225. 225. 225. 225. 225. 225. 225. 225. 225. 225. 225. 225. 225.
 225. 225. 225. 225. 225. 225. 225. 225. 225. 225. 225. 225. 225. 225.
 225. 225. 225. 225. 225. 225. 225. 225. 225. 225. 225. 225. 225. 225.
 225. 225. 225. 225. 225. 225. 225. 225. 225. 225. 225. 225. 225. 225.
 225. 225. 225. 225. 225. 225. 225. 225. 225. 225. 225. 225. 225. 225.
 225. 225. 225. 225. 225. 225. 225. 225. 225. 225. 225. 225. 225. 225.
 225. 225. 225. 225. 225. 225. 225. 225. 225. 225. 225. 225. 225. 225.
 225. 225. 225. 225. 225. 225. 225. 225. 225. 225. 225. 225. 225. 225.
 225. 225. 225. 225. 225. 225. 225. 225. 225. 225. 225. 225. 225. 225.
 225. 225. 225. 225. 225. 225. 225.]
Cluster assign [  0.   0.   0.   0.   0.   0.   0.   0.   0.   0.   0.   0.   0.  13.
  13.  13.  13.  13.  13.  13.  13.  13.  22.  22.   0.  22.  22.   0.
  22.  22.  22.  22.  22.  22.  22.  22.  22.  22.   0.   0.   0.   0.
   0.   0.   0.   0.   0.   0.   0.   0.   0.   0.   0.   0.   0.   0.
   0.   0.   0.   0.   0.   0.   0.   0.   0.   0.   0.   0.   0.   0.
   0.   0.   0.   0.   0.   0.   0.   0.   0.   0.   0.   0.   0.   0.
   0.   0.   0.   0.   0.   0.   0.   0.   0.   0.   0.   0.   0.   0.
   0.   0.   0.   0.   0.   0.   0.   0.   0.   0.   0.   0.   0.   0.
   0.   0.   0.   0.   0.   0.   0.   0.   0.   0.   0.   0.   0.   0.
   0.   0.   0.   0.   0.   0.   0.   0.   0.   0.   0.   0.   0.   0.
   0.   0. 142. 142. 142. 142. 142. 142. 142. 142. 142. 142. 142. 142.
 142. 142. 142. 142. 142. 142. 142. 142. 142. 142. 142. 142. 142. 142.
 142. 142. 142. 142. 142. 142. 142. 142. 142. 142. 142. 142. 142. 181.
 181. 181. 181. 181. 181. 181. 181. 181. 181. 181. 181. 181. 181. 181.
 181. 181. 181. 181. 181. 181. 181. 181. 181. 181. 181. 181. 181. 181.
 181. 181. 181. 181. 181. 181. 181. 181. 181. 181. 181. 181. 181. 181.
 181. 225. 225. 225. 225. 225. 225. 225. 225. 225. 225. 225. 225. 225.
 225. 225. 225. 225. 225. 225. 225. 225. 225. 225. 225. 225. 225. 225.
 225. 225. 225. 225. 225. 225. 225. 225. 225. 225. 225. 225. 225. 225.
 225. 225. 225. 225. 225. 225. 225. 225. 225. 225. 225. 225. 225. 225.
 225. 225. 225. 225. 225. 225. 225. 225. 225. 225. 225. 225. 225. 225.
 225. 225. 225. 225. 225. 225. 225. 225. 225. 225. 225. 225. 225. 225.
 225. 225. 225. 225. 225. 225. 225. 225. 225. 225. 225. 225. 225. 225.
 225. 225. 225. 225. 225. 225. 225. 225. 225. 225. 225. 225. 225. 225.
 225. 225. 225. 225. 225. 225. 225. 225. 225. 225. 225. 225. 225. 225.
 225. 225. 225. 225. 225. 225. 225. 225. 225. 225. 225. 225. 225. 225.
 225. 225. 225. 225. 225. 225. 225. 225. 225. 225. 225. 225. 225. 225.
 225. 225. 225. 225. 225. 225. 225. 225. 225. 225. 225. 225. 225. 225.
 225. 225. 225. 225. 225. 225. 225.]
Cluster assign [3 1 1 1 1 1 1 1 1 1 1 1 1 5 5 5 5 5 5 5 5 5 5 5 1 5 1 1 5 5 5 5 5 5 5 5 5
 5 1 1 1 1 1 1 1 1 1 1 1 1 1 1 1 1 1 1 1 1 1 1 1 1 1 1 1 1 1 1 1 1 1 1 1 1
 1 1 1 1 1 1 1 1 1 1 1 1 1 1 1 1 1 1 1 1 1 1 1 1 1 1 1 1 1 1 1 1 1 1 1 1 1
 1 1 1 1 1 1 1 1 1 1 1 1 1 1 1 1 1 1 1 1 1 1 1 1 1 1 1 1 1 1 1 2 2 2 2 2 2
 2 2 2 2 2 2 2 2 2 2 2 2 2 2 2 2 2 2 2 2 2 2 2 2 2 2 2 2 2 2 2 2 2 3 3 3 3
 3 3 3 3 3 3 3 3 3 3 3 3 3 3 3 3 3 3 3 3 3 3 3 3 3 3 3 3 3 3 3 3 3 3 3 3 3
 3 3 3 4 4 4 4 4 4 4 4 4 4 4 4 4 4 4 4 4 4 4 4 4 4 4 4 4 4 4 4 4 4 4 4 4 4
 4 4 4 4 4 4 4 4 4 4 4 4 4 0 4 4 0 0 0 0 0 0 0 0 0 0 0 0 0 0 0 0 0 0 0 0 0
 0 0 0 0 0 0 0 0 0 0 0 0 0 0 0 0 0 0 0 4 4 4 4 4 4 4 4 4 4 4 4 4 4 4 4 4 4
 4 4 4 4 4 4 4 4 4 4 4 4 0 4 4 4 4 0 0 0 0 0 0 0 0 0 0 0 0 0 0 0 0 0 0 0 0
 0 0 0 0 0 0 0 0 0 0 0 0 0 4 0 0 4 4 4 0 0 0 0 4 4 4 0 0 4]
Cluster assign [2 1 1 1 1 1 1 1 1 1 1 1 1 0 0 0 0 0 0 0 0 0 0 0 1 0 1 1 0 0 0 0 0 0 0 0 0
 0 1 1 1 1 1 1 1 1 1 1 1 1 1 1 1 1 1 1 1 1 1 1 1 1 1 1 1 1 1 1 1 1 1 1 1 1
 1 1 1 1 1 1 1 1 1 1 1 1 1 1 1 1 1 1 1 1 1 1 1 1 1 1 1 1 1 1 1 1 1 1 1 1 1
 1 1 1 1 1 1 1 1 1 1 1 1 1 1 1 1 1 1 1 1 1 1 1 1 1 1 1 1 1 1 1 5 5 5 5 5 5
 5 5 5 5 5 5 5 5 5 5 5 5 5 5 5 5 5 5 5 5 5 5 5 5 5 5 5 5 5 5 5 5 5 2 2 2 2
 2 2 2 2 2 2 2 2 2 2 2 2 2 2 2 2 2 2 2 2 2 2 2 2 2 2 2 2 2 2 2 2 2 2 2 2 2
 2 2 2 4 4 4 4 4 4 4 4 4 4 4 4 4 4 4 4 4 4 4 4 4 4 4 4 4 4 4 4 4 4 4 4 4 4
 4 4 4 4 4 4 4 4 4 4 4 4 4 3 4 4 3 3 3 3 3 3 3 3 3 3 3 3 3 3 3 3 3 3 3 3 3
 3 3 3 3 3 3 3 3 3 3 3 3 3 3 3 3 3 3 3 4 4 4 4 4 4 4 4 4 4 4 4 4 4 4 4 4 4
 4 4 4 4 4 4 4 4 4 4 4 4 3 4 4 4 4 3 3 3 3 3 3 3 3 3 3 3 3 3 3 3 3 3 3 3 3
 3 3 3 3 3 3 3 3 3 3 3 3 3 4 3 3 4 4 4 3 3 3 3 4 4 4 3 3 4]
Cluster assign [4 0 0 0 0 0 0 0 0 0 0 0 0 5 5 5 5 5 5 5 5 5 5 5 0 5 0 0 5 5 5 5 5 5 5 5 5
 5 0 0 0 0 0 0 0 0 0 0 0 0 0 0 0 0 0 0 0 0 0 0 0 0 0 0 0 0 0 0 0 0 0 0 0 0
 0 0 0 0 0 0 0 0 0 0 0 0 0 0 0 0 0 0 0 0 0 0 0 0 0 0 0 0 0 0 0 0 0 0 0 0 0
 0 0 0 0 0 0 0 0 0 0 0 0 0 0 0 0 0 0 0 0 0 0 0 0 0 0 0 0 0 0 0 2 2 2 2 2 2
 2 2 2 2 2 2 2 2 2 2 2 2 2 2 2 2 2 2 2 2 2 2 2 2 2 2 2 2 2 2 2 2 2 4 4 4 4
 4 4 4 4 4 4 4 4 4 4 4 4 4 4 4 4 4 4 4 4 4 4 4 4 4 4 4 4 4 4 4 4 4 4 4 4 4
 4 4 4 1 1 1 1 1 1 1 1 1 1 1 1 1 1 1 1 1 1 1 1 1 1 1 1 1 1 1 1 1 1 1 1 1 1
 1 1 1 1 1 1 1 1 1 1 1 1 1 3 1 1 3 3 3 3 3 3 3 3 3 3 3 3 3 3 3 3 3 3 3 3 3
 3 3 3 3 3 3 3 3 3 3 3 3 3 3 3 3 3 3 3 1 1 1 1 1 1 1 1 1 1 1 1 1 1 1 1 1 1
 1 1 1 1 1 1 1 1 1 1 1 1 3 1 1 1 1 3 3 3 3 3 3 3 3 3 3 3 3 3 3 3 3 3 3 3 3
 3 3 3 3 3 3 3 3 3 3 3 3 3 1 3 3 1 1 1 3 3 3 3 1 1 1 3 3 1]
Cluster assign [0 0 0 0 0 0 0 0 0 0 0 0 0 0 0 0 2 2 2 2 2 2 2 0 0 0 0 0 0 0 0 2 2 2 2 2 2
 2 0 0 0 0 0 0 0 0 0 0 0 0 0 0 0 0 0 0 0 0 0 0 0 0 0 0 0 0 0 0 0 0 0 0 0 0
 0 0 0 0 0 0 0 0 0 0 0 0 0 0 0 0 0 0 0 0 0 0 0 0 0 0 0 0 0 0 0 0 0 0 0 0 0
 0 0 0 0 0 0 0 0 0 0 0 0 0 0 0 0 0 0 0 0 0 0 0 0 0 0 0 0 0 0 0 3 3 3 3 5 3
 3 3 3 3 3 3 3 3 3 3 3 3 3 3 3 3 3 3 3 3 3 3 3 3 3 3 3 3 3 3 5 3 3 4 4 4 4
 4 4 4 4 4 4 4 4 4 4 4 4 4 4 4 4 4 4 4 4 4 4 4 4 4 4 4 4 4 4 4 4 4 4 4 4 4
 4 4 4 1 1 1 1 1 1 1 1 1 1 1 1 1 1 1 1 1 1 1 1 1 1 1 1 1 1 1 1 1 1 1 1 1 1
 1 1 1 1 1 1 1 1 1 1 1 1 1 1 1 1 1 1 1 1 1 1 1 1 1 1 1 1 1 1 1 1 1 1 1 1 1
 1 1 1 1 1 1 1 1 1 1 1 1 1 1 1 1 1 1 1 1 1 1 1 1 1 1 1 1 1 1 1 1 1 1 1 1 1
 1 1 1 1 1 1 1 1 1 1 1 1 1 1 1 1 1 1 1 1 1 1 1 1 1 1 1 1 1 1 1 1 1 1 1 1 1
 1 1 1 1 1 1 1 1 1 1 1 1 1 1 1 1 1 1 1 1 1 1 1 1 1 1 1 1 1]
Cluster assign [3 3 3 3 3 3 3 1 3 1 1 1 1 0 1 1 3 3 5 5 5 3 3 1 1 1 1 1 1 1 3 3 3 3 3 3 3
 3 1 1 1 1 3 3 1 1 1 3 3 1 1 1 1 1 1 1 1 1 1 1 1 1 1 1 1 1 1 1 1 1 1 1 1 1
 1 1 1 1 1 1 1 1 1 1 1 1 1 1 1 1 1 1 1 1 1 1 1 1 1 1 1 1 1 1 1 1 1 1 1 1 1
 1 1 1 1 1 1 1 1 1 1 1 1 1 1 1 1 1 1 1 1 1 1 1 1 1 1 1 1 1 1 1 4 4 4 4 4 4
 4 4 4 4 4 4 4 4 4 4 4 4 4 4 4 4 4 4 4 4 4 4 4 4 0 4 4 4 4 4 4 0 0 4 4 3 3
 3 3 3 3 3 4 4 4 4 0 0 3 4 4 4 3 3 3 3 3 3 3 3 3 3 3 3 3 3 3 0 3 3 3 3 3 3
 0 3 3 0 0 0 0 0 0 0 0 0 0 0 0 0 0 0 0 0 0 0 0 0 0 2 2 2 2 2 2 0 0 0 0 0 0
 0 0 2 2 2 2 2 2 2 2 2 2 2 2 2 2 2 2 2 2 2 2 2 2 2 2 5 5 5 5 5 5 2 5 5 5 5
 5 5 5 5 5 5 5 5 5 5 5 5 5 5 5 5 5 5 5 0 0 0 0 0 0 0 0 0 0 0 0 0 0 0 0 0 0
 0 0 0 0 2 2 2 2 2 2 2 2 2 2 2 2 2 2 2 2 2 2 5 5 5 5 5 5 5 2 5 5 5 5 5 5 5
 5 5 5 5 5 5 5 5 5 5 5 5 5 2 2 2 2 2 2 2 2 2 2 2 2 2 2 2 2]
Cluster assign [5 5 2 5 2 5 2 2 2 2 2 2 2 2 2 2 5 5 4 4 5 5 5 5 2 2 2 2 2 5 5 5 5 5 5 5 5
 5 2 2 2 2 2 2 2 2 2 2 2 2 2 2 2 2 2 2 2 2 2 2 2 2 2 2 2 2 2 2 2 2 2 2 2 2
 2 2 2 2 2 2 2 2 2 2 2 2 2 2 2 2 2 2 2 2 2 2 2 2 2 2 2 2 2 2 2 2 2 2 2 2 2
 2 2 2 2 2 2 2 2 2 2 2 2 2 2 2 2 2 2 2 2 2 2 2 2 2 2 2 2 2 2 2 1 1 1 1 1 1
 1 1 1 1 1 1 1 1 1 1 1 1 1 1 1 1 1 1 1 1 1 1 1 1 1 1 1 1 1 1 1 1 1 5 5 5 5
 5 5 5 5 5 5 5 1 1 5 5 5 5 5 5 5 5 5 5 5 5 5 5 5 5 5 5 5 5 5 5 5 5 5 5 5 5
 5 5 5 0 0 0 0 0 0 0 0 0 0 0 0 0 0 0 0 0 0 0 0 0 0 0 0 0 0 0 3 0 0 0 0 0 0
 0 0 0 0 0 0 3 3 3 0 3 3 3 3 3 3 3 3 3 4 3 3 4 3 4 4 4 4 4 4 4 4 4 4 4 4 4
 4 4 4 4 4 4 4 4 4 4 4 4 4 4 4 4 4 4 4 0 0 0 0 0 0 0 0 0 0 0 0 0 0 0 0 0 0
 0 0 0 0 0 0 0 3 3 3 3 3 3 3 3 3 3 3 3 3 3 4 4 4 4 4 4 4 4 4 4 4 4 4 4 4 4
 4 4 4 4 4 4 4 4 4 4 4 4 4 3 3 3 3 3 3 3 3 3 3 3 3 3 3 3 3]
Cluster assign [3 1 1 1 1 1 1 1 1 1 1 1 1 5 5 5 5 5 5 5 5 5 5 5 1 5 1 1 5 5 5 5 5 5 5 5 5
 5 1 1 1 1 1 1 1 1 1 1 1 1 1 1 1 1 1 1 1 1 1 1 1 1 1 1 1 1 1 1 1 1 1 1 1 1
 1 1 1 1 1 1 1 1 1 1 1 1 1 1 1 1 1 1 1 1 1 1 1 1 1 1 1 1 1 1 1 1 1 1 1 1 1
 1 1 1 1 1 1 1 1 1 1 1 1 1 1 1 1 1 1 1 1 1 1 1 1 1 1 1 1 1 1 1 3 3 3 3 3 3
 3 3 3 3 3 3 3 3 3 3 3 3 3 3 3 3 3 3 3 3 3 3 3 3 3 3 3 3 3 3 3 3 3 3 3 3 3
 3 3 3 3 3 3 3 3 3 3 3 3 3 3 3 3 3 3 3 3 3 3 3 3 3 3 3 3 3 3 3 3 3 3 3 3 3
 3 3 3 0 0 0 0 0 0 0 0 0 0 0 0 0 0 0 0 0 0 0 0 0 0 0 0 0 0 0 0 0 0 0 0 0 0
 0 0 0 0 0 0 0 4 4 0 4 4 4 4 4 4 4 4 4 2 4 4 2 2 2 2 2 2 2 2 2 2 2 2 2 2 2
 2 2 2 2 2 2 2 2 2 2 2 2 2 2 2 2 2 2 2 0 0 0 0 0 0 0 0 0 0 0 0 0 0 0 0 0 0
 0 0 0 0 0 0 0 0 0 0 4 4 4 4 4 4 4 4 4 4 4 2 2 2 2 2 2 2 2 2 2 2 2 2 2 2 2
 2 2 2 2 2 2 2 2 2 2 2 2 2 4 4 4 4 4 4 4 4 4 4 4 4 4 4 4 4]
Cluster assign [1 0 0 0 0 0 0 0 0 0 0 0 0 5 5 5 5 5 5 5 5 5 5 5 0 5 0 0 5 5 5 5 5 5 5 5 5
 5 0 0 0 0 0 0 0 0 0 0 0 0 0 0 0 0 0 0 0 0 0 0 0 0 0 0 0 0 0 0 0 0 0 0 0 0
 0 0 0 0 0 0 0 0 0 0 0 0 0 0 0 0 0 0 0 0 0 0 0 0 0 0 0 0 0 0 0 0 0 0 0 0 0
 0 0 0 0 0 0 0 0 0 0 0 0 0 0 0 0 0 0 0 0 0 0 0 0 0 0 0 0 0 0 0 2 2 2 2 2 2
 2 2 2 2 2 2 2 2 2 2 2 2 2 2 2 2 2 2 2 2 2 2 2 2 2 2 2 2 2 2 2 2 2 1 1 1 1
 1 1 1 1 1 1 1 1 1 1 1 1 1 1 1 1 1 1 1 1 1 1 1 1 1 1 1 1 1 1 1 1 1 1 1 1 1
 1 1 1 4 4 4 4 4 4 4 4 4 4 4 4 4 4 4 4 4 4 4 4 4 4 4 4 4 4 4 4 4 4 4 4 4 4
 4 4 4 4 4 4 4 4 4 4 4 4 4 3 4 4 3 3 3 3 3 3 3 3 3 3 3 3 3 3 3 3 3 3 3 3 3
 3 3 3 3 3 3 3 3 3 3 3 3 3 3 3 3 3 3 3 4 4 4 4 4 4 4 4 4 4 4 4 4 4 4 4 4 4
 4 4 4 4 4 4 4 4 4 4 4 4 3 4 4 4 4 3 3 3 3 3 3 3 3 3 3 3 3 3 3 3 3 3 3 3 3
 3 3 3 3 3 3 3 3 3 3 3 3 3 4 3 3 4 4 4 3 3 3 3 4 4 4 3 3 4]
