Minimal lambda 0.02375405081051399
Minimal cost: [131998.55711248]
Minimal theta: [[ 456.54068144]
 [ -57.26653582]
 [  87.6659841 ]
 [  -0.68862045]
 [  29.42198867]
 [ -26.69581974]
 [ -51.98664072]
 [ -57.26653582]
 [ -71.66831602]
 [ -49.30396969]
 [ -79.95896519]
 [  27.92459279]
 [ -48.6051093 ]
 [   1.50313537]
 [  87.6659841 ]
 [ -49.30396969]
 [ -50.85362844]
 [ -12.29714084]
 [ -14.66704   ]
 [  -7.08498346]
 [ -51.39714287]
 [  -0.68862045]
 [ -79.95896519]
 [ -12.29714084]
 [  28.93272834]
 [  -3.80588253]
 [  49.22318933]
 [ -41.77855725]
 [  29.42198867]
 [  27.92459279]
 [ -14.66704   ]
 [  -3.80588253]
 [  71.62327464]
 [ -30.75281659]
 [  64.02041411]
 [ -26.69581974]
 [ -48.6051093 ]
 [  -7.08498346]
 [  49.22318933]
 [ -30.75281659]
 [ -21.6814359 ]
 [  33.64340514]
 [ -51.98664072]
 [   1.50313537]
 [ -51.39714287]
 [ -41.77855725]
 [  64.02041411]
 [  33.64340514]
 [-128.83355662]]


Minimal lambda 0.037823166377731456
Minimal cost: [128185.34801161]
Minimal theta: [[463.92647708]
 [-39.48161428]
 [ 69.83614953]
 [ -3.61188386]
 [ -1.14365218]
 [-21.49372178]
 [-69.40567695]
 [-39.48161428]
 [-61.03976147]
 [-94.82070675]
 [-28.12327524]
 [ 20.33228832]
 [-32.52723877]
 [ 14.32076383]
 [ 69.83614953]
 [-94.82070675]
 [  2.18260793]
 [-29.70168793]
 [-34.72200722]
 [-12.66069285]
 [-34.00104269]
 [ -3.61188386]
 [-28.12327524]
 [-29.70168793]
 [ -5.98439736]
 [  7.57768557]
 [-17.75480627]
 [  9.87964118]
 [ -1.14365218]
 [ 20.33228832]
 [-34.72200722]
 [  7.57768557]
 [ 63.42342196]
 [-28.50006988]
 [ 17.90707209]
 [-21.49372178]
 [-32.52723877]
 [-12.66069285]
 [-17.75480627]
 [-28.50006988]
 [ 19.72175953]
 [-26.11999881]
 [-69.40567695]
 [ 14.32076383]
 [-34.00104269]
 [  9.87964118]
 [ 17.90707209]
 [-26.11999881]
 [-77.7721334 ]]


Minimal lambda 0.029974212515947046
Minimal cost: [120747.94136436]
Minimal theta: [[374.19054373]
 [-99.82011076]
 [107.25530964]
 [ 67.26341662]
 [-50.71823157]
 [ -9.39954214]
 [-23.26608276]
 [-99.82011076]
 [-47.30534792]
 [-46.56158913]
 [-69.02666224]
 [ 41.71687665]
 [-37.07669436]
 [ 33.67962824]
 [107.25530964]
 [-46.56158913]
 [  5.24736373]
 [-85.41523356]
 [-21.73889882]
 [-43.95592714]
 [-42.11929639]
 [ 67.26341662]
 [-69.02666224]
 [-85.41523356]
 [  0.56478325]
 [ 41.65831706]
 [ 13.5057532 ]
 [ 20.50444438]
 [-50.71823157]
 [ 41.71687665]
 [-21.73889882]
 [ 41.65831706]
 [ 99.92783597]
 [-26.71427631]
 [-12.21548111]
 [ -9.39954214]
 [-37.07669436]
 [-43.95592714]
 [ 13.5057532 ]
 [-26.71427631]
 [ 52.66161021]
 [ -0.81402863]
 [-23.26608276]
 [ 33.67962824]
 [-42.11929639]
 [ 20.50444438]
 [-12.21548111]
 [ -0.81402863]
 [-89.10859442]]


Minimal lambda 0.011822447063227036
Minimal cost: [127214.77473191]
Minimal theta: [[ 479.35705066]
 [ -30.31747464]
 [ 145.02145377]
 [ -10.40840547]
 [  38.14518937]
 [ 117.27731198]
 [  93.72468927]
 [ -30.31747464]
 [-119.8182663 ]
 [ -59.83498637]
 [  30.16256652]
 [ -63.7017167 ]
 [ -45.44032368]
 [  -4.08219873]
 [ 145.02145377]
 [ -59.83498637]
 [ -27.9430736 ]
 [ -40.301508  ]
 [ -26.58355744]
 [ -47.72845058]
 [ -52.88223893]
 [ -10.40840547]
 [  30.16256652]
 [ -40.301508  ]
 [-119.43666424]
 [ 102.95403821]
 [   1.80468776]
 [  17.7630062 ]
 [  38.14518937]
 [ -63.7017167 ]
 [ -26.58355744]
 [ 102.95403821]
 [ -87.83455188]
 [ -33.98932816]
 [ -25.65557319]
 [ 117.27731198]
 [ -45.44032368]
 [ -47.72845058]
 [   1.80468776]
 [ -33.98932816]
 [ -97.72907611]
 [  -5.2956382 ]
 [  93.72468927]
 [  -4.08219873]
 [ -52.88223893]
 [  17.7630062 ]
 [ -25.65557319]
 [  -5.2956382 ]
 [-261.47008833]]


Minimal lambda 0.0018391898859143171
Minimal cost: [128640.96347031]
Minimal theta: [[ 461.49428289]
 [ -42.40083387]
 [ 195.6690974 ]
 [  90.78957075]
 [-106.64657069]
 [ 108.49037544]
 [ 122.36630982]
 [ -42.40083387]
 [  55.19865181]
 [ -59.44285526]
 [-111.88841796]
 [-133.68735689]
 [ -95.31813702]
 [  78.6630555 ]
 [ 195.6690974 ]
 [ -59.44285526]
 [-247.75055142]
 [ -27.15979331]
 [  49.28744299]
 [-110.31410598]
 [  66.00139767]
 [  90.78957075]
 [-111.88841796]
 [ -27.15979331]
 [-124.84989361]
 [ 115.30496816]
 [ -29.38785929]
 [  -8.64719198]
 [-106.64657069]
 [-133.68735689]
 [  49.28744299]
 [ 115.30496816]
 [ 204.39579086]
 [ -72.72281737]
 [  18.33277617]
 [ 108.49037544]
 [ -95.31813702]
 [-110.31410598]
 [ -29.38785929]
 [ -72.72281737]
 [ -33.36664553]
 [ -39.34333147]
 [ 122.36630982]
 [  78.6630555 ]
 [  66.00139767]
 [  -8.64719198]
 [  18.33277617]
 [ -39.34333147]
 [-433.90807545]]


Minimal lambda 0.011822447063227036
Minimal cost: [127865.05520961]
Minimal theta: [[ 4.58588136e+02]
 [ 4.43872918e+01]
 [ 9.12916974e+01]
 [ 8.56352321e+01]
 [ 1.29741758e+01]
 [ 3.87207380e+01]
 [ 5.19087422e+01]
 [ 4.43872918e+01]
 [-8.02391859e+01]
 [-8.59242767e+01]
 [-5.61329777e+01]
 [-9.24520642e+01]
 [-1.19391998e+02]
 [ 4.64912764e+01]
 [ 9.12916974e+01]
 [-8.59242767e+01]
 [ 3.52778379e+01]
 [-1.85350848e+01]
 [ 2.51003813e+00]
 [-4.15464201e+01]
 [-1.55438971e+01]
 [ 8.56352321e+01]
 [-5.61329777e+01]
 [-1.85350848e+01]
 [-1.00884113e+02]
 [-3.89684370e-01]
 [ 2.38027081e+01]
 [-4.99856918e+01]
 [ 1.29741758e+01]
 [-9.24520642e+01]
 [ 2.51003813e+00]
 [-3.89684370e-01]
 [ 6.23276431e+01]
 [-3.32553074e+01]
 [-1.93666795e+01]
 [ 3.87207380e+01]
 [-1.19391998e+02]
 [-4.15464201e+01]
 [ 2.38027081e+01]
 [-3.32553074e+01]
 [ 4.02845598e+01]
 [-2.43344494e+01]
 [ 5.19087422e+01]
 [ 4.64912764e+01]
 [-1.55438971e+01]
 [-4.99856918e+01]
 [-1.93666795e+01]
 [-2.43344494e+01]
 [-2.09540411e+02]]


Minimal lambda 5.0
Minimal cost: [nan]
Minimal theta: [[nan]
 [nan]
 [nan]
 [nan]
 [nan]
 [nan]
 [nan]
 [nan]
 [nan]
 [nan]
 [nan]
 [nan]
 [nan]
 [nan]
 [nan]
 [nan]
 [nan]
 [nan]
 [nan]
 [nan]
 [nan]
 [nan]
 [nan]
 [nan]
 [nan]
 [nan]
 [nan]
 [nan]
 [nan]
 [nan]
 [nan]
 [nan]
 [nan]
 [nan]
 [nan]
 [nan]
 [nan]
 [nan]
 [nan]
 [nan]
 [nan]
 [nan]
 [nan]
 [nan]
 [nan]
 [nan]
 [nan]
 [nan]
 [nan]]


Minimal lambda 0.002928510409028334
Minimal cost: [141073.24755225]
Minimal theta: [[564.99865685]
 [-59.55468077]
 [ 34.19451206]
 [ 40.81187294]
 [  6.23826328]
 [  1.42706693]
 [ -4.48336371]
 [-59.55468077]
 [-13.84960136]
 [  6.89279414]
 [  6.94327762]
 [  2.14351224]
 [ -7.3431438 ]
 [  4.59673157]
 [ 34.19451206]
 [  6.89279414]
 [ -7.7854715 ]
 [-17.51887555]
 [ -2.41670732]
 [ -4.52710235]
 [-15.70226767]
 [ 40.81187294]
 [  6.94327762]
 [-17.51887555]
 [-12.97132579]
 [  8.24333196]
 [  1.03937288]
 [  2.11624077]
 [  6.23826328]
 [  2.14351224]
 [ -2.41670732]
 [  8.24333196]
 [ 39.6138653 ]
 [  1.66424243]
 [ -4.12804937]
 [  1.42706693]
 [ -7.3431438 ]
 [ -4.52710235]
 [  1.03937288]
 [  1.66424243]
 [-14.77912123]
 [ -9.03110129]
 [ -4.48336371]
 [  4.59673157]
 [-15.70226767]
 [  2.11624077]
 [ -4.12804937]
 [ -9.03110129]
 [-93.06457951]]


