Minimal lambda 0.007424841311272325
Minimal cost: [133367.2613719]
Minimal theta: [[ 494.20262196]
 [-126.58964514]
 [-205.42723242]
 [-128.2766325 ]
 [ 108.55148734]
 [-140.71805658]
 [  23.61516722]
 [ 148.96219253]
 [ -96.52122241]
 [ -58.39996588]
 [-107.5821507 ]
 [-272.82956793]
 [  30.71336377]
 [  60.39287962]
 [  41.63106062]
 [ -68.96079705]
 [ 137.68533303]
 [ -61.95231145]
 [  20.56844674]
 [ -74.49896378]
 [ -75.40927298]
 [-458.36987328]]


Minimal lambda 8.148754173103233e-09
Minimal cost: [127834.03277592]
Minimal theta: [[ 574.72144404]
 [-413.86210834]
 [-151.29860757]
 [ -13.12518416]
 [  73.99155157]
 [  45.96439307]
 [ -25.17106344]
 [  63.81571192]
 [ -21.05101246]
 [ -75.46173652]
 [ -74.67086418]
 [-276.31838593]
 [ -12.03869125]
 [  67.21689075]
 [-104.26145562]
 [  86.99621862]
 [ 253.69433641]
 [-122.21454271]
 [  30.93772377]
 [ -21.10984591]
 [-148.17395742]
 [-799.80621196]]


Minimal lambda 0.0058840597621749955
Minimal cost: [132986.74254297]
Minimal theta: [[ 516.08883071]
 [-239.04189924]
 [-189.14188063]
 [-211.62258722]
 [ -16.02425703]
 [ -96.23142373]
 [  10.40161009]
 [  80.28128781]
 [  40.36753535]
 [ 113.6773846 ]
 [ -38.8170413 ]
 [-141.57563324]
 [  15.94897849]
 [-123.28161425]
 [ -48.62229526]
 [ -35.99840886]
 [ 248.46975574]
 [ -38.89967675]
 [-219.96531646]
 [   6.67229881]
 [  45.41830266]
 [-338.75301283]]


Minimal lambda 0.02375405081051399
Minimal cost: [136908.7900642]
Minimal theta: [[ 519.59912938]
 [-174.8675166 ]
 [ -60.24705754]
 [ -54.64475711]
 [ -93.64426137]
 [ -35.81949877]
 [  39.17140996]
 [  95.20201303]
 [  75.54378823]
 [ -11.83254825]
 [  20.6076506 ]
 [   7.81911181]
 [ -17.24168338]
 [  54.34113589]
 [ -56.00036779]
 [ -22.20101123]
 [  82.70686323]
 [  30.35548692]
 [ -38.41748541]
 [ -18.25650013]
 [  25.5249942 ]
 [ -74.33019681]]


Minimal lambda 0.011822447063227036
Minimal cost: [127019.74365726]
Minimal theta: [[ 573.58035113]
 [-113.80237485]
 [ -23.6000703 ]
 [ -87.77853166]
 [-119.89260896]
 [-161.41009024]
 [ -17.71788653]
 [  66.31298726]
 [-114.4636867 ]
 [ -38.21943861]
 [ 111.46927407]
 [  68.88533569]
 [ 122.06601983]
 [ -17.15587801]
 [-131.57251105]
 [  37.4545688 ]
 [ 155.05505632]
 [ -65.74757865]
 [ -63.42664126]
 [ -21.27704278]
 [ -23.57047734]
 [ -98.0114192 ]]


Minimal lambda 1.7555958671075674e-05
Minimal cost: [130175.74114921]
Minimal theta: [[ 661.91894449]
 [-354.45188233]
 [   8.39162659]
 [ -27.84666615]
 [-199.57796659]
 [ -99.49652633]
 [ 200.9359487 ]
 [ 143.20867082]
 [-222.52950878]
 [-185.10312659]
 [ 102.34536966]
 [  99.5244491 ]
 [ -22.26876002]
 [ -14.88559502]
 [  -8.45301405]
 [ 127.68500092]
 [ 286.08207401]
 [-141.86807526]
 [  50.44853239]
 [ -27.7757059 ]
 [  -9.51820845]
 [-407.52743776]]


Minimal lambda 2.6683496156031564e-07
Minimal cost: [118299.56055896]
Minimal theta: [[ 6.04538404e+02]
 [-2.42362503e+01]
 [-1.50133301e+01]
 [-5.72706633e+00]
 [-1.89227428e+01]
 [ 6.08973260e+00]
 [ 1.85533366e+01]
 [ 8.39176027e+00]
 [-9.76494480e+00]
 [-1.79973330e-01]
 [-1.69960059e+00]
 [-1.77092463e+01]
 [-1.17904481e+00]
 [ 2.60173092e+01]
 [-1.67443736e+01]
 [-1.91656824e+01]
 [ 4.02672883e+01]
 [ 3.04182152e+01]
 [-5.74327740e+00]
 [-5.20844961e+01]
 [-1.67589767e+01]
 [-7.22045825e+01]]


Minimal lambda 4.348745013088917e-06
Minimal cost: [137452.02854805]
Minimal theta: [[580.36515788]
 [-41.97343331]
 [ -5.90457884]
 [ -6.7279824 ]
 [ 16.37355912]
 [  0.64441909]
 [ 13.83378256]
 [  8.23201066]
 [-15.31714857]
 [  5.24990559]
 [  1.83751864]
 [-26.52043974]
 [  6.47870662]
 [-16.30703278]
 [-35.92658064]
 [  5.61594349]
 [ 39.23781426]
 [  4.23204526]
 [ -6.44091992]
 [-24.83179165]
 [ 11.15566265]
 [-76.30358671]]


Minimal lambda 1.2676822469850584e-09
Minimal cost: [141743.83644299]
Minimal theta: [[520.64865668]
 [-31.65991143]
 [ -4.42397202]
 [ -3.60623856]
 [  1.0953877 ]
 [ -3.08403193]
 [ -9.31000238]
 [  9.71466095]
 [-32.7654583 ]
 [  8.23021088]
 [ -9.47169434]
 [-19.98310408]
 [ 32.63197635]
 [ -7.72858533]
 [ -3.51094131]
 [ 17.29884764]
 [ 33.65644165]
 [  2.7755471 ]
 [-21.60012855]
 [-10.41885417]
 [ -2.05235391]
 [-81.62678576]]


