-0.1816343 0.11762778 -0.14997499 -0.44793449 0.47846145 -0.08841263 235.53 
-0.1816343 0.97969674 -0.14997499 -0.1847766 -0.18820521 -0.19367579 330.16 
-0.1816343 1.04866226 -0.14997499 0.02574972 -0.18820521 -0.03578105 355.29 
-0.1816343 0.15211054 0.05002501 -0.44793449 -0.41042744 0.22737685 599.25 
-0.1816343 0.25555881 0.05002501 -0.23740818 0.47846145 0.38527158 92.3 
-0.1816343 0.84176571 0.05002501 0.28890761 -0.52153855 -0.29893894 546.3 
-0.1816343 0.87624847 0.05002501 0.34153919 -0.0770941 0.49053474 227.72 
-0.1816343 0.22107606 0.25002501 -0.13214502 -0.29931632 0.12211369 627.54 
-0.1816343 0.22107606 0.25002501 0.0783813 -0.18820521 0.38527158 158.17 
-0.1816343 0.91073123 0.25002501 0.39417077 -0.18820521 0.33264 325.82 
-0.1816343 0.42797261 0.45002501 -0.50056607 0.47846145 -0.03578105 305.7 
-0.1816343 0.22107606 0.45002501 -0.39530291 0.47846145 -0.08841263 208.82 
-0.1816343 0.15211054 0.45002501 0.02574972 -0.41042744 -0.29893894 476.56 
-0.1816343 0.49693812 0.45002501 0.44680235 -0.29931632 0.22737685 619.61 
-0.1816343 0.1865933 0.45002501 0.44680235 -0.41042744 -0.03578105 394.58 
-0.1816343 1.11762778 0.65002501 -0.44793449 -0.52153855 -0.08841263 337.29 
-0.1816343 1.11762778 0.65002501 0.13101287 0.36735034 -0.50946526 216.93 
-0.1816343 0.39348985 0.65002501 0.49943393 -0.0770941 0.38527158 255.63 
-0.1816343 0.22107606 0.85002501 -0.44793449 0.47846145 -0.45683368 366.7 
-0.1816343 0.15211054 0.85002501 0.0783813 -0.18820521 -0.29893894 478.29 
-0.1816343 0.97969674 0.85002501 0.18364445 0.03401701 -0.4042021 531.19 
-0.1816343 0.35900709 0.85002501 0.39417077 -0.0770941 -0.08841263 334.08 
-0.1816343 1.04866226 0.85002501 0.44680235 0.47846145 0.28000843 385.62 
-0.15989516 0.1865933 -0.14997499 -0.44793449 -0.29931632 0.49053474 388.69 
-0.15989516 1.0141795 -0.14997499 -0.39530291 0.14512812 0.43790316 294.39 
-0.15989516 0.97969674 -0.14997499 0.0783813 0.25623923 0.17474527 706.49 
-0.15989516 0.63486916 -0.14997499 0.28890761 -0.18820521 0.22737685 710.32 
-0.15989516 0.56590364 -0.14997499 0.34153919 -0.0770941 -0.14104421 408.51 
-0.15989516 0.39348985 -0.14997499 0.34153919 -0.0770941 -0.50946526 436.45 
-0.15989516 0.25555881 -0.14997499 0.44680235 -0.29931632 0.22737685 729.09 
-0.15989516 0.39348985 -0.14997499 0.49943393 -0.18820521 -0.24630736 604.17 
-0.15989516 0.80728295 0.05002501 -0.50056607 0.47846145 0.06948211 687.26 
-0.15989516 0.29004157 0.05002501 -0.34267134 -0.0770941 -0.19367579 469.57 
-0.15989516 0.1865933 0.05002501 0.34153919 0.25623923 0.49053474 311.39 
-0.15989516 0.53142088 0.25002501 0.39417077 -0.52153855 0.49053474 388.65 
-0.15989516 0.29004157 0.45002501 0.02574972 0.14512812 -0.19367579 399.8 
-0.15989516 1.0141795 0.65002501 -0.44793449 -0.0770941 -0.08841263 452.81 
-0.15989516 0.6003864 0.65002501 -0.39530291 0.14512812 0.43790316 272.72 
-0.15989516 0.11762778 0.65002501 -0.34267134 0.36735034 -0.35157052 634.25 
-0.15989516 0.84176571 0.65002501 -0.07951344 -0.18820521 -0.24630736 541.98 
-0.15989516 0.42797261 0.65002501 0.13101287 0.14512812 0.49053474 289.96 
-0.15989516 0.77280019 0.65002501 0.34153919 0.47846145 -0.08841263 340.1 
-0.15989516 0.35900709 0.65002501 0.44680235 -0.18820521 0.49053474 403.34 
-0.15989516 0.73831743 0.85002501 -0.44793449 -0.41042744 0.28000843 576.02 
-0.15989516 0.87624847 0.85002501 0.0783813 0.14512812 -0.03578105 450.41 
-0.15989516 0.97969674 0.85002501 0.28890761 -0.18820521 0.38527158 359.76 
-0.13815603 0.22107606 -0.14997499 -0.13214502 0.25623923 0.06948211 788.06 
-0.13815603 0.25555881 -0.14997499 0.02574972 0.25623923 -0.14104421 461.83 
-0.13815603 0.66935192 -0.14997499 0.02574972 0.03401701 -0.35157052 784.24 
-0.13815603 0.73831743 -0.14997499 0.39417077 -0.18820521 0.49053474 505.77 
-0.13815603 1.0141795 -0.14997499 0.39417077 0.36735034 0.28000843 638.52 
-0.13815603 0.91073123 -0.14997499 0.44680235 -0.18820521 0.22737685 867.79 
-0.13815603 0.94521399 -0.14997499 0.49943393 0.47846145 0.12211369 871.33 
-0.13815603 0.6003864 0.05002501 -0.07951344 0.47846145 -0.24630736 561.7 
-0.13815603 0.56590364 0.05002501 0.49943393 -0.41042744 -0.45683368 773.53 
-0.13815603 0.84176571 0.25002501 -0.44793449 -0.18820521 -0.19367579 636.28 
-0.13815603 0.49693812 0.25002501 -0.07951344 0.14512812 -0.4042021 734.86 
-0.13815603 0.77280019 0.25002501 0.49943393 -0.0770941 0.01685053 820.4 
-0.13815603 0.53142088 0.45002501 -0.44793449 0.25623923 -0.24630736 665.21 
-0.13815603 0.84176571 0.45002501 -0.02688186 0.25623923 0.43790316 339.47 
-0.13815603 1.0141795 0.45002501 0.0783813 0.47846145 -0.08841263 401.75 
-0.13815603 0.22107606 0.45002501 0.44680235 0.03401701 0.43790316 448.86 
-0.13815603 0.35900709 0.65002501 -0.44793449 0.03401701 0.43790316 416.28 
-0.13815603 0.32452433 0.65002501 -0.29003976 0.14512812 -0.24630736 636.11 
-0.13815603 0.22107606 0.65002501 -0.13214502 -0.29931632 0.33264 500.1 
-0.13815603 0.15211054 0.65002501 -0.02688186 -0.0770941 -0.08841263 493.12 
-0.13815603 0.87624847 0.85002501 -0.50056607 0.14512812 -0.4042021 793.03 
-0.13815603 0.11762778 0.85002501 -0.07951344 -0.29931632 0.17474527 858.45 
-0.13815603 1.11762778 0.85002501 0.0783813 0.25623923 0.06948211 796.78 
-0.13815603 0.46245537 0.85002501 0.28890761 -0.29931632 0.06948211 874.56 
-0.13815603 0.70383468 0.85002501 0.34153919 -0.0770941 -0.08841263 581.42 
-0.13815603 0.70383468 0.85002501 0.34153919 0.14512812 0.06948211 869.36 
-0.13815603 0.25555881 0.85002501 0.39417077 0.36735034 0.28000843 665.0 
-0.1164169 0.70383468 -0.14997499 -0.39530291 0.47846145 -0.35157052 874.89 
-0.1164169 0.15211054 -0.14997499 -0.1847766 0.47846145 0.01685053 736.43 
-0.1164169 0.63486916 -0.14997499 -0.13214502 -0.52153855 -0.08841263 618.22 
-0.1164169 0.49693812 -0.14997499 -0.02688186 -0.29931632 0.06948211 929.69 
-0.1164169 0.22107606 -0.14997499 0.0783813 0.14512812 0.33264 590.52 
-0.1164169 0.77280019 -0.14997499 0.49943393 0.25623923 -0.08841263 654.88 
-0.1164169 0.73831743 0.05002501 -0.44793449 -0.52153855 -0.29893894 947.18 
-0.1164169 0.6003864 0.05002501 -0.29003976 -0.29931632 0.22737685 932.09 
-0.1164169 1.08314502 0.05002501 0.02574972 0.36735034 -0.35157052 826.22 
-0.1164169 0.80728295 0.05002501 0.39417077 0.14512812 0.28000843 801.15 
-0.1164169 0.70383468 0.25002501 -0.23740818 -0.52153855 -0.08841263 635.26 
-0.1164169 0.11762778 0.25002501 -0.23740818 0.47846145 -0.08841263 534.89 
-0.1164169 1.08314502 0.25002501 -0.07951344 0.03401701 -0.03578105 709.05 
-0.1164169 1.08314502 0.25002501 0.13101287 0.03401701 -0.4042021 876.76 
-0.1164169 0.49693812 0.45002501 0.44680235 -0.0770941 0.38527158 594.5 
-0.1164169 0.25555881 0.65002501 -0.39530291 -0.0770941 -0.24630736 788.89 
-0.1164169 0.42797261 0.65002501 -0.23740818 -0.29931632 -0.19367579 668.45 
-0.1164169 0.94521399 0.65002501 -0.23740818 0.14512812 0.28000843 734.24 
-0.1164169 0.49693812 0.65002501 -0.02688186 -0.41042744 0.28000843 758.13 
-0.1164169 0.25555881 0.65002501 0.0783813 0.47846145 -0.03578105 594.99 
-0.1164169 0.11762778 0.65002501 0.0783813 -0.29931632 -0.08841263 616.12 
-0.1164169 0.32452433 0.65002501 0.39417077 0.36735034 0.49053474 545.85 
-0.1164169 0.11762778 0.85002501 -0.50056607 -0.41042744 -0.08841263 645.12 
-0.09467777 0.35900709 -0.14997499 -0.29003976 0.47846145 -0.35157052 925.48 
-0.09467777 0.70383468 -0.14997499 -0.13214502 -0.18820521 -0.14104421 708.17 
-0.09467777 1.11762778 -0.14997499 0.18364445 -0.18820521 -0.08841263 734.09 
-0.09467777 0.35900709 -0.14997499 0.39417077 0.47846145 -0.14104421 630.48 
-0.09467777 0.91073123 -0.14997499 0.49943393 -0.0770941 0.49053474 713.79 
-0.09467777 0.35900709 0.05002501 -0.1847766 0.03401701 0.49053474 610.17 
-0.09467777 1.11762778 0.05002501 0.0783813 0.14512812 -0.45683368 841.61 
-0.09467777 0.15211054 0.05002501 0.28890761 -0.18820521 -0.29893894 951.99 
-0.09467777 0.6003864 0.05002501 0.34153919 0.47846145 0.22737685 924.98 
-0.09467777 0.46245537 0.45002501 -0.39530291 -0.18820521 0.33264 738.0 
-0.09467777 0.53142088 0.45002501 -0.13214502 -0.29931632 0.12211369 1098.74 
-0.09467777 0.42797261 0.65002501 -0.39530291 0.14512812 -0.19367579 753.46 
-0.09467777 0.6003864 0.65002501 0.02574972 0.36735034 0.06948211 936.38 
-0.09467777 0.39348985 0.65002501 0.13101287 0.36735034 -0.45683368 818.91 
-0.09467777 0.1865933 0.85002501 0.34153919 -0.29931632 -0.29893894 992.17 
-0.09467777 0.77280019 0.85002501 0.44680235 0.47846145 -0.24630736 840.15 
-0.09467777 0.73831743 0.85002501 0.44680235 -0.18820521 0.43790316 692.5 
-0.07293864 0.42797261 -0.14997499 -0.39530291 -0.29931632 -0.29893894 1046.18 
-0.07293864 0.73831743 -0.14997499 -0.29003976 0.47846145 -0.03578105 763.6 
-0.07293864 0.70383468 -0.14997499 0.13101287 -0.18820521 -0.24630736 909.55 
-0.07293864 0.11762778 -0.14997499 0.28890761 -0.29931632 -0.45683368 928.24 
-0.07293864 0.77280019 0.05002501 -0.34267134 -0.52153855 -0.45683368 988.39 
-0.07293864 1.11762778 0.05002501 -0.23740818 0.47846145 -0.03578105 745.98 
-0.07293864 0.73831743 0.05002501 -0.02688186 -0.41042744 0.28000843 902.55 
-0.07293864 0.94521399 0.05002501 0.13101287 0.47846145 0.17474527 1021.82 
-0.07293864 1.04866226 0.05002501 0.34153919 -0.18820521 -0.19367579 868.21 
-0.07293864 0.1865933 0.25002501 -0.29003976 -0.52153855 0.17474527 1112.53 
-0.07293864 0.80728295 0.25002501 -0.23740818 -0.18820521 0.06948211 1104.14 
-0.07293864 0.25555881 0.25002501 -0.02688186 -0.0770941 -0.19367579 775.93 
-0.07293864 0.53142088 0.25002501 0.23627603 0.25623923 -0.03578105 807.2 
-0.07293864 0.49693812 0.25002501 0.34153919 -0.18820521 -0.08841263 804.18 
-0.07293864 0.25555881 0.45002501 -0.34267134 0.36735034 -0.08841263 707.71 
-0.07293864 0.39348985 0.45002501 -0.29003976 -0.0770941 -0.29893894 998.87 
-0.07293864 0.25555881 0.45002501 -0.23740818 -0.29931632 -0.03578105 836.28 
-0.07293864 0.29004157 0.45002501 -0.02688186 0.25623923 -0.4042021 959.49 
-0.07293864 0.94521399 0.45002501 0.0783813 0.25623923 -0.4042021 977.04 
-0.07293864 1.0141795 0.45002501 0.13101287 -0.0770941 -0.29893894 1011.1 
-0.07293864 0.39348985 0.45002501 0.34153919 -0.41042744 0.01685053 998.73 
-0.07293864 0.80728295 0.45002501 0.44680235 -0.18820521 -0.29893894 1082.52 
-0.07293864 0.32452433 0.45002501 0.44680235 0.03401701 0.17474527 1189.84 
-0.07293864 0.77280019 0.45002501 0.44680235 -0.18820521 0.22737685 1127.9 
-0.07293864 0.46245537 0.45002501 0.49943393 0.47846145 0.38527158 664.16 
-0.07293864 0.80728295 0.65002501 -0.23740818 -0.18820521 -0.4042021 1031.34 
-0.07293864 1.04866226 0.65002501 0.18364445 -0.0770941 -0.50946526 807.71 
-0.07293864 0.35900709 0.65002501 0.23627603 0.03401701 0.49053474 688.18 
-0.07293864 0.53142088 0.85002501 -0.1847766 -0.52153855 0.49053474 680.61 
-0.07293864 0.11762778 0.85002501 -0.02688186 -0.18820521 0.01685053 945.73 
-0.07293864 0.80728295 0.85002501 0.28890761 0.36735034 0.22737685 997.02 
-0.07293864 0.80728295 0.85002501 0.39417077 -0.29931632 0.33264 848.51 
-0.05119951 0.80728295 -0.14997499 -0.07951344 0.47846145 0.01685053 865.41 
-0.05119951 0.73831743 -0.14997499 -0.02688186 -0.18820521 0.01685053 987.08 
-0.05119951 0.22107606 -0.14997499 0.44680235 0.03401701 -0.19367579 857.8 
-0.05119951 0.25555881 0.05002501 -0.44793449 0.03401701 -0.08841263 824.18 
-0.05119951 0.73831743 0.05002501 -0.23740818 -0.41042744 0.38527158 707.33 
-0.05119951 0.25555881 0.05002501 -0.1847766 0.25623923 0.17474527 1094.0 
-0.05119951 0.70383468 0.05002501 -0.13214502 0.47846145 0.33264 670.35 
-0.05119951 0.15211054 0.05002501 -0.02688186 -0.29931632 -0.03578105 835.27 
-0.05119951 1.0141795 0.05002501 0.28890761 -0.18820521 -0.35157052 1102.05 
-0.05119951 0.15211054 0.05002501 0.39417077 0.03401701 0.17474527 1174.87 
-0.05119951 0.66935192 0.45002501 -0.50056607 0.14512812 -0.24630736 960.18 
-0.05119951 0.66935192 0.45002501 -0.44793449 -0.18820521 -0.19367579 874.12 
-0.05119951 0.56590364 0.45002501 -0.23740818 0.47846145 -0.35157052 975.22 
-0.05119951 0.6003864 0.45002501 -0.07951344 0.47846145 -0.4042021 929.72 
-0.05119951 0.22107606 0.45002501 0.28890761 0.25623923 -0.08841263 762.32 
-0.05119951 0.63486916 0.45002501 0.49943393 -0.18820521 -0.4042021 1135.67 
-0.05119951 0.80728295 0.65002501 -0.23740818 0.36735034 0.01685053 906.63 
-0.05119951 0.77280019 0.65002501 0.0783813 0.47846145 -0.24630736 810.03 
-0.05119951 0.25555881 0.65002501 0.28890761 0.36735034 0.22737685 1019.69 
-0.05119951 0.15211054 0.85002501 -0.23740818 -0.18820521 -0.29893894 991.52 
-0.05119951 0.80728295 0.85002501 0.13101287 0.36735034 -0.24630736 848.88 
-0.05119951 0.56590364 0.85002501 0.13101287 -0.0770941 -0.45683368 937.33 
-0.05119951 1.08314502 0.85002501 0.13101287 0.47846145 0.17474527 1043.16 
-0.05119951 0.1865933 0.85002501 0.18364445 0.47846145 0.43790316 573.76 
-0.05119951 0.84176571 0.85002501 0.39417077 0.25623923 0.22737685 1084.55 
-0.02946038 0.22107606 -0.14997499 -0.23740818 -0.0770941 -0.29893894 982.69 
-0.02946038 1.11762778 -0.14997499 0.02574972 -0.41042744 -0.19367579 830.06 
-0.02946038 0.84176571 -0.14997499 0.39417077 -0.52153855 -0.29893894 1062.37 
-0.02946038 0.70383468 -0.14997499 0.39417077 0.36735034 0.22737685 1013.48 
-0.02946038 0.73831743 0.05002501 0.34153919 -0.41042744 0.49053474 728.02 
-0.02946038 0.80728295 0.25002501 -0.50056607 0.03401701 -0.35157052 1103.99 
-0.02946038 0.91073123 0.25002501 -0.29003976 0.14512812 0.28000843 890.8 
-0.02946038 0.53142088 0.25002501 -0.02688186 0.14512812 0.12211369 1106.25 
-0.02946038 0.91073123 0.25002501 0.34153919 0.03401701 -0.4042021 1048.21 
-0.02946038 0.49693812 0.25002501 0.49943393 0.25623923 -0.19367579 842.51 
-0.02946038 0.11762778 0.45002501 -0.50056607 -0.0770941 -0.19367579 846.25 
-0.02946038 0.11762778 0.45002501 -0.50056607 -0.18820521 -0.45683368 967.82 
-0.02946038 0.25555881 0.45002501 -0.39530291 0.36735034 0.01685053 918.33 
-0.02946038 0.49693812 0.45002501 -0.1847766 0.47846145 -0.50946526 687.13 
-0.02946038 0.84176571 0.45002501 0.23627603 0.14512812 -0.24630736 895.16 
-0.02946038 0.77280019 0.45002501 0.28890761 -0.0770941 0.12211369 1176.09 
-0.02946038 0.94521399 0.65002501 -0.44793449 -0.0770941 -0.50946526 825.67 
-0.02946038 0.35900709 0.65002501 -0.13214502 0.36735034 -0.03578105 755.9 
-0.02946038 0.49693812 0.65002501 0.18364445 -0.41042744 -0.03578105 835.27 
-0.02946038 0.11762778 0.65002501 0.49943393 -0.29931632 0.28000843 980.49 
-0.02946038 0.63486916 0.85002501 -0.44793449 0.14512812 0.28000843 893.46 
-0.02946038 1.08314502 0.85002501 -0.34267134 0.47846145 0.28000843 807.95 
-0.02946038 0.97969674 0.85002501 -0.29003976 -0.41042744 0.38527158 694.16 
-0.02946038 0.32452433 0.85002501 -0.29003976 -0.0770941 0.06948211 1051.17 
-0.02946038 0.11762778 0.85002501 -0.1847766 0.36735034 -0.35157052 947.39 
-0.02946038 0.29004157 0.85002501 -0.07951344 0.25623923 0.33264 691.84 
-0.00772125 1.11762778 -0.14997499 -0.07951344 -0.0770941 -0.45683368 878.52 
-0.00772125 0.42797261 -0.14997499 0.02574972 -0.52153855 -0.03578105 747.79 
-0.00772125 0.32452433 -0.14997499 0.23627603 0.47846145 0.28000843 749.58 
-0.00772125 0.6003864 -0.14997499 0.44680235 -0.52153855 0.17474527 1124.6 
-0.00772125 0.25555881 0.05002501 -0.50056607 0.14512812 0.22737685 1034.52 
-0.00772125 1.11762778 0.05002501 -0.44793449 -0.52153855 -0.29893894 1038.5 
-0.00772125 0.77280019 0.05002501 -0.39530291 -0.0770941 0.01685053 963.75 
-0.00772125 0.56590364 0.05002501 0.0783813 -0.52153855 -0.29893894 934.2 
-0.00772125 0.53142088 0.05002501 0.18364445 0.47846145 0.17474527 967.7 
-0.00772125 0.63486916 0.05002501 0.34153919 -0.0770941 -0.29893894 967.29 
-0.00772125 0.46245537 0.25002501 -0.50056607 -0.0770941 0.33264 764.34 
-0.00772125 0.35900709 0.25002501 -0.23740818 0.47846145 0.38527158 524.05 
-0.00772125 0.11762778 0.25002501 -0.1847766 0.47846145 0.06948211 915.77 
-0.00772125 0.80728295 0.25002501 0.02574972 -0.41042744 0.12211369 1091.7 
-0.00772125 0.42797261 0.25002501 0.18364445 -0.18820521 -0.35157052 989.66 
-0.00772125 0.91073123 0.25002501 0.23627603 0.25623923 0.17474527 1038.09 
-0.00772125 0.94521399 0.45002501 -0.34267134 0.36735034 0.01685053 857.01 
-0.00772125 0.80728295 0.45002501 0.28890761 0.03401701 0.49053474 644.47 
-0.00772125 1.08314502 0.45002501 0.44680235 -0.0770941 -0.35157052 1072.02 
-0.00772125 0.49693812 0.65002501 -0.23740818 -0.0770941 0.06948211 1023.74 
-0.00772125 0.84176571 0.65002501 -0.07951344 0.25623923 0.12211369 1027.82 
-0.00772125 1.0141795 0.65002501 0.23627603 0.25623923 0.28000843 817.71 
-0.00772125 0.11762778 0.85002501 -0.50056607 -0.41042744 0.12211369 1095.2 
-0.00772125 0.35900709 0.85002501 -0.29003976 0.25623923 -0.35157052 935.49 
-0.00772125 1.0141795 0.85002501 -0.29003976 0.14512812 0.01685053 888.19 
-0.00772125 0.42797261 0.85002501 -0.07951344 0.25623923 0.17474527 1008.79 
-0.00772125 0.77280019 0.85002501 0.02574972 -0.52153855 -0.4042021 980.64 
-0.00772125 0.46245537 0.85002501 0.28890761 0.47846145 0.43790316 532.59 
-0.00772125 0.66935192 0.85002501 0.34153919 -0.52153855 0.43790316 659.19 
0.01401788 1.04866226 -0.14997499 -0.50056607 -0.29931632 -0.50946526 765.31 
0.01401788 1.04866226 -0.14997499 -0.50056607 0.47846145 0.12211369 977.71 
0.01401788 0.94521399 -0.14997499 -0.44793449 0.25623923 0.38527158 552.94 
0.01401788 0.29004157 -0.14997499 -0.29003976 -0.0770941 -0.4042021 876.21 
0.01401788 0.39348985 -0.14997499 0.02574972 0.36735034 -0.45683368 702.06 
0.01401788 0.87624847 -0.14997499 0.18364445 -0.0770941 -0.4042021 888.58 
0.01401788 0.84176571 -0.14997499 0.23627603 0.14512812 -0.29893894 835.12 
0.01401788 1.0141795 -0.14997499 0.39417077 -0.18820521 0.17474527 1062.55 
0.01401788 0.94521399 -0.14997499 0.44680235 -0.41042744 0.22737685 991.03 
0.01401788 0.84176571 0.05002501 -0.39530291 0.36735034 0.01685053 799.08 
0.01401788 0.56590364 0.05002501 -0.23740818 -0.52153855 -0.50946526 667.07 
0.01401788 0.84176571 0.05002501 -0.07951344 0.36735034 -0.19367579 594.01 
0.01401788 0.46245537 0.05002501 -0.02688186 0.14512812 0.12211369 964.19 
0.01401788 0.6003864 0.05002501 0.0783813 0.47846145 -0.03578105 592.61 
0.01401788 0.46245537 0.05002501 0.34153919 0.14512812 0.12211369 998.18 
0.01401788 0.56590364 0.25002501 -0.07951344 -0.0770941 -0.50946526 616.51 
0.01401788 0.25555881 0.25002501 0.49943393 0.36735034 0.17474527 989.17 
0.01401788 0.77280019 0.45002501 -0.50056607 0.14512812 -0.4042021 914.07 
0.01401788 0.1865933 0.45002501 -0.29003976 -0.0770941 -0.4042021 868.97 
0.01401788 0.42797261 0.45002501 -0.1847766 -0.0770941 -0.24630736 748.61 
0.01401788 0.97969674 0.65002501 -0.50056607 -0.52153855 0.28000843 846.76 
0.01401788 0.63486916 0.65002501 -0.29003976 -0.0770941 0.28000843 762.21 
0.01401788 0.35900709 0.65002501 -0.13214502 -0.18820521 -0.4042021 866.82 
0.01401788 0.49693812 0.65002501 0.0783813 0.25623923 -0.08841263 557.36 
0.01401788 0.63486916 0.65002501 0.13101287 0.03401701 -0.08841263 613.98 
0.01401788 0.1865933 0.65002501 0.18364445 0.03401701 0.28000843 751.24 
0.01401788 0.1865933 0.85002501 -0.50056607 -0.52153855 -0.03578105 696.69 
0.01401788 0.1865933 0.85002501 -0.44793449 0.14512812 0.22737685 890.19 
0.01401788 1.04866226 0.85002501 -0.44793449 0.03401701 0.17474527 1017.67 
0.01401788 0.22107606 0.85002501 -0.34267134 -0.0770941 -0.50946526 628.95 
0.01401788 0.42797261 0.85002501 -0.29003976 -0.41042744 -0.08841263 598.62 
0.01401788 0.32452433 0.85002501 -0.1847766 0.36735034 -0.03578105 621.09 
0.01401788 0.6003864 0.85002501 -0.1847766 -0.18820521 -0.4042021 869.56 
0.01401788 0.49693812 0.85002501 0.0783813 0.47846145 -0.03578105 595.78 
0.01401788 1.11762778 0.85002501 0.49943393 -0.0770941 -0.45683368 909.54 
0.03575701 0.6003864 -0.14997499 -0.44793449 -0.0770941 -0.03578105 656.68 
0.03575701 0.15211054 -0.14997499 -0.29003976 0.25623923 0.06948211 799.83 
0.03575701 1.0141795 -0.14997499 -0.23740818 0.47846145 0.06948211 734.07 
0.03575701 0.80728295 -0.14997499 -0.02688186 -0.52153855 -0.08841263 513.0 
0.03575701 1.08314502 -0.14997499 0.34153919 0.03401701 -0.4042021 802.34 
0.03575701 0.84176571 0.05002501 0.13101287 0.47846145 0.33264 408.59 
0.03575701 0.80728295 0.25002501 -0.44793449 0.14512812 -0.45683368 708.64 
0.03575701 0.25555881 0.25002501 -0.29003976 -0.18820521 0.49053474 442.16 
0.03575701 0.49693812 0.25002501 -0.1847766 0.47846145 0.49053474 343.22 
0.03575701 0.32452433 0.45002501 -0.44793449 0.25623923 -0.19367579 558.48 
0.03575701 0.97969674 0.45002501 -0.29003976 -0.0770941 -0.29893894 770.88 
0.03575701 0.70383468 0.45002501 -0.23740818 0.14512812 -0.03578105 576.75 
0.03575701 1.0141795 0.45002501 0.18364445 0.03401701 -0.24630736 674.2 
0.03575701 0.97969674 0.65002501 -0.44793449 0.47846145 0.12211369 823.92 
0.03575701 1.04866226 0.65002501 0.0783813 -0.41042744 0.43790316 427.13 
0.03575701 0.97969674 0.65002501 0.0783813 0.25623923 0.22737685 743.25 
0.03575701 1.04866226 0.65002501 0.13101287 0.03401701 -0.50946526 537.11 
0.03575701 0.29004157 0.85002501 -0.39530291 -0.29931632 0.06948211 833.03 
0.03575701 0.87624847 0.85002501 -0.02688186 -0.52153855 -0.29893894 757.48 
0.03575701 0.87624847 0.85002501 0.23627603 -0.52153855 0.06948211 871.16 
0.03575701 0.22107606 0.85002501 0.44680235 0.36735034 0.43790316 422.37 
0.05749614 0.29004157 -0.14997499 -0.34267134 -0.29931632 -0.50946526 438.86 
0.05749614 0.66935192 -0.14997499 -0.23740818 -0.0770941 0.06948211 725.68 
0.05749614 0.29004157 0.05002501 -0.29003976 0.03401701 0.22737685 661.92 
0.05749614 0.25555881 0.05002501 -0.07951344 -0.18820521 -0.08841263 368.78 
0.05749614 0.49693812 0.05002501 -0.02688186 -0.41042744 -0.24630736 503.72 
0.05749614 0.84176571 0.05002501 0.28890761 0.03401701 0.49053474 329.3 
0.05749614 0.49693812 0.05002501 0.34153919 -0.41042744 -0.29893894 659.17 
0.05749614 0.91073123 0.25002501 -0.50056607 -0.52153855 0.43790316 375.27 
0.05749614 0.70383468 0.25002501 -0.39530291 0.47846145 -0.08841263 329.91 
0.05749614 0.6003864 0.25002501 -0.1847766 -0.0770941 -0.24630736 520.59 
0.05749614 0.25555881 0.25002501 -0.02688186 -0.29931632 -0.29893894 599.46 
0.05749614 0.73831743 0.25002501 0.13101287 -0.0770941 0.33264 384.67 
0.05749614 0.6003864 0.25002501 0.18364445 0.14512812 0.38527158 267.95 
0.05749614 0.53142088 0.25002501 0.39417077 0.14512812 -0.50946526 420.25 
0.05749614 1.08314502 0.45002501 -0.1847766 -0.0770941 -0.35157052 689.24 
0.05749614 0.46245537 0.45002501 0.18364445 0.03401701 -0.45683368 537.23 
0.05749614 0.63486916 0.45002501 0.18364445 0.25623923 0.28000843 486.24 
0.05749614 0.56590364 0.65002501 -0.39530291 -0.29931632 -0.14104421 406.71 
0.05749614 0.87624847 0.65002501 -0.34267134 0.14512812 0.06948211 699.58 
0.05749614 0.29004157 0.65002501 -0.13214502 0.47846145 -0.45683368 453.95 
0.05749614 1.08314502 0.65002501 -0.07951344 0.03401701 0.12211369 764.36 
0.05749614 0.35900709 0.65002501 0.0783813 -0.52153855 -0.24630736 509.37 
0.05749614 0.42797261 0.65002501 0.23627603 0.03401701 -0.03578105 463.31 
0.05749614 0.66935192 0.85002501 -0.39530291 0.25623923 -0.24630736 498.3 
0.05749614 0.42797261 0.85002501 -0.34267134 0.25623923 -0.14104421 327.28 
0.05749614 0.35900709 0.85002501 -0.29003976 -0.0770941 0.28000843 507.14 
0.05749614 0.56590364 0.85002501 0.02574972 0.36735034 -0.03578105 373.75 
0.05749614 0.94521399 0.85002501 0.39417077 0.47846145 -0.35157052 656.33 
0.05749614 0.84176571 0.85002501 0.44680235 0.36735034 0.28000843 547.87 
0.05749614 0.39348985 0.85002501 0.44680235 0.03401701 0.01685053 675.37 
0.07923527 1.08314502 -0.14997499 -0.50056607 0.03401701 -0.45683368 494.1 
0.07923527 1.08314502 -0.14997499 -0.34267134 0.14512812 0.17474527 645.6 
0.07923527 0.53142088 -0.14997499 0.39417077 0.36735034 -0.14104421 217.26 
0.07923527 0.35900709 -0.14997499 0.44680235 0.36735034 0.33264 234.79 
0.07923527 0.63486916 0.05002501 -0.34267134 0.36735034 0.01685053 417.55 
0.07923527 1.08314502 0.05002501 -0.29003976 0.03401701 0.33264 280.05 
0.07923527 0.53142088 0.05002501 -0.1847766 0.47846145 -0.35157052 450.74 
0.07923527 0.97969674 0.05002501 -0.13214502 0.25623923 0.22737685 491.3 
0.07923527 0.49693812 0.25002501 -0.1847766 -0.0770941 0.43790316 123.41 
0.07923527 0.1865933 0.25002501 -0.13214502 0.25623923 -0.03578105 279.68 
0.07923527 0.35900709 0.25002501 0.18364445 0.47846145 0.01685053 355.13 
0.07923527 0.87624847 0.45002501 -0.44793449 0.47846145 0.33264 199.44 
0.07923527 0.25555881 0.45002501 -0.39530291 -0.0770941 -0.45683368 430.16 
0.07923527 1.04866226 0.45002501 0.18364445 -0.29931632 0.43790316 192.9 
0.07923527 0.66935192 0.45002501 0.18364445 -0.52153855 -0.35157052 564.71 
0.07923527 0.84176571 0.65002501 -0.50056607 0.25623923 0.33264 269.96 
0.07923527 0.53142088 0.65002501 -0.44793449 0.03401701 -0.45683368 440.79 
0.07923527 0.66935192 0.65002501 -0.13214502 -0.52153855 0.22737685 530.65 
0.07923527 0.77280019 0.65002501 0.0783813 -0.0770941 -0.24630736 401.98 
0.07923527 0.35900709 0.65002501 0.23627603 -0.41042744 -0.29893894 503.94 
0.07923527 0.97969674 0.65002501 0.28890761 0.47846145 0.28000843 330.23 
0.07923527 0.77280019 0.65002501 0.34153919 0.25623923 -0.45683368 424.4 
0.07923527 1.0141795 0.65002501 0.49943393 -0.18820521 -0.08841263 386.4 
0.07923527 0.84176571 0.85002501 -0.50056607 0.14512812 -0.03578105 365.66 
0.07923527 0.29004157 0.85002501 -0.1847766 -0.18820521 -0.29893894 460.75 
0.07923527 0.42797261 0.85002501 0.0783813 -0.0770941 -0.35157052 531.7 
0.07923527 0.87624847 0.85002501 0.28890761 -0.41042744 -0.4042021 590.4 
0.07923527 0.49693812 0.85002501 0.34153919 -0.52153855 0.17474527 669.91 
0.07923527 0.11762778 0.85002501 0.39417077 -0.0770941 0.28000843 452.01 
0.1009744 1.08314502 -0.14997499 -0.07951344 0.25623923 0.22737685 361.26 
0.1009744 0.15211054 -0.14997499 -0.02688186 -0.29931632 -0.24630736 231.1 
0.1009744 0.53142088 -0.14997499 0.13101287 0.36735034 -0.24630736 194.68 
0.1009744 0.56590364 -0.14997499 0.44680235 -0.41042744 -0.19367579 231.65 
0.1009744 0.63486916 0.05002501 -0.29003976 0.47846145 0.12211369 429.24 
0.1009744 0.39348985 0.05002501 0.34153919 -0.29931632 0.43790316 35.96 
0.1009744 0.94521399 0.25002501 0.13101287 -0.41042744 -0.19367579 203.46 
0.1009744 0.42797261 0.25002501 0.13101287 0.03401701 -0.35157052 389.18 
0.1009744 0.77280019 0.25002501 0.23627603 -0.0770941 0.43790316 17.73 
0.1009744 0.87624847 0.25002501 0.44680235 -0.0770941 0.17474527 575.58 
0.1009744 0.56590364 0.45002501 -0.44793449 0.36735034 0.12211369 479.4 
0.1009744 0.32452433 0.45002501 -0.29003976 -0.29931632 -0.45683368 294.98 
0.1009744 0.80728295 0.45002501 0.44680235 0.47846145 0.49053474 43.33 
0.1009744 0.91073123 0.65002501 -0.29003976 -0.41042744 0.28000843 307.12 
0.1009744 0.87624847 0.65002501 -0.07951344 -0.18820521 -0.08841263 143.02 
0.1009744 0.46245537 0.65002501 0.02574972 -0.29931632 0.49053474 44.22 
0.1009744 1.08314502 0.65002501 0.34153919 -0.29931632 0.22737685 496.2 
0.1009744 0.22107606 0.85002501 -0.34267134 0.25623923 0.06948211 399.42 
0.1009744 0.46245537 0.85002501 -0.23740818 0.14512812 -0.4042021 347.05 
0.1009744 0.29004157 0.85002501 -0.1847766 -0.52153855 -0.14104421 75.98 
0.1009744 0.22107606 0.85002501 0.23627603 -0.29931632 0.06948211 451.17 
0.12271353 0.66935192 -0.14997499 -0.50056607 0.14512812 -0.35157052 350.55 
0.12271353 0.56590364 -0.14997499 -0.44793449 -0.0770941 -0.35157052 358.95 
0.12271353 0.80728295 -0.14997499 -0.39530291 -0.52153855 -0.4042021 355.59 
0.12271353 0.22107606 -0.14997499 0.02574972 -0.29931632 -0.4042021 246.09 
0.12271353 1.0141795 -0.14997499 0.23627603 0.25623923 -0.19367579 31.65 
0.12271353 1.11762778 -0.14997499 0.28890761 -0.29931632 0.17474527 434.69 
0.12271353 1.11762778 -0.14997499 0.49943393 0.03401701 -0.03578105 179.21 
0.12271353 0.53142088 -0.14997499 0.49943393 0.14512812 0.06948211 388.61 
0.12271353 0.87624847 0.05002501 -0.39530291 0.03401701 0.17474527 430.13 
0.12271353 1.04866226 0.05002501 -0.34267134 -0.52153855 0.38527158 -5.46 
0.12271353 0.42797261 0.05002501 0.02574972 -0.29931632 0.49053474 -72.62 
0.12271353 0.29004157 0.05002501 0.0783813 -0.29931632 0.28000843 125.05 
0.12271353 1.08314502 0.05002501 0.18364445 -0.52153855 -0.08841263 46.03 
0.12271353 0.87624847 0.05002501 0.23627603 -0.0770941 0.22737685 310.51 
0.12271353 0.97969674 0.25002501 -0.50056607 0.25623923 -0.35157052 325.76 
0.12271353 0.1865933 0.25002501 -0.23740818 -0.18820521 -0.24630736 148.96 
0.12271353 0.56590364 0.25002501 0.28890761 -0.29931632 0.38527158 -50.02 
0.12271353 0.97969674 0.45002501 -0.34267134 -0.18820521 0.17474527 434.81 
0.12271353 0.94521399 0.45002501 -0.23740818 -0.0770941 0.49053474 -52.6 
0.12271353 1.0141795 0.45002501 -0.13214502 -0.52153855 0.22737685 315.64 
0.12271353 0.94521399 0.45002501 0.02574972 -0.29931632 0.22737685 307.2 
0.12271353 0.35900709 0.45002501 0.23627603 -0.52153855 0.28000843 153.46 
0.12271353 1.11762778 0.65002501 -0.50056607 -0.18820521 -0.19367579 146.19 
0.12271353 0.25555881 0.65002501 -0.39530291 -0.0770941 0.06948211 343.16 
0.12271353 1.04866226 0.65002501 -0.34267134 0.03401701 -0.50946526 47.88 
0.12271353 0.77280019 0.65002501 -0.13214502 -0.52153855 -0.4042021 280.23 
0.12271353 0.46245537 0.65002501 -0.13214502 -0.52153855 -0.29893894 221.24 
0.12271353 1.11762778 0.65002501 0.0783813 -0.29931632 -0.08841263 39.29 
0.12271353 0.97969674 0.65002501 0.49943393 -0.0770941 -0.24630736 274.57 
0.12271353 0.22107606 0.85002501 -0.44793449 0.25623923 -0.03578105 64.49 
0.12271353 0.91073123 0.85002501 -0.39530291 -0.0770941 0.12211369 429.67 
0.12271353 0.1865933 0.85002501 -0.29003976 0.03401701 -0.35157052 259.86 
0.12271353 0.32452433 0.85002501 0.13101287 -0.18820521 0.06948211 326.71 
0.14445266 0.73831743 -0.14997499 -0.07951344 -0.18820521 -0.08841263 -70.5 
0.14445266 0.84176571 0.25002501 -0.44793449 -0.18820521 -0.29893894 228.39 
0.14445266 0.15211054 0.25002501 -0.07951344 0.25623923 0.49053474 -226.68 
0.14445266 1.0141795 0.45002501 0.13101287 -0.29931632 0.17474527 313.77 
0.14445266 0.6003864 0.45002501 0.28890761 -0.18820521 -0.29893894 185.81 
0.14445266 0.87624847 0.65002501 -0.50056607 0.47846145 0.38527158 -221.81 
0.14445266 0.6003864 0.65002501 -0.44793449 0.47846145 -0.35157052 139.86 
0.14445266 1.04866226 0.85002501 -0.23740818 -0.52153855 -0.50946526 -9.23 
0.14445266 0.70383468 0.85002501 -0.1847766 0.25623923 0.06948211 176.7 
0.14445266 0.56590364 0.85002501 -0.13214502 -0.18820521 0.33264 -99.11 
0.14445266 0.94521399 0.85002501 -0.02688186 0.47846145 -0.50946526 -159.41 
0.14445266 0.77280019 0.85002501 0.28890761 0.14512812 -0.24630736 70.92 
0.14445266 0.73831743 0.85002501 0.28890761 0.25623923 -0.45683368 80.9 
0.14445266 0.91073123 0.85002501 0.49943393 0.25623923 0.22737685 268.71 
0.16619179 0.25555881 -0.14997499 -0.1847766 -0.41042744 -0.4042021 99.88 
0.16619179 0.70383468 -0.14997499 0.02574972 0.03401701 0.33264 -172.51 
0.16619179 0.56590364 -0.14997499 0.0783813 0.25623923 0.17474527 147.9 
0.16619179 1.0141795 -0.14997499 0.13101287 0.47846145 -0.08841263 -260.29 
0.16619179 0.84176571 -0.14997499 0.13101287 0.14512812 -0.29893894 53.32 
0.16619179 0.87624847 -0.14997499 0.23627603 -0.29931632 0.01685053 77.25 
0.16619179 0.42797261 0.05002501 0.02574972 -0.52153855 0.38527158 -267.53 
0.16619179 0.53142088 0.05002501 0.18364445 -0.41042744 0.17474527 217.86 
0.16619179 0.56590364 0.05002501 0.28890761 -0.29931632 0.01685053 73.38 
0.16619179 0.49693812 0.05002501 0.49943393 0.03401701 0.06948211 228.29 
0.16619179 0.49693812 0.25002501 -0.50056607 -0.0770941 -0.35157052 193.29 
0.16619179 0.25555881 0.25002501 -0.34267134 -0.29931632 -0.4042021 117.1 
0.16619179 0.46245537 0.25002501 -0.02688186 0.03401701 -0.08841263 -182.21 
0.16619179 0.6003864 0.25002501 0.0783813 0.36735034 0.43790316 -356.66 
0.16619179 0.97969674 0.25002501 0.18364445 -0.18820521 -0.19367579 -81.54 
0.16619179 0.22107606 0.25002501 0.49943393 0.36735034 0.06948211 171.56 
0.16619179 0.42797261 0.45002501 -0.50056607 0.03401701 -0.24630736 46.34 
0.16619179 1.11762778 0.45002501 -0.44793449 0.25623923 0.49053474 -204.08 
0.16619179 0.25555881 0.45002501 -0.02688186 0.25623923 0.06948211 101.11 
0.16619179 1.08314502 0.45002501 0.02574972 0.36735034 -0.03578105 -149.19 
0.16619179 0.97969674 0.45002501 0.18364445 -0.0770941 0.01685053 66.85 
0.16619179 0.15211054 0.45002501 0.44680235 -0.29931632 -0.4042021 156.06 
0.16619179 0.49693812 0.45002501 0.49943393 0.25623923 -0.08841263 -105.86 
0.16619179 0.42797261 0.65002501 -0.02688186 -0.0770941 0.01685053 27.26 
0.16619179 0.42797261 0.65002501 0.34153919 0.14512812 0.01685053 66.66 
0.16619179 0.15211054 0.85002501 -0.39530291 -0.18820521 -0.4042021 89.19 
0.16619179 0.53142088 0.85002501 -0.29003976 -0.41042744 -0.08841263 -159.14 
0.16619179 0.91073123 0.85002501 -0.1847766 -0.0770941 0.17474527 216.79 
0.16619179 0.66935192 0.85002501 0.28890761 0.14512812 0.01685053 70.88 
0.16619179 0.73831743 0.85002501 0.34153919 -0.0770941 0.38527158 -189.96 
0.16619179 0.32452433 0.85002501 0.44680235 -0.52153855 0.43790316 -195.98 
0.18793092 0.84176571 -0.14997499 0.02574972 0.25623923 -0.14104421 -251.1 
0.18793092 1.11762778 -0.14997499 0.23627603 -0.29931632 0.01685053 53.31 
0.18793092 0.46245537 0.05002501 0.02574972 0.14512812 0.06948211 82.79 
0.18793092 0.53142088 0.05002501 0.18364445 0.03401701 -0.29893894 28.65 
0.18793092 0.84176571 0.05002501 0.18364445 0.36735034 0.33264 -256.59 
0.18793092 0.70383468 0.05002501 0.23627603 -0.29931632 0.38527158 -267.31 
0.18793092 0.29004157 0.25002501 -0.50056607 0.03401701 -0.24630736 -6.9 
0.18793092 0.73831743 0.25002501 -0.50056607 -0.41042744 -0.24630736 32.66 
0.18793092 0.1865933 0.25002501 -0.23740818 0.14512812 -0.35157052 55.97 
0.18793092 0.56590364 0.25002501 -0.13214502 -0.18820521 0.06948211 117.18 
0.18793092 0.66935192 0.25002501 0.39417077 -0.18820521 -0.29893894 104.0 
0.18793092 0.66935192 0.25002501 0.44680235 -0.41042744 -0.08841263 -124.79 
0.18793092 0.1865933 0.45002501 -0.29003976 -0.41042744 0.43790316 -326.46 
0.18793092 0.97969674 0.45002501 0.0783813 -0.52153855 0.22737685 115.12 
0.18793092 0.63486916 0.65002501 -0.23740818 0.25623923 -0.4042021 15.9 
0.18793092 1.08314502 0.65002501 -0.1847766 0.14512812 0.12211369 174.5 
0.18793092 0.84176571 0.65002501 -0.13214502 -0.52153855 0.43790316 -294.52 
0.18793092 1.08314502 0.65002501 -0.02688186 -0.18820521 0.17474527 200.7 
0.18793092 0.53142088 0.65002501 0.02574972 0.36735034 0.06948211 39.71 
0.18793092 0.77280019 0.65002501 0.13101287 0.36735034 -0.24630736 -128.96 
0.18793092 0.70383468 0.65002501 0.34153919 0.25623923 -0.29893894 40.81 
0.18793092 0.87624847 0.85002501 -0.39530291 0.25623923 0.43790316 -329.51 
0.18793092 1.11762778 0.85002501 -0.07951344 0.14512812 0.01685053 -19.1 
0.18793092 1.08314502 0.85002501 0.0783813 -0.0770941 0.12211369 204.34 
0.18793092 0.66935192 0.85002501 0.13101287 -0.0770941 -0.03578105 -94.48 
0.18793092 1.11762778 0.85002501 0.44680235 0.14512812 -0.08841263 -107.3 
0.20967005 0.73831743 -0.14997499 -0.44793449 0.14512812 0.49053474 -222.76 
0.20967005 0.15211054 -0.14997499 -0.39530291 0.25623923 -0.50946526 -180.61 
0.20967005 0.11762778 -0.14997499 -0.1847766 -0.52153855 0.33264 -236.51 
0.20967005 0.1865933 -0.14997499 -0.02688186 -0.52153855 -0.03578105 -163.32 
0.20967005 0.42797261 -0.14997499 0.02574972 0.03401701 -0.50946526 -209.98 
0.20967005 0.25555881 -0.14997499 0.23627603 0.14512812 0.06948211 94.66 
0.20967005 0.70383468 -0.14997499 0.49943393 -0.41042744 0.33264 -111.85 
0.20967005 0.94521399 0.05002501 -0.39530291 0.36735034 -0.50946526 -182.19 
0.20967005 0.80728295 0.05002501 0.02574972 0.03401701 -0.4042021 51.21 
0.20967005 0.49693812 0.05002501 0.44680235 -0.0770941 -0.50946526 -117.12 
0.20967005 0.53142088 0.25002501 0.02574972 -0.18820521 0.12211369 176.14 
0.20967005 0.39348985 0.25002501 0.02574972 -0.29931632 0.17474527 160.54 
0.20967005 0.25555881 0.25002501 0.23627603 -0.52153855 0.06948211 95.35 
0.20967005 0.22107606 0.25002501 0.44680235 -0.41042744 -0.08841263 -153.88 
0.20967005 1.08314502 0.45002501 -0.44793449 0.14512812 -0.14104421 -173.36 
0.20967005 0.42797261 0.45002501 -0.29003976 -0.18820521 0.01685053 21.92 
0.20967005 0.6003864 0.45002501 -0.23740818 0.25623923 -0.35157052 45.36 
0.20967005 0.87624847 0.45002501 0.34153919 0.14512812 0.49053474 -238.36 
0.20967005 0.97969674 0.65002501 -0.50056607 -0.52153855 0.17474527 258.37 
0.20967005 0.80728295 0.65002501 -0.02688186 -0.29931632 0.01685053 24.1 
0.20967005 0.11762778 0.65002501 0.13101287 -0.0770941 0.22737685 55.36 
0.20967005 1.08314502 0.65002501 0.18364445 0.36735034 -0.14104421 -255.32 
0.20967005 0.73831743 0.65002501 0.39417077 0.36735034 0.01685053 -7.47 
0.20967005 0.1865933 0.85002501 -0.50056607 -0.18820521 -0.14104421 -181.16 
0.20967005 0.11762778 0.85002501 -0.50056607 0.25623923 -0.35157052 66.8 
0.20967005 0.53142088 0.85002501 -0.02688186 -0.18820521 0.38527158 -302.57 
0.20967005 0.56590364 0.85002501 0.18364445 -0.52153855 -0.35157052 106.65 
0.20967005 1.04866226 0.85002501 0.28890761 0.47846145 -0.35157052 44.59 
0.20967005 0.84176571 0.85002501 0.34153919 0.25623923 -0.4042021 75.65 
0.20967005 0.46245537 0.85002501 0.34153919 -0.41042744 -0.4042021 125.64 
0.23140918 0.63486916 -0.14997499 -0.1847766 -0.0770941 -0.14104421 -162.29 
0.23140918 0.70383468 -0.14997499 -0.1847766 -0.0770941 -0.14104421 -169.91 
0.23140918 0.46245537 -0.14997499 0.18364445 -0.0770941 0.49053474 -245.5 
0.23140918 0.22107606 -0.14997499 0.18364445 0.03401701 0.33264 -195.93 
0.23140918 0.42797261 -0.14997499 0.49943393 0.47846145 -0.29893894 46.64 
0.23140918 0.87624847 0.05002501 -0.13214502 -0.41042744 0.38527158 -232.27 
0.23140918 0.32452433 0.25002501 -0.50056607 -0.41042744 -0.08841263 -95.21 
0.23140918 0.22107606 0.25002501 -0.23740818 0.14512812 0.12211369 196.36 
0.23140918 0.25555881 0.25002501 -0.23740818 0.25623923 0.06948211 116.37 
0.23140918 0.49693812 0.25002501 -0.1847766 0.25623923 0.33264 -216.85 
0.23140918 0.29004157 0.25002501 -0.13214502 -0.0770941 -0.35157052 101.02 
0.23140918 0.25555881 0.25002501 -0.07951344 0.25623923 0.01685053 -20.25 
0.23140918 0.77280019 0.25002501 0.39417077 0.47846145 -0.50946526 -177.98 
0.23140918 0.70383468 0.25002501 0.49943393 -0.41042744 0.33264 -57.4 
0.23140918 0.66935192 0.45002501 -0.13214502 -0.52153855 0.06948211 141.37 
0.23140918 0.56590364 0.45002501 -0.02688186 -0.41042744 0.33264 -179.03 
0.23140918 0.73831743 0.45002501 0.02574972 0.25623923 0.17474527 156.33 
0.23140918 0.91073123 0.45002501 0.13101287 -0.52153855 -0.08841263 -137.51 
0.23140918 0.46245537 0.45002501 0.18364445 -0.41042744 -0.35157052 129.3 
0.23140918 0.56590364 0.45002501 0.39417077 0.36735034 0.22737685 104.11 
0.23140918 0.91073123 0.65002501 -0.23740818 0.36735034 -0.19367579 -190.28 
0.23140918 0.77280019 0.65002501 -0.07951344 -0.0770941 0.38527158 -260.4 
0.23140918 0.66935192 0.65002501 0.28890761 -0.29931632 0.43790316 -237.11 
0.23140918 0.22107606 0.65002501 0.44680235 -0.29931632 0.17474527 276.68 
0.23140918 0.70383468 0.85002501 -0.44793449 -0.41042744 -0.35157052 157.83 
0.23140918 0.77280019 0.85002501 -0.1847766 0.47846145 0.22737685 4.85 
0.23140918 0.63486916 0.85002501 -0.07951344 -0.41042744 -0.35157052 121.41 
0.23140918 0.49693812 0.85002501 0.49943393 0.14512812 -0.24630736 70.69 
0.25314831 0.56590364 -0.14997499 -0.07951344 0.25623923 0.43790316 -267.42 
0.25314831 0.87624847 -0.14997499 -0.02688186 0.03401701 -0.08841263 -105.65 
0.25314831 0.35900709 -0.14997499 0.02574972 -0.52153855 0.01685053 67.72 
0.25314831 0.63486916 -0.14997499 0.23627603 -0.52153855 -0.19367579 -47.57 
0.25314831 0.29004157 -0.14997499 0.28890761 -0.29931632 0.38527158 -189.79 
0.25314831 0.80728295 -0.14997499 0.39417077 -0.52153855 0.43790316 -133.38 
0.25314831 0.42797261 0.05002501 0.02574972 0.47846145 -0.24630736 -62.34 
0.25314831 0.77280019 0.05002501 0.02574972 0.25623923 -0.19367579 -97.13 
0.25314831 0.84176571 0.25002501 0.0783813 -0.52153855 -0.4042021 197.91 
0.25314831 1.08314502 0.25002501 0.23627603 -0.18820521 0.49053474 -119.98 
0.25314831 0.70383468 0.45002501 -0.34267134 0.25623923 0.12211369 269.13 
0.25314831 0.46245537 0.45002501 -0.13214502 0.47846145 0.38527158 -300.31 
0.25314831 0.84176571 0.45002501 0.02574972 -0.52153855 -0.03578105 -4.92 
0.25314831 0.39348985 0.45002501 0.23627603 0.25623923 0.49053474 -207.27 
0.25314831 0.35900709 0.45002501 0.49943393 0.47846145 -0.45683368 66.12 
0.25314831 0.53142088 0.65002501 0.0783813 0.47846145 -0.50946526 -167.01 
0.25314831 0.80728295 0.65002501 0.23627603 -0.18820521 -0.03578105 34.56 
0.25314831 1.0141795 0.65002501 0.28890761 -0.18820521 -0.03578105 54.57 
0.25314831 0.25555881 0.85002501 -0.44793449 -0.29931632 -0.4042021 184.09 
0.25314831 0.11762778 0.85002501 -0.44793449 -0.0770941 0.49053474 -165.99 
0.25314831 1.0141795 0.85002501 0.13101287 0.47846145 0.49053474 -243.47 
0.25314831 0.35900709 0.85002501 0.18364445 -0.18820521 0.49053474 -172.83 
0.27488744 1.04866226 -0.14997499 -0.50056607 -0.18820521 0.12211369 501.44 
0.27488744 0.22107606 -0.14997499 -0.23740818 -0.0770941 -0.50946526 7.89 
0.27488744 0.97969674 -0.14997499 -0.1847766 0.25623923 -0.45683368 129.09 
0.27488744 0.87624847 -0.14997499 -0.07951344 0.14512812 0.01685053 181.52 
0.27488744 0.97969674 -0.14997499 0.23627603 -0.29931632 -0.29893894 280.88 
0.27488744 0.63486916 -0.14997499 0.28890761 0.25623923 0.38527158 -132.44 
0.27488744 0.77280019 0.05002501 0.13101287 -0.18820521 0.49053474 -60.84 
0.27488744 0.42797261 0.05002501 0.13101287 -0.18820521 0.38527158 -106.37 
0.27488744 0.35900709 0.05002501 0.18364445 0.25623923 -0.50946526 -32.8 
0.27488744 0.32452433 0.05002501 0.28890761 -0.29931632 0.01685053 214.34 
0.27488744 0.15211054 0.25002501 -0.34267134 -0.52153855 -0.19367579 40.31 
0.27488744 0.73831743 0.25002501 -0.23740818 0.14512812 0.06948211 313.42 
0.27488744 0.87624847 0.25002501 -0.13214502 0.47846145 -0.14104421 -105.89 
0.27488744 1.08314502 0.25002501 0.13101287 0.47846145 0.38527158 -194.8 
0.27488744 0.87624847 0.25002501 0.28890761 0.36735034 -0.19367579 -0.03 
0.27488744 0.25555881 0.25002501 0.34153919 -0.52153855 -0.08841263 1.4 
0.27488744 0.6003864 0.45002501 -0.02688186 0.36735034 -0.45683368 82.07 
0.27488744 0.91073123 0.45002501 0.28890761 -0.29931632 -0.4042021 318.3 
0.27488744 0.91073123 0.65002501 -0.07951344 0.36735034 0.17474527 281.07 
0.27488744 0.84176571 0.65002501 -0.02688186 -0.0770941 0.49053474 -78.55 
0.27488744 0.42797261 0.65002501 0.0783813 -0.41042744 0.06948211 302.7 
0.27488744 0.91073123 0.65002501 0.28890761 -0.41042744 0.33264 64.77 
0.27488744 0.70383468 0.85002501 -0.50056607 0.03401701 0.12211369 423.15 
0.27488744 0.15211054 0.85002501 -0.39530291 -0.18820521 -0.29893894 216.83 
0.27488744 0.32452433 0.85002501 -0.39530291 0.36735034 -0.35157052 222.95 
0.27488744 0.56590364 0.85002501 -0.29003976 0.36735034 0.06948211 234.36 
0.27488744 0.66935192 0.85002501 -0.23740818 0.25623923 -0.29893894 185.08 
0.27488744 0.22107606 0.85002501 -0.1847766 0.47846145 -0.19367579 -86.7 
0.27488744 0.15211054 0.85002501 0.02574972 0.25623923 0.38527158 -168.11 
0.27488744 0.29004157 0.85002501 0.18364445 0.14512812 -0.14104421 -34.12 
0.29662657 0.35900709 -0.14997499 -0.39530291 -0.29931632 -0.24630736 301.25 
0.29662657 0.87624847 -0.14997499 -0.23740818 0.03401701 0.22737685 414.43 
0.29662657 0.97969674 -0.14997499 -0.23740818 -0.41042744 0.17474527 533.14 
0.29662657 0.39348985 -0.14997499 -0.23740818 -0.29931632 -0.29893894 363.92 
0.29662657 0.49693812 -0.14997499 -0.02688186 0.36735034 0.06948211 342.31 
0.29662657 1.04866226 -0.14997499 -0.02688186 -0.52153855 -0.4042021 437.56 
0.29662657 0.91073123 -0.14997499 0.44680235 -0.29931632 -0.03578105 282.01 
0.29662657 0.11762778 0.05002501 0.13101287 -0.0770941 -0.03578105 164.81 
0.29662657 1.04866226 0.05002501 0.13101287 0.03401701 -0.50946526 144.67 
0.29662657 0.22107606 0.05002501 0.23627603 -0.18820521 0.01685053 309.17 
0.29662657 0.1865933 0.05002501 0.49943393 0.14512812 -0.08841263 161.59 
0.29662657 1.0141795 0.05002501 0.49943393 0.14512812 0.12211369 557.94 
0.29662657 0.42797261 0.25002501 -0.39530291 0.14512812 0.38527158 24.1 
0.29662657 0.91073123 0.25002501 -0.29003976 0.14512812 0.22737685 394.53 
0.29662657 0.32452433 0.25002501 -0.13214502 0.14512812 -0.50946526 93.61 
0.29662657 0.1865933 0.25002501 0.02574972 -0.18820521 0.06948211 408.62 
0.29662657 0.29004157 0.25002501 0.13101287 -0.52153855 0.33264 94.65 
0.29662657 0.25555881 0.25002501 0.23627603 -0.52153855 0.49053474 45.25 
0.29662657 0.35900709 0.25002501 0.39417077 0.03401701 -0.29893894 373.38 
0.29662657 0.22107606 0.25002501 0.39417077 -0.41042744 0.01685053 347.01 
0.29662657 1.11762778 0.45002501 -0.39530291 0.03401701 -0.4042021 416.41 
0.29662657 0.25555881 0.45002501 -0.34267134 -0.41042744 0.38527158 14.64 
0.29662657 0.22107606 0.45002501 -0.29003976 -0.52153855 0.28000843 236.56 
0.29662657 0.29004157 0.45002501 -0.29003976 -0.41042744 0.22737685 388.09 
0.29662657 1.08314502 0.45002501 -0.23740818 0.25623923 0.28000843 230.36 
0.29662657 0.15211054 0.45002501 -0.02688186 0.25623923 -0.29893894 270.66 
0.29662657 0.6003864 0.45002501 0.0783813 0.25623923 -0.14104421 54.97 
0.29662657 0.66935192 0.65002501 -0.50056607 -0.52153855 0.28000843 318.73 
0.29662657 0.29004157 0.65002501 -0.34267134 0.25623923 -0.24630736 222.65 
0.29662657 0.66935192 0.65002501 -0.29003976 0.47846145 0.28000843 166.47 
0.29662657 0.29004157 0.65002501 -0.23740818 -0.0770941 0.22737685 373.33 
0.29662657 0.35900709 0.65002501 -0.02688186 0.14512812 -0.35157052 341.01 
0.29662657 1.0141795 0.85002501 -0.29003976 0.25623923 0.38527158 -16.0 
0.29662657 0.77280019 0.85002501 -0.02688186 0.03401701 0.38527158 -10.8 
0.29662657 1.0141795 0.85002501 0.28890761 -0.29931632 0.06948211 509.06 
0.29662657 0.94521399 0.85002501 0.28890761 -0.52153855 0.43790316 79.91 
0.29662657 0.94521399 0.85002501 0.34153919 -0.52153855 -0.50946526 258.87 
0.29662657 0.97969674 0.85002501 0.44680235 -0.52153855 -0.45683368 430.39 
0.3183657 0.87624847 -0.14997499 -0.34267134 -0.41042744 -0.45683368 483.51 
0.3183657 0.56590364 -0.14997499 -0.1847766 0.25623923 0.28000843 346.72 
0.3183657 0.70383468 -0.14997499 -0.13214502 0.47846145 -0.50946526 179.01 
0.3183657 0.63486916 -0.14997499 0.28890761 0.03401701 -0.14104421 242.64 
0.3183657 0.35900709 0.05002501 -0.1847766 -0.0770941 -0.03578105 323.17 
0.3183657 0.15211054 0.05002501 -0.02688186 0.25623923 0.17474527 551.02 
0.3183657 0.46245537 0.05002501 0.02574972 0.14512812 -0.4042021 461.5 
0.3183657 0.56590364 0.05002501 0.23627603 0.25623923 0.12211369 594.26 
0.3183657 0.11762778 0.25002501 -0.39530291 -0.52153855 0.22737685 518.98 
0.3183657 0.32452433 0.25002501 -0.13214502 -0.41042744 -0.29893894 463.24 
0.3183657 0.87624847 0.45002501 -0.34267134 0.47846145 0.43790316 56.39 
0.3183657 0.35900709 0.45002501 -0.34267134 0.25623923 -0.24630736 357.97 
0.3183657 0.66935192 0.45002501 -0.1847766 -0.52153855 0.01685053 441.0 
0.3183657 0.53142088 0.45002501 0.18364445 -0.41042744 0.01685053 445.55 
0.3183657 0.80728295 0.45002501 0.23627603 -0.18820521 -0.29893894 511.36 
0.3183657 0.6003864 0.65002501 -0.50056607 0.03401701 0.43790316 166.62 
0.3183657 1.04866226 0.65002501 -0.50056607 0.25623923 -0.29893894 508.7 
0.3183657 0.6003864 0.65002501 -0.39530291 -0.41042744 -0.14104421 270.26 
0.3183657 0.87624847 0.65002501 -0.07951344 0.25623923 0.22737685 482.3 
0.3183657 0.49693812 0.65002501 -0.07951344 0.03401701 -0.24630736 350.06 
0.3183657 0.46245537 0.65002501 0.44680235 0.36735034 0.43790316 138.62 
0.3183657 0.97969674 0.85002501 -0.1847766 -0.41042744 -0.19367579 310.89 
0.3183657 0.97969674 0.85002501 -0.13214502 -0.0770941 -0.24630736 396.77 
0.3183657 0.77280019 0.85002501 -0.07951344 -0.29931632 -0.50946526 270.18 
0.3183657 0.22107606 0.85002501 -0.07951344 0.47846145 -0.08841263 123.77 
0.3183657 0.56590364 0.85002501 -0.02688186 0.03401701 0.06948211 541.17 
0.3183657 1.04866226 0.85002501 0.02574972 -0.52153855 0.17474527 642.88 
0.3183657 0.97969674 0.85002501 0.23627603 -0.41042744 0.12211369 680.85 
0.3183657 0.77280019 0.85002501 0.34153919 -0.0770941 0.22737685 592.13 
0.3183657 0.22107606 0.85002501 0.44680235 0.14512812 0.22737685 579.63 
0.34010484 1.04866226 -0.14997499 0.23627603 0.03401701 -0.29893894 630.66 
0.34010484 0.11762778 -0.14997499 0.28890761 0.14512812 0.43790316 233.06 
0.34010484 0.77280019 -0.14997499 0.39417077 -0.29931632 -0.08841263 446.62 
0.34010484 0.53142088 -0.14997499 0.44680235 0.25623923 -0.45683368 553.65 
0.34010484 0.42797261 0.05002501 -0.13214502 -0.41042744 -0.24630736 507.33 
0.34010484 0.66935192 0.05002501 0.0783813 -0.0770941 0.12211369 765.41 
0.34010484 0.32452433 0.05002501 0.0783813 0.25623923 0.17474527 692.34 
0.34010484 0.46245537 0.05002501 0.0783813 0.36735034 0.33264 300.01 
0.34010484 0.11762778 0.05002501 0.23627603 -0.18820521 -0.03578105 442.76 
0.34010484 1.08314502 0.25002501 -0.34267134 -0.0770941 0.17474527 810.92 
0.34010484 0.53142088 0.25002501 -0.02688186 0.36735034 0.06948211 608.15 
0.34010484 0.6003864 0.25002501 0.0783813 0.25623923 0.43790316 214.52 
0.34010484 0.97969674 0.25002501 0.34153919 0.03401701 -0.35157052 704.19 
0.34010484 1.11762778 0.25002501 0.39417077 0.36735034 -0.24630736 527.29 
0.34010484 0.97969674 0.45002501 -0.23740818 -0.0770941 -0.35157052 680.23 
0.34010484 0.35900709 0.45002501 -0.23740818 -0.0770941 -0.50946526 384.26 
0.34010484 0.53142088 0.45002501 0.0783813 -0.0770941 0.06948211 683.3 
0.34010484 1.08314502 0.45002501 0.23627603 -0.0770941 0.06948211 755.67 
0.34010484 0.53142088 0.45002501 0.28890761 -0.0770941 -0.08841263 413.64 
0.34010484 1.11762778 0.65002501 -0.29003976 0.03401701 -0.19367579 445.56 
0.34010484 0.32452433 0.65002501 0.18364445 -0.0770941 -0.35157052 652.49 
0.34010484 1.08314502 0.65002501 0.18364445 -0.41042744 -0.35157052 736.17 
0.34010484 0.73831743 0.65002501 0.28890761 0.25623923 0.06948211 694.82 
0.34010484 0.80728295 0.65002501 0.34153919 0.47846145 0.06948211 646.81 
0.34010484 0.1865933 0.65002501 0.44680235 -0.0770941 -0.24630736 578.63 
0.34010484 0.66935192 0.85002501 -0.23740818 -0.18820521 -0.4042021 634.61 
0.34010484 0.1865933 0.85002501 -0.1847766 0.14512812 -0.50946526 335.37 
0.34010484 0.66935192 0.85002501 -0.07951344 -0.52153855 0.33264 381.49 
0.34010484 0.39348985 0.85002501 0.49943393 0.47846145 -0.4042021 661.93 
0.36184397 1.0141795 -0.14997499 -0.39530291 -0.0770941 0.38527158 487.65 
0.36184397 0.97969674 -0.14997499 -0.23740818 0.03401701 -0.14104421 521.28 
0.36184397 0.84176571 -0.14997499 -0.13214502 -0.0770941 0.28000843 667.45 
0.36184397 0.91073123 -0.14997499 0.02574972 -0.0770941 0.43790316 395.57 
0.36184397 0.42797261 -0.14997499 0.23627603 -0.29931632 0.33264 517.65 
0.36184397 0.25555881 -0.14997499 0.44680235 -0.52153855 0.01685053 729.82 
0.36184397 0.73831743 0.05002501 -0.29003976 0.36735034 0.22737685 747.44 
0.36184397 0.32452433 0.05002501 0.02574972 -0.52153855 0.17474527 846.02 
0.36184397 0.53142088 0.05002501 0.23627603 -0.18820521 0.12211369 900.66 
0.36184397 0.25555881 0.25002501 -0.50056607 0.36735034 0.17474527 880.85 
0.36184397 0.25555881 0.25002501 -0.1847766 0.47846145 0.49053474 343.82 
0.36184397 0.6003864 0.25002501 -0.07951344 0.03401701 -0.14104421 478.51 
0.36184397 0.25555881 0.25002501 0.13101287 -0.41042744 0.01685053 680.49 
0.36184397 0.77280019 0.45002501 -0.34267134 -0.18820521 -0.08841263 556.89 
0.36184397 0.70383468 0.45002501 -0.29003976 0.14512812 -0.24630736 646.95 
0.36184397 0.15211054 0.45002501 0.23627603 -0.41042744 0.28000843 639.3 
0.36184397 0.66935192 0.45002501 0.44680235 -0.18820521 -0.50946526 630.39 
0.36184397 0.73831743 0.65002501 -0.23740818 0.14512812 0.12211369 873.56 
0.36184397 0.77280019 0.65002501 -0.23740818 -0.41042744 -0.35157052 827.83 
0.36184397 0.73831743 0.65002501 0.02574972 -0.0770941 0.28000843 653.77 
0.36184397 0.87624847 0.85002501 0.28890761 0.36735034 -0.24630736 629.85 
0.36184397 0.1865933 0.85002501 0.28890761 0.25623923 0.49053474 414.46 
0.36184397 0.91073123 0.85002501 0.44680235 0.25623923 -0.24630736 711.91 
0.36184397 0.73831743 0.85002501 0.44680235 0.14512812 0.17474527 956.16 
0.36184397 0.29004157 0.85002501 0.49943393 -0.18820521 0.06948211 925.08 
0.3835831 0.11762778 -0.14997499 -0.1847766 0.03401701 -0.14104421 596.48 
0.3835831 0.87624847 -0.14997499 -0.1847766 -0.52153855 0.06948211 982.36 
0.3835831 0.32452433 -0.14997499 -0.13214502 0.36735034 -0.4042021 808.54 
0.3835831 0.22107606 -0.14997499 0.39417077 0.03401701 0.33264 651.81 
0.3835831 0.39348985 0.05002501 -0.34267134 0.25623923 0.43790316 479.81 
0.3835831 0.87624847 0.05002501 -0.29003976 0.14512812 -0.29893894 877.4 
0.3835831 0.11762778 0.25002501 -0.34267134 0.25623923 0.49053474 509.35 
0.3835831 0.91073123 0.25002501 -0.29003976 0.25623923 -0.50946526 636.7 
0.3835831 0.49693812 0.25002501 0.44680235 -0.0770941 -0.45683368 846.96 
0.3835831 1.04866226 0.45002501 -0.34267134 0.47846145 -0.29893894 800.52 
0.3835831 0.91073123 0.45002501 -0.29003976 0.47846145 0.38527158 461.89 
0.3835831 0.91073123 0.45002501 0.39417077 0.47846145 0.01685053 783.39 
0.3835831 0.70383468 0.45002501 0.49943393 0.47846145 0.06948211 936.12 
0.3835831 0.49693812 0.65002501 -0.13214502 0.47846145 0.38527158 421.66 
0.3835831 0.49693812 0.65002501 -0.13214502 -0.29931632 0.12211369 1004.16 
0.3835831 0.66935192 0.65002501 -0.02688186 -0.0770941 -0.4042021 876.89 
0.3835831 0.29004157 0.65002501 0.0783813 0.03401701 -0.50946526 613.29 
0.3835831 1.11762778 0.85002501 -0.44793449 -0.18820521 -0.35157052 987.72 
0.3835831 0.22107606 0.85002501 -0.34267134 0.36735034 0.49053474 482.3 
0.3835831 0.22107606 0.85002501 -0.1847766 0.25623923 -0.08841263 554.16 
0.3835831 0.80728295 0.85002501 -0.13214502 0.25623923 0.43790316 446.54 
0.3835831 1.08314502 0.85002501 0.02574972 -0.41042744 0.28000843 818.34 
0.40532223 0.53142088 -0.14997499 -0.50056607 0.36735034 0.49053474 675.13 
0.40532223 0.32452433 -0.14997499 -0.44793449 0.14512812 0.28000843 899.69 
0.40532223 0.29004157 -0.14997499 -0.23740818 -0.41042744 0.28000843 860.83 
0.40532223 0.56590364 -0.14997499 0.0783813 -0.0770941 0.22737685 989.44 
0.40532223 0.97969674 -0.14997499 0.0783813 0.36735034 -0.03578105 739.44 
0.40532223 0.6003864 -0.14997499 0.13101287 -0.0770941 -0.45683368 880.4 
0.40532223 0.94521399 -0.14997499 0.18364445 0.25623923 -0.14104421 680.99 
0.40532223 0.15211054 -0.14997499 0.34153919 -0.29931632 0.17474527 1086.8 
0.40532223 0.77280019 -0.14997499 0.34153919 0.47846145 -0.03578105 738.52 
0.40532223 0.56590364 0.05002501 -0.44793449 0.03401701 0.49053474 696.52 
0.40532223 0.35900709 0.05002501 -0.07951344 -0.52153855 0.22737685 965.59 
0.40532223 0.56590364 0.05002501 -0.07951344 0.25623923 0.49053474 600.23 
0.40532223 0.53142088 0.05002501 0.13101287 -0.41042744 0.28000843 851.04 
0.40532223 0.84176571 0.25002501 -0.50056607 -0.18820521 0.49053474 757.05 
0.40532223 0.63486916 0.25002501 0.02574972 -0.52153855 -0.35157052 1018.85 
0.40532223 0.53142088 0.25002501 0.44680235 -0.0770941 -0.03578105 876.07 
0.40532223 0.35900709 0.45002501 0.34153919 0.03401701 -0.08841263 743.85 
0.40532223 0.53142088 0.45002501 0.39417077 0.25623923 0.22737685 1007.09 
0.40532223 0.97969674 0.65002501 -0.34267134 0.25623923 -0.19367579 746.7 
0.40532223 0.1865933 0.65002501 -0.13214502 -0.0770941 0.43790316 565.83 
0.40532223 1.04866226 0.65002501 0.23627603 -0.41042744 0.38527158 698.98 
0.40532223 0.32452433 0.85002501 -0.44793449 0.03401701 0.38527158 616.87 
0.40532223 1.11762778 0.85002501 -0.29003976 0.47846145 0.01685053 838.08 
0.40532223 0.56590364 0.85002501 -0.23740818 -0.41042744 0.33264 719.26 
0.40532223 0.11762778 0.85002501 -0.1847766 0.25623923 -0.14104421 635.74 
0.40532223 0.80728295 0.85002501 -0.13214502 -0.18820521 -0.24630736 867.86 
0.40532223 0.66935192 0.85002501 0.0783813 -0.29931632 -0.29893894 972.65 
0.40532223 0.35900709 0.85002501 0.28890761 -0.29931632 -0.14104421 742.96 
0.40532223 0.11762778 0.85002501 0.44680235 0.25623923 0.49053474 680.31 
0.40532223 0.97969674 0.85002501 0.49943393 -0.0770941 0.28000843 1005.02 
0.42706136 0.1865933 -0.14997499 -0.44793449 -0.18820521 0.17474527 1203.31 
0.42706136 0.77280019 -0.14997499 0.49943393 -0.29931632 0.38527158 799.61 
0.42706136 0.39348985 -0.14997499 0.49943393 -0.41042744 0.43790316 741.2 
0.42706136 0.39348985 0.05002501 -0.44793449 -0.52153855 0.17474527 1188.92 
0.42706136 0.6003864 0.05002501 -0.07951344 -0.0770941 0.01685053 993.16 
0.42706136 0.97969674 0.05002501 0.02574972 0.47846145 0.49053474 626.61 
0.42706136 0.32452433 0.05002501 0.23627603 -0.18820521 -0.03578105 866.28 
0.42706136 0.97969674 0.05002501 0.49943393 0.36735034 0.38527158 714.31 
0.42706136 0.1865933 0.25002501 -0.50056607 0.03401701 -0.45683368 983.76 
0.42706136 0.35900709 0.25002501 -0.13214502 0.14512812 -0.50946526 755.84 
0.42706136 0.84176571 0.25002501 -0.07951344 0.36735034 -0.4042021 981.07 
0.42706136 1.0141795 0.25002501 0.28890761 0.03401701 -0.50946526 847.68 
0.42706136 0.73831743 0.65002501 0.44680235 -0.41042744 0.49053474 837.75 
0.42706136 0.1865933 0.85002501 -0.1847766 -0.52153855 -0.24630736 877.39 
0.42706136 0.70383468 0.85002501 0.02574972 0.47846145 0.22737685 954.55 
0.42706136 0.46245537 0.85002501 0.39417077 -0.29931632 -0.4042021 1130.23 
0.44880049 0.56590364 -0.14997499 -0.44793449 -0.41042744 -0.14104421 879.15 
0.44880049 0.56590364 -0.14997499 -0.29003976 -0.41042744 -0.19367579 901.98 
0.44880049 0.97969674 -0.14997499 0.18364445 0.36735034 -0.03578105 851.85 
0.44880049 0.49693812 -0.14997499 0.18364445 0.03401701 0.28000843 947.85 
0.44880049 0.22107606 -0.14997499 0.28890761 -0.0770941 -0.45683368 970.61 
0.44880049 0.25555881 0.05002501 -0.02688186 -0.52153855 0.28000843 920.26 
0.44880049 0.25555881 0.25002501 -0.50056607 -0.52153855 0.43790316 758.07 
0.44880049 0.97969674 0.25002501 -0.39530291 -0.18820521 0.49053474 831.11 
0.44880049 0.66935192 0.25002501 -0.13214502 0.47846145 0.22737685 1003.42 
0.44880049 0.35900709 0.25002501 -0.02688186 0.14512812 -0.24630736 911.01 
0.44880049 0.32452433 0.25002501 0.0783813 -0.41042744 -0.4042021 1073.11 
0.44880049 0.91073123 0.25002501 0.0783813 -0.29931632 0.12211369 1238.62 
0.44880049 0.56590364 0.25002501 0.34153919 0.03401701 0.12211369 1226.12 
0.44880049 0.94521399 0.25002501 0.39417077 -0.41042744 0.33264 919.61 
0.44880049 0.49693812 0.45002501 -0.50056607 -0.0770941 -0.14104421 877.16 
0.44880049 0.73831743 0.45002501 -0.50056607 -0.0770941 0.43790316 776.71 
0.44880049 0.66935192 0.45002501 -0.39530291 -0.52153855 0.38527158 777.81 
0.44880049 0.22107606 0.45002501 -0.02688186 0.25623923 -0.50946526 777.24 
0.44880049 0.66935192 0.45002501 -0.02688186 0.25623923 -0.45683368 926.45 
0.44880049 0.87624847 0.45002501 0.02574972 0.14512812 0.17474527 1170.1 
0.44880049 0.56590364 0.45002501 0.34153919 -0.41042744 -0.03578105 945.96 
0.44880049 0.49693812 0.45002501 0.44680235 0.03401701 0.43790316 759.12 
0.44880049 0.15211054 0.45002501 0.44680235 -0.52153855 -0.50946526 893.66 
0.44880049 0.77280019 0.65002501 -0.44793449 -0.29931632 -0.08841263 888.31 
0.44880049 0.94521399 0.65002501 -0.34267134 -0.41042744 0.28000843 1019.64 
0.44880049 0.63486916 0.65002501 -0.23740818 -0.29931632 0.06948211 1143.19 
0.44880049 0.66935192 0.65002501 -0.1847766 0.14512812 -0.4042021 1047.89 
0.44880049 0.39348985 0.65002501 -0.1847766 -0.52153855 -0.35157052 1098.69 
0.44880049 0.35900709 0.65002501 0.23627603 -0.52153855 0.22737685 1096.38 
0.44880049 0.87624847 0.85002501 -0.39530291 -0.18820521 0.33264 856.12 
0.44880049 0.53142088 0.85002501 -0.34267134 0.25623923 0.38527158 678.71 
0.44880049 0.39348985 0.85002501 0.44680235 0.14512812 0.33264 883.04 
0.47053962 0.66935192 -0.14997499 -0.34267134 0.25623923 0.01685053 1016.41 
0.47053962 0.1865933 -0.14997499 -0.23740818 -0.29931632 0.49053474 743.15 
0.47053962 0.11762778 -0.14997499 -0.02688186 -0.41042744 0.17474527 1130.83 
0.47053962 0.84176571 -0.14997499 0.34153919 -0.29931632 -0.24630736 1016.85 
0.47053962 0.80728295 0.05002501 -0.13214502 -0.41042744 0.06948211 1153.86 
0.47053962 0.73831743 0.05002501 -0.13214502 -0.41042744 0.49053474 771.56 
0.47053962 1.04866226 0.05002501 -0.02688186 -0.0770941 0.22737685 1120.98 
0.47053962 0.94521399 0.05002501 0.39417077 -0.52153855 0.33264 908.72 
0.47053962 0.80728295 0.05002501 0.39417077 0.03401701 -0.14104421 858.43 
0.47053962 0.49693812 0.25002501 -0.02688186 0.25623923 -0.19367579 808.45 
0.47053962 0.70383468 0.25002501 0.13101287 -0.18820521 0.22737685 1106.13 
0.47053962 0.46245537 0.45002501 -0.23740818 0.36735034 0.28000843 886.71 
0.47053962 0.63486916 0.65002501 -0.29003976 0.36735034 -0.50946526 780.13 
0.47053962 0.80728295 0.65002501 -0.07951344 0.03401701 0.22737685 1085.97 
0.47053962 0.70383468 0.65002501 0.0783813 0.36735034 -0.24630736 892.36 
0.47053962 0.91073123 0.65002501 0.28890761 -0.41042744 -0.03578105 966.83 
0.47053962 0.29004157 0.85002501 -0.39530291 -0.29931632 0.22737685 1093.85 
0.47053962 0.80728295 0.85002501 -0.39530291 -0.52153855 -0.03578105 936.08 
0.47053962 0.70383468 0.85002501 -0.29003976 0.47846145 -0.50946526 760.01 
0.47053962 0.80728295 0.85002501 -0.23740818 0.36735034 0.12211369 1118.68 
0.47053962 0.1865933 0.85002501 -0.23740818 0.14512812 -0.19367579 813.73 
0.47053962 0.35900709 0.85002501 0.02574972 -0.29931632 -0.24630736 938.29 
0.49227875 0.46245537 -0.14997499 -0.34267134 0.25623923 0.33264 766.69 
0.49227875 0.6003864 -0.14997499 -0.34267134 0.25623923 -0.19367579 816.9 
0.49227875 0.11762778 -0.14997499 -0.29003976 -0.29931632 0.49053474 699.61 
0.49227875 0.66935192 -0.14997499 -0.13214502 -0.52153855 0.38527158 704.02 
0.49227875 1.08314502 -0.14997499 0.39417077 0.25623923 -0.14104421 798.47 
0.49227875 0.11762778 -0.14997499 0.44680235 -0.41042744 0.01685053 998.12 
0.49227875 0.63486916 0.05002501 -0.50056607 -0.41042744 -0.45683368 1045.14 
0.49227875 0.73831743 0.05002501 -0.50056607 0.47846145 -0.03578105 844.86 
0.49227875 0.84176571 0.05002501 -0.07951344 -0.52153855 0.28000843 943.75 
0.49227875 0.77280019 0.05002501 -0.07951344 0.36735034 0.38527158 621.58 
0.49227875 0.35900709 0.05002501 0.02574972 -0.41042744 0.38527158 671.46 
0.49227875 0.66935192 0.05002501 0.18364445 0.03401701 0.22737685 1066.18 
0.49227875 0.56590364 0.05002501 0.23627603 -0.18820521 0.28000843 939.94 
0.49227875 0.25555881 0.05002501 0.44680235 0.25623923 -0.08841263 787.46 
0.49227875 0.29004157 0.05002501 0.44680235 -0.29931632 0.33264 817.15 
0.49227875 1.0141795 0.05002501 0.44680235 -0.29931632 -0.14104421 879.88 
0.49227875 0.49693812 0.25002501 -0.50056607 0.47846145 -0.03578105 834.12 
0.49227875 1.08314502 0.25002501 -0.23740818 0.36735034 -0.08841263 743.69 
0.49227875 1.0141795 0.25002501 0.02574972 -0.52153855 0.01685053 1018.25 
0.49227875 0.1865933 0.25002501 0.18364445 0.14512812 -0.4042021 991.63 
0.49227875 0.63486916 0.25002501 0.23627603 -0.0770941 0.28000843 933.53 
0.49227875 0.66935192 0.45002501 -0.34267134 -0.18820521 0.22737685 1093.75 
0.49227875 0.42797261 0.45002501 -0.29003976 -0.41042744 0.49053474 714.27 
0.49227875 0.6003864 0.45002501 -0.02688186 -0.52153855 -0.35157052 1072.59 
0.49227875 1.11762778 0.45002501 0.39417077 0.25623923 -0.4042021 1077.08 
0.49227875 0.29004157 0.45002501 0.49943393 -0.41042744 0.22737685 1133.47 
0.49227875 1.08314502 0.65002501 -0.23740818 -0.0770941 -0.45683368 984.2 
0.49227875 0.35900709 0.65002501 -0.1847766 -0.41042744 -0.4042021 1028.37 
0.49227875 0.42797261 0.85002501 0.02574972 0.36735034 -0.24630736 838.84 
0.49227875 0.46245537 0.85002501 0.23627603 -0.52153855 -0.03578105 863.0 
0.49227875 0.49693812 0.85002501 0.28890761 -0.41042744 0.38527158 724.69 
0.51401788 0.94521399 -0.14997499 -0.39530291 -0.41042744 -0.50946526 852.09 
0.51401788 1.0141795 -0.14997499 -0.34267134 0.47846145 0.01685053 859.78 
0.51401788 0.15211054 -0.14997499 -0.29003976 0.36735034 -0.4042021 914.39 
0.51401788 0.77280019 -0.14997499 -0.02688186 -0.18820521 0.06948211 1048.42 
0.51401788 0.97969674 0.05002501 -0.23740818 0.36735034 0.22737685 947.16 
0.51401788 0.11762778 0.05002501 -0.07951344 -0.29931632 0.43790316 546.69 
0.51401788 0.94521399 0.25002501 -0.39530291 0.36735034 0.33264 704.93 
0.51401788 0.77280019 0.25002501 -0.13214502 -0.52153855 0.22737685 1008.59 
0.51401788 0.80728295 0.25002501 -0.07951344 -0.41042744 -0.08841263 733.6 
0.51401788 0.46245537 0.25002501 -0.07951344 -0.52153855 -0.19367579 739.94 
0.51401788 0.32452433 0.25002501 0.0783813 -0.52153855 -0.03578105 750.44 
0.51401788 0.22107606 0.45002501 -0.44793449 -0.41042744 0.17474527 1097.78 
0.51401788 0.56590364 0.45002501 -0.39530291 0.03401701 0.43790316 610.32 
0.51401788 0.39348985 0.45002501 -0.07951344 0.25623923 -0.29893894 875.25 
0.51401788 0.91073123 0.65002501 -0.13214502 -0.18820521 0.01685053 947.59 
0.51401788 0.46245537 0.85002501 -0.44793449 0.47846145 -0.4042021 899.08 
0.51401788 0.15211054 0.85002501 -0.02688186 -0.29931632 -0.08841263 673.61 
0.51401788 0.15211054 0.85002501 0.13101287 -0.52153855 -0.14104421 658.28 
0.51401788 0.32452433 0.85002501 0.23627603 0.25623923 0.33264 671.89 
0.53575701 0.32452433 -0.14997499 -0.34267134 -0.41042744 -0.14104421 619.22 
0.53575701 0.91073123 -0.14997499 -0.34267134 0.25623923 -0.03578105 705.95 
0.53575701 0.56590364 -0.14997499 0.28890761 0.25623923 -0.50946526 603.57 
0.53575701 0.53142088 0.05002501 -0.44793449 -0.52153855 0.33264 679.0 
0.53575701 0.84176571 0.05002501 -0.39530291 0.03401701 0.33264 674.67 
0.53575701 0.42797261 0.05002501 -0.34267134 -0.29931632 -0.14104421 626.24 
0.53575701 0.1865933 0.05002501 -0.1847766 -0.0770941 -0.35157052 873.56 
0.53575701 0.94521399 0.05002501 0.0783813 0.03401701 -0.50946526 638.0 
0.53575701 0.6003864 0.25002501 -0.07951344 -0.18820521 -0.24630736 755.7 
0.53575701 0.1865933 0.25002501 0.02574972 -0.0770941 -0.14104421 571.83 
0.53575701 0.63486916 0.25002501 0.23627603 0.47846145 0.06948211 853.06 
0.53575701 0.80728295 0.25002501 0.39417077 -0.29931632 0.22737685 973.85 
0.53575701 0.66935192 0.25002501 0.39417077 0.36735034 -0.35157052 881.84 
0.53575701 0.56590364 0.45002501 -0.50056607 -0.41042744 0.01685053 880.04 
0.53575701 0.70383468 0.45002501 -0.44793449 0.47846145 -0.24630736 712.76 
0.53575701 1.11762778 0.45002501 -0.29003976 0.14512812 0.12211369 1012.02 
0.53575701 0.25555881 0.45002501 -0.23740818 0.03401701 0.06948211 913.85 
0.53575701 0.56590364 0.45002501 0.18364445 0.14512812 0.06948211 925.47 
0.53575701 0.77280019 0.45002501 0.39417077 -0.18820521 0.43790316 567.35 
0.53575701 0.53142088 0.65002501 -0.50056607 0.47846145 -0.45683368 739.29 
0.53575701 1.11762778 0.65002501 -0.13214502 -0.52153855 0.17474527 1023.78 
0.53575701 0.91073123 0.65002501 0.0783813 -0.0770941 0.28000843 777.66 
0.53575701 0.73831743 0.85002501 -0.44793449 -0.41042744 -0.4042021 934.78 
0.53575701 0.84176571 0.85002501 -0.13214502 -0.0770941 0.28000843 757.26 
0.53575701 0.91073123 0.85002501 -0.07951344 -0.52153855 0.43790316 529.43 
0.55749614 0.53142088 -0.14997499 -0.50056607 -0.18820521 0.33264 581.11 
0.55749614 1.11762778 -0.14997499 0.13101287 -0.52153855 0.28000843 698.3 
0.55749614 0.80728295 -0.14997499 0.39417077 -0.0770941 -0.50946526 573.07 
0.55749614 0.87624847 0.05002501 -0.44793449 -0.18820521 -0.24630736 735.36 
0.55749614 0.87624847 0.05002501 -0.39530291 0.14512812 0.33264 550.81 
0.55749614 0.11762778 0.25002501 -0.29003976 -0.29931632 -0.24630736 617.52 
0.55749614 0.25555881 0.25002501 -0.13214502 0.03401701 0.38527158 367.11 
0.55749614 0.1865933 0.25002501 -0.02688186 -0.41042744 -0.45683368 633.35 
0.55749614 0.56590364 0.25002501 0.23627603 -0.52153855 -0.24630736 656.49 
0.55749614 0.63486916 0.25002501 0.28890761 0.25623923 -0.19367579 525.87 
0.55749614 0.42797261 0.25002501 0.49943393 -0.18820521 0.01685053 777.22 
0.55749614 0.91073123 0.45002501 -0.34267134 -0.18820521 0.01685053 757.21 
0.55749614 0.46245537 0.45002501 -0.13214502 -0.29931632 0.22737685 771.42 
0.55749614 1.0141795 0.65002501 -0.29003976 0.47846145 -0.45683368 588.0 
0.55749614 0.15211054 0.65002501 -0.1847766 0.47846145 0.12211369 759.9 
0.55749614 0.42797261 0.65002501 0.23627603 0.36735034 -0.08841263 446.39 
0.55749614 1.08314502 0.65002501 0.34153919 0.14512812 0.43790316 427.03 
0.55749614 0.94521399 0.85002501 -0.39530291 -0.18820521 0.38527158 458.35 
0.55749614 0.6003864 0.85002501 -0.02688186 0.36735034 -0.50946526 444.01 
0.57923527 0.70383468 -0.14997499 -0.23740818 0.14512812 0.28000843 500.06 
0.57923527 0.84176571 -0.14997499 -0.02688186 0.14512812 0.17474527 723.94 
0.57923527 0.15211054 -0.14997499 0.13101287 -0.41042744 0.12211369 708.05 
0.57923527 0.49693812 0.05002501 -0.50056607 -0.29931632 0.33264 444.72 
0.57923527 0.1865933 0.05002501 -0.44793449 0.25623923 0.33264 369.36 
0.57923527 0.49693812 0.05002501 -0.07951344 -0.41042744 -0.03578105 440.55 
0.57923527 0.15211054 0.05002501 -0.02688186 0.03401701 0.33264 317.79 
0.57923527 0.91073123 0.05002501 -0.02688186 -0.41042744 -0.19367579 454.36 
0.57923527 0.42797261 0.05002501 0.02574972 -0.52153855 -0.50946526 389.87 
0.57923527 0.15211054 0.05002501 0.13101287 -0.29931632 -0.24630736 473.02 
0.57923527 0.42797261 0.05002501 0.18364445 0.47846145 -0.45683368 444.07 
0.57923527 0.84176571 0.05002501 0.18364445 0.14512812 -0.35157052 643.18 
0.57923527 0.70383468 0.05002501 0.23627603 -0.41042744 -0.24630736 541.54 
0.57923527 0.87624847 0.05002501 0.23627603 -0.29931632 0.49053474 343.73 
0.57923527 0.66935192 0.05002501 0.34153919 0.14512812 0.28000843 522.86 
0.57923527 0.84176571 0.25002501 -0.39530291 -0.29931632 0.12211369 824.26 
0.57923527 0.63486916 0.25002501 -0.34267134 -0.41042744 -0.14104421 396.82 
0.57923527 0.29004157 0.25002501 -0.1847766 0.25623923 0.12211369 702.94 
0.57923527 0.29004157 0.25002501 -0.1847766 0.47846145 0.01685053 465.4 
0.57923527 1.0141795 0.25002501 -0.07951344 0.36735034 -0.4042021 567.19 
0.57923527 0.94521399 0.25002501 -0.07951344 -0.52153855 -0.19367579 437.21 
0.57923527 1.04866226 0.25002501 0.28890761 -0.29931632 -0.03578105 517.23 
0.57923527 1.04866226 0.25002501 0.39417077 0.14512812 0.49053474 343.41 
0.57923527 0.63486916 0.45002501 -0.1847766 -0.41042744 0.33264 390.96 
0.57923527 0.39348985 0.45002501 -0.07951344 0.03401701 -0.45683368 499.91 
0.57923527 0.49693812 0.45002501 0.39417077 0.47846145 0.43790316 214.38 
0.57923527 1.0141795 0.65002501 -0.50056607 0.14512812 0.33264 428.21 
0.57923527 0.42797261 0.65002501 -0.13214502 0.47846145 0.22737685 537.58 
0.57923527 0.63486916 0.65002501 0.0783813 -0.29931632 0.01685053 574.01 
0.57923527 0.11762778 0.65002501 0.0783813 0.14512812 0.33264 308.5 
0.57923527 0.35900709 0.65002501 0.34153919 0.36735034 0.33264 342.5 
0.57923527 0.39348985 0.65002501 0.34153919 0.03401701 -0.45683368 553.08 
0.57923527 0.73831743 0.85002501 -0.34267134 -0.29931632 0.38527158 310.43 
0.57923527 1.0141795 0.85002501 -0.02688186 0.47846145 -0.24630736 414.96 
0.57923527 0.35900709 0.85002501 0.28890761 0.25623923 -0.4042021 622.86 
0.6009744 0.15211054 -0.14997499 -0.39530291 -0.52153855 0.06948211 555.12 
0.6009744 0.63486916 -0.14997499 -0.1847766 0.03401701 0.06948211 554.55 
0.6009744 0.97969674 -0.14997499 -0.1847766 0.25623923 0.28000843 367.54 
0.6009744 0.87624847 -0.14997499 0.0783813 -0.52153855 0.38527158 187.16 
0.6009744 0.53142088 0.05002501 0.13101287 -0.18820521 -0.19367579 289.34 
0.6009744 0.63486916 0.05002501 0.18364445 -0.0770941 -0.35157052 533.63 
0.6009744 0.35900709 0.05002501 0.28890761 -0.52153855 0.43790316 136.81 
0.6009744 0.53142088 0.25002501 0.28890761 0.14512812 -0.19367579 286.25 
0.6009744 0.11762778 0.25002501 0.34153919 -0.0770941 -0.03578105 317.57 
0.6009744 0.15211054 0.45002501 -0.50056607 -0.29931632 0.38527158 180.37 
0.6009744 0.22107606 0.45002501 -0.39530291 -0.0770941 -0.4042021 501.83 
0.6009744 0.39348985 0.45002501 -0.34267134 -0.52153855 0.49053474 183.52 
0.6009744 0.70383468 0.65002501 -0.34267134 0.36735034 0.17474527 554.65 
0.6009744 0.73831743 0.65002501 -0.1847766 -0.0770941 -0.08841263 245.33 
0.6009744 0.32452433 0.65002501 -0.13214502 -0.41042744 -0.35157052 497.44 
0.6009744 0.22107606 0.85002501 -0.34267134 0.03401701 0.22737685 497.8 
0.6009744 1.0141795 0.85002501 0.02574972 0.47846145 -0.03578105 236.03 
0.6009744 0.6003864 0.85002501 0.23627603 -0.0770941 -0.08841263 281.8 
0.62271353 0.77280019 -0.14997499 0.23627603 0.25623923 -0.50946526 111.82 
0.62271353 0.35900709 0.05002501 -0.13214502 -0.41042744 0.38527158 8.81 
0.62271353 0.87624847 0.05002501 0.23627603 0.25623923 -0.14104421 98.69 
0.62271353 0.49693812 0.05002501 0.34153919 0.25623923 0.49053474 25.0 
0.62271353 0.42797261 0.05002501 0.34153919 -0.0770941 -0.50946526 154.62 
0.62271353 0.91073123 0.25002501 -0.07951344 -0.52153855 -0.50946526 187.06 
0.62271353 0.49693812 0.25002501 -0.07951344 -0.0770941 -0.45683368 258.88 
0.62271353 0.84176571 0.25002501 0.0783813 0.25623923 0.17474527 447.3 
0.62271353 0.66935192 0.25002501 0.13101287 -0.18820521 -0.29893894 358.8 
0.62271353 0.73831743 0.45002501 -0.1847766 -0.41042744 0.06948211 446.47 
0.62271353 0.35900709 0.45002501 0.02574972 -0.0770941 -0.24630736 229.3 
0.62271353 0.70383468 0.45002501 0.39417077 -0.52153855 -0.08841263 191.48 
0.62271353 1.04866226 0.65002501 -0.23740818 0.14512812 0.43790316 -7.46 
0.62271353 0.39348985 0.65002501 -0.13214502 0.25623923 0.17474527 416.97 
0.62271353 0.15211054 0.65002501 0.02574972 -0.52153855 0.43790316 -48.54 
0.62271353 0.91073123 0.85002501 0.0783813 0.14512812 -0.08841263 120.85 
0.62271353 1.08314502 0.85002501 0.49943393 -0.29931632 0.33264 295.77 
0.64445266 0.42797261 -0.14997499 -0.50056607 -0.52153855 -0.35157052 374.73 
0.64445266 0.84176571 0.05002501 -0.39530291 -0.29931632 0.01685053 291.15 
0.64445266 0.84176571 0.05002501 0.0783813 -0.18820521 0.33264 24.28 
0.64445266 0.63486916 0.25002501 -0.50056607 0.03401701 -0.19367579 128.88 
0.64445266 0.66935192 0.25002501 -0.39530291 -0.18820521 -0.19367579 113.25 
0.64445266 1.04866226 0.25002501 -0.07951344 -0.41042744 -0.08841263 51.66 
0.64445266 0.84176571 0.25002501 0.49943393 0.14512812 -0.29893894 313.06 
0.64445266 0.66935192 0.45002501 -0.34267134 0.36735034 -0.50946526 -9.42 
0.64445266 0.39348985 0.45002501 -0.29003976 0.25623923 0.22737685 240.24 
0.64445266 0.73831743 0.45002501 -0.29003976 -0.41042744 -0.03578105 125.1 
0.64445266 0.91073123 0.45002501 -0.07951344 0.14512812 -0.29893894 228.91 
0.64445266 0.1865933 0.65002501 0.02574972 0.14512812 -0.03578105 33.41 
0.64445266 0.6003864 0.65002501 0.28890761 -0.52153855 -0.4042021 323.78 
0.64445266 0.80728295 0.65002501 0.39417077 -0.29931632 -0.29893894 338.63 
0.64445266 0.97969674 0.85002501 -0.23740818 0.36735034 0.22737685 224.07 
0.64445266 0.46245537 0.85002501 -0.13214502 0.36735034 -0.14104421 -95.81 
0.64445266 0.77280019 0.85002501 0.13101287 0.03401701 -0.45683368 172.93 
0.64445266 1.04866226 0.85002501 0.39417077 0.03401701 0.06948211 420.83 
0.66619179 0.63486916 -0.14997499 -0.34267134 0.03401701 -0.03578105 33.6 
0.66619179 0.84176571 -0.14997499 0.23627603 -0.0770941 -0.08841263 -48.05 
0.66619179 0.32452433 0.05002501 -0.50056607 0.47846145 0.49053474 -170.5 
0.66619179 0.11762778 0.05002501 0.13101287 -0.0770941 0.33264 -107.01 
0.66619179 1.0141795 0.05002501 0.23627603 -0.41042744 -0.29893894 226.96 
0.66619179 0.87624847 0.05002501 0.34153919 0.47846145 0.17474527 239.36 
0.66619179 0.66935192 0.25002501 -0.50056607 0.14512812 -0.45683368 142.42 
0.66619179 0.84176571 0.25002501 -0.50056607 0.47846145 -0.4042021 176.81 
0.66619179 0.11762778 0.25002501 -0.39530291 -0.29931632 -0.19367579 -24.19 
0.66619179 1.04866226 0.25002501 -0.29003976 -0.29931632 0.38527158 -95.19 
0.66619179 0.39348985 0.25002501 -0.02688186 -0.52153855 -0.03578105 -31.7 
0.66619179 1.0141795 0.25002501 0.18364445 0.14512812 0.33264 -77.93 
0.66619179 0.80728295 0.45002501 0.02574972 0.03401701 -0.29893894 150.94 
0.66619179 0.49693812 0.45002501 0.02574972 -0.18820521 -0.14104421 -89.07 
0.66619179 1.0141795 0.45002501 0.13101287 -0.41042744 0.28000843 116.23 
0.66619179 0.35900709 0.45002501 0.34153919 0.36735034 -0.14104421 -133.52 
0.66619179 0.46245537 0.65002501 -0.50056607 0.25623923 -0.45683368 77.3 
0.66619179 0.80728295 0.65002501 0.0783813 0.25623923 0.12211369 274.85 
0.66619179 0.66935192 0.85002501 -0.44793449 0.25623923 -0.24630736 52.91 
0.66619179 0.29004157 0.85002501 -0.23740818 0.14512812 -0.24630736 11.74 
0.66619179 0.73831743 0.85002501 -0.23740818 -0.29931632 -0.03578105 16.19 
0.66619179 1.08314502 0.85002501 0.0783813 -0.18820521 0.01685053 178.07 
0.66619179 1.08314502 0.85002501 0.0783813 -0.18820521 -0.19367579 20.98 
0.68793092 0.94521399 -0.14997499 -0.07951344 0.36735034 -0.35157052 98.31 
0.68793092 0.56590364 0.05002501 -0.50056607 -0.41042744 -0.24630736 103.13 
0.68793092 0.87624847 0.05002501 -0.50056607 -0.18820521 0.22737685 263.05 
0.68793092 0.42797261 0.05002501 -0.23740818 0.36735034 0.28000843 -53.09 
0.68793092 0.35900709 0.05002501 -0.02688186 0.25623923 0.06948211 118.71 
0.68793092 0.32452433 0.05002501 0.34153919 0.14512812 -0.45683368 19.55 
0.68793092 0.1865933 0.05002501 0.49943393 -0.29931632 -0.14104421 -94.58 
0.68793092 0.56590364 0.25002501 -0.07951344 -0.0770941 0.06948211 179.86 
0.68793092 0.29004157 0.25002501 0.13101287 -0.41042744 -0.4042021 115.44 
0.68793092 0.84176571 0.25002501 0.13101287 -0.29931632 0.28000843 45.99 
0.68793092 0.15211054 0.25002501 0.23627603 -0.0770941 0.17474527 222.41 
0.68793092 0.11762778 0.45002501 -0.39530291 -0.18820521 0.12211369 261.17 
0.68793092 0.6003864 0.45002501 -0.02688186 0.03401701 -0.50946526 -134.21 
0.68793092 0.84176571 0.45002501 0.34153919 -0.0770941 0.38527158 -170.29 
0.68793092 0.46245537 0.65002501 -0.44793449 -0.41042744 -0.14104421 -109.31 
0.68793092 0.49693812 0.65002501 0.39417077 0.25623923 -0.19367579 -75.06 
0.68793092 0.80728295 0.85002501 -0.44793449 0.14512812 -0.19367579 -68.25 
0.68793092 0.66935192 0.85002501 -0.39530291 0.03401701 0.28000843 19.48 
0.68793092 0.91073123 0.85002501 -0.39530291 -0.41042744 -0.35157052 223.9 
0.68793092 0.87624847 0.85002501 -0.34267134 -0.41042744 -0.19367579 -46.0 
0.68793092 1.08314502 0.85002501 -0.07951344 -0.29931632 -0.19367579 -43.64 
0.68793092 0.6003864 0.85002501 -0.02688186 0.47846145 0.49053474 -303.02 
0.68793092 1.11762778 0.85002501 -0.02688186 0.36735034 -0.19367579 -144.47 
0.68793092 1.04866226 0.85002501 0.34153919 0.47846145 -0.14104421 -160.84 
0.70967005 0.91073123 -0.14997499 -0.1847766 -0.29931632 -0.29893894 133.46 
0.70967005 0.49693812 0.05002501 -0.50056607 -0.41042744 0.43790316 -188.39 
0.70967005 1.11762778 0.05002501 -0.34267134 -0.52153855 -0.50946526 -12.33 
0.70967005 1.08314502 0.05002501 0.13101287 -0.52153855 0.12211369 291.18 
0.70967005 0.46245537 0.05002501 0.18364445 0.14512812 -0.50946526 -166.2 
0.70967005 0.63486916 0.05002501 0.44680235 -0.41042744 0.49053474 -139.37 
0.70967005 1.08314502 0.25002501 -0.07951344 -0.41042744 0.38527158 -178.98 
0.70967005 0.63486916 0.25002501 0.02574972 0.25623923 -0.50946526 -179.22 
0.70967005 0.11762778 0.25002501 0.0783813 0.14512812 -0.24630736 -76.78 
0.70967005 0.15211054 0.25002501 0.39417077 0.03401701 -0.19367579 -97.44 
0.70967005 0.56590364 0.25002501 0.44680235 0.36735034 0.06948211 165.88 
0.70967005 0.70383468 0.45002501 -0.50056607 0.25623923 -0.4042021 137.25 
0.70967005 0.15211054 0.65002501 0.18364445 0.25623923 -0.29893894 23.31 
0.70967005 0.87624847 0.85002501 -0.50056607 -0.18820521 -0.08841263 -65.24 
0.70967005 1.11762778 0.85002501 -0.39530291 0.14512812 0.38527158 -221.54 
0.70967005 0.39348985 0.85002501 -0.23740818 -0.52153855 0.01685053 10.92 
0.70967005 0.39348985 0.85002501 -0.13214502 -0.29931632 -0.14104421 -184.56 
0.70967005 0.6003864 0.85002501 0.02574972 -0.41042744 -0.03578105 -70.79 
0.70967005 0.63486916 0.85002501 0.23627603 0.47846145 0.33264 -208.71 
0.73140918 0.70383468 -0.14997499 0.23627603 0.14512812 -0.08841263 -139.74 
0.73140918 1.11762778 -0.14997499 0.49943393 -0.18820521 0.43790316 -124.71 
0.73140918 0.73831743 0.05002501 -0.50056607 -0.52153855 -0.45683368 142.75 
0.73140918 0.73831743 0.05002501 -0.44793449 0.36735034 -0.03578105 -52.32 
0.73140918 0.42797261 0.05002501 -0.34267134 -0.41042744 -0.14104421 -124.12 
0.73140918 0.70383468 0.05002501 -0.23740818 0.47846145 0.06948211 101.56 
0.73140918 0.6003864 0.05002501 0.18364445 -0.52153855 0.49053474 -186.38 
0.73140918 0.1865933 0.05002501 0.23627603 -0.29931632 -0.24630736 -20.78 
0.73140918 0.1865933 0.05002501 0.34153919 -0.29931632 0.38527158 -237.72 
0.73140918 0.91073123 0.05002501 0.44680235 0.47846145 -0.14104421 -176.07 
0.73140918 0.32452433 0.25002501 -0.23740818 -0.41042744 0.12211369 233.17 
0.73140918 0.80728295 0.25002501 0.23627603 -0.52153855 0.17474527 278.47 
0.73140918 0.22107606 0.45002501 -0.44793449 -0.52153855 0.22737685 148.48 
0.73140918 0.39348985 0.45002501 -0.39530291 -0.29931632 -0.14104421 -119.63 
0.73140918 0.94521399 0.45002501 -0.39530291 -0.18820521 -0.29893894 178.4 
0.73140918 1.04866226 0.45002501 -0.1847766 -0.29931632 0.38527158 -170.19 
0.73140918 0.63486916 0.45002501 0.0783813 -0.0770941 -0.14104421 -135.97 
0.73140918 0.22107606 0.45002501 0.34153919 -0.29931632 0.28000843 17.69 
0.73140918 0.32452433 0.45002501 0.44680235 -0.18820521 0.01685053 130.98 
0.73140918 0.46245537 0.65002501 -0.50056607 0.14512812 -0.50946526 -95.92 
0.73140918 0.63486916 0.65002501 -0.39530291 0.47846145 -0.24630736 -65.02 
0.73140918 0.49693812 0.65002501 -0.1847766 -0.18820521 0.06948211 174.28 
0.73140918 0.11762778 0.65002501 -0.07951344 0.36735034 -0.24630736 -102.93 
0.73140918 0.80728295 0.65002501 0.18364445 0.03401701 0.22737685 167.18 
0.73140918 0.53142088 0.85002501 -0.50056607 0.47846145 -0.14104421 -210.39 
0.73140918 0.73831743 0.85002501 0.02574972 -0.0770941 0.17474527 235.25 
0.75314831 0.15211054 -0.14997499 -0.13214502 -0.0770941 -0.24630736 15.16 
0.75314831 0.63486916 -0.14997499 0.0783813 0.14512812 0.17474527 266.36 
0.75314831 1.11762778 0.05002501 -0.44793449 0.03401701 -0.14104421 11.85 
0.75314831 0.25555881 0.05002501 0.28890761 0.14512812 -0.19367579 -71.71 
0.75314831 0.53142088 0.05002501 0.44680235 -0.18820521 -0.4042021 239.58 
0.75314831 0.1865933 0.25002501 -0.1847766 0.25623923 0.12211369 230.37 
0.75314831 1.04866226 0.45002501 -0.50056607 -0.18820521 0.17474527 402.3 
0.75314831 0.77280019 0.45002501 -0.39530291 0.47846145 -0.19367579 -106.6 
0.75314831 1.08314502 0.45002501 -0.29003976 0.14512812 0.33264 -61.93 
0.75314831 0.73831743 0.45002501 0.02574972 -0.52153855 -0.14104421 -82.8 
0.75314831 0.56590364 0.45002501 0.28890761 0.14512812 0.38527158 -179.4 
0.75314831 0.32452433 0.45002501 0.44680235 -0.52153855 0.49053474 -94.16 
0.75314831 0.22107606 0.65002501 -0.34267134 -0.0770941 0.17474527 267.97 
0.75314831 0.29004157 0.65002501 -0.1847766 -0.18820521 -0.4042021 144.8 
0.75314831 0.42797261 0.65002501 0.02574972 0.14512812 0.06948211 192.4 
0.75314831 0.66935192 0.65002501 0.0783813 0.36735034 0.12211369 232.97 
0.75314831 0.70383468 0.65002501 0.39417077 0.03401701 -0.4042021 235.37 
0.75314831 0.11762778 0.85002501 0.0783813 -0.18820521 -0.50946526 -99.11 
0.75314831 0.56590364 0.85002501 0.23627603 -0.41042744 -0.45683368 120.97 
0.75314831 0.39348985 0.85002501 0.28890761 0.47846145 0.22737685 133.64 
0.75314831 0.29004157 0.85002501 0.28890761 0.36735034 -0.50946526 -100.35 
0.75314831 0.63486916 0.85002501 0.39417077 -0.0770941 -0.4042021 247.03 
0.75314831 0.77280019 0.85002501 0.44680235 0.03401701 -0.14104421 11.39 
0.75314831 0.1865933 0.85002501 0.49943393 0.25623923 -0.24630736 110.1 
0.77488744 0.84176571 -0.14997499 -0.50056607 -0.41042744 0.38527158 29.12 
0.77488744 0.35900709 -0.14997499 -0.1847766 0.14512812 -0.14104421 -55.15 
0.77488744 0.32452433 -0.14997499 0.18364445 0.14512812 0.06948211 267.55 
0.77488744 0.25555881 -0.14997499 0.18364445 0.14512812 0.12211369 329.93 
0.77488744 0.49693812 -0.14997499 0.23627603 0.25623923 0.33264 -44.31 
0.77488744 1.11762778 -0.14997499 0.34153919 0.36735034 -0.19367579 29.96 
0.77488744 0.15211054 0.05002501 -0.1847766 0.14512812 0.38527158 -161.22 
0.77488744 0.22107606 0.05002501 0.13101287 0.03401701 0.28000843 84.61 
0.77488744 0.70383468 0.05002501 0.13101287 -0.0770941 -0.14104421 -1.23 
0.77488744 0.87624847 0.25002501 -0.29003976 0.25623923 0.01685053 197.36 
0.77488744 0.97969674 0.25002501 0.02574972 -0.29931632 -0.45683368 211.57 
0.77488744 0.91073123 0.25002501 0.0783813 -0.18820521 0.49053474 -49.07 
0.77488744 0.29004157 0.25002501 0.0783813 0.25623923 -0.50946526 -51.91 
0.77488744 0.77280019 0.25002501 0.28890761 0.14512812 -0.50946526 32.54 
0.77488744 0.53142088 0.25002501 0.44680235 -0.52153855 0.12211369 448.75 
0.77488744 0.46245537 0.45002501 -0.34267134 -0.0770941 -0.29893894 237.55 
0.77488744 0.91073123 0.45002501 -0.34267134 0.36735034 -0.08841263 -28.04 
0.77488744 0.53142088 0.45002501 -0.29003976 0.25623923 -0.19367579 3.58 
0.77488744 1.08314502 0.45002501 -0.1847766 0.36735034 0.28000843 91.81 
0.77488744 0.35900709 0.45002501 0.23627603 0.03401701 -0.19367579 29.59 
0.77488744 0.35900709 0.65002501 -0.50056607 0.14512812 0.01685053 218.09 
0.77488744 0.63486916 0.65002501 -0.23740818 -0.29931632 -0.24630736 146.01 
0.77488744 0.84176571 0.65002501 -0.23740818 -0.41042744 -0.19367579 73.4 
0.77488744 1.11762778 0.65002501 -0.07951344 0.14512812 -0.19367579 46.02 
0.77488744 0.63486916 0.65002501 0.13101287 0.03401701 -0.08841263 4.83 
0.77488744 0.53142088 0.65002501 0.18364445 0.03401701 -0.19367579 41.51 
0.77488744 0.87624847 0.65002501 0.18364445 0.36735034 0.28000843 99.88 
0.77488744 0.97969674 0.65002501 0.39417077 0.03401701 -0.19367579 119.8 
0.77488744 0.53142088 0.85002501 -0.44793449 -0.29931632 -0.35157052 314.76 
0.77488744 0.1865933 0.85002501 -0.39530291 -0.29931632 0.33264 -25.33 
0.77488744 0.70383468 0.85002501 -0.34267134 0.25623923 0.06948211 294.34 
0.77488744 0.1865933 0.85002501 -0.23740818 0.36735034 -0.14104421 -113.45 
0.77488744 0.22107606 0.85002501 0.44680235 0.25623923 -0.29893894 256.64 
0.77488744 0.22107606 0.85002501 0.49943393 0.03401701 0.38527158 -31.35 
0.79662657 1.08314502 -0.14997499 -0.44793449 0.14512812 -0.4042021 439.75 
0.79662657 1.08314502 -0.14997499 -0.13214502 -0.52153855 -0.50946526 219.79 
0.79662657 0.6003864 -0.14997499 0.23627603 -0.52153855 -0.19367579 159.72 
0.79662657 0.32452433 0.05002501 -0.44793449 0.03401701 0.06948211 446.54 
0.79662657 0.46245537 0.05002501 0.0783813 0.03401701 0.28000843 210.11 
0.79662657 0.39348985 0.25002501 -0.44793449 0.14512812 0.33264 116.09 
0.79662657 0.32452433 0.25002501 0.28890761 0.03401701 0.43790316 -30.09 
0.79662657 0.97969674 0.45002501 0.0783813 -0.41042744 -0.29893894 394.12 
0.79662657 0.42797261 0.45002501 0.18364445 0.36735034 0.49053474 -34.06 
0.79662657 0.56590364 0.45002501 0.34153919 -0.0770941 -0.29893894 375.93 
0.79662657 0.91073123 0.65002501 -0.02688186 -0.29931632 -0.14104421 133.2 
0.79662657 0.29004157 0.65002501 0.0783813 0.14512812 -0.08841263 59.06 
0.79662657 0.11762778 0.65002501 0.0783813 0.36735034 -0.29893894 239.28 
0.79662657 0.94521399 0.65002501 0.28890761 -0.29931632 -0.4042021 451.85 
0.79662657 1.04866226 0.85002501 -0.44793449 0.36735034 0.33264 101.84 
0.79662657 1.11762778 0.85002501 -0.39530291 0.03401701 0.22737685 424.81 
0.79662657 0.6003864 0.85002501 0.28890761 0.25623923 0.38527158 -0.41 
0.79662657 0.39348985 0.85002501 0.44680235 0.03401701 0.22737685 448.06 
0.79662657 1.04866226 0.85002501 0.49943393 -0.18820521 -0.03578105 356.52 
0.8183657 0.46245537 -0.14997499 -0.44793449 0.47846145 -0.4042021 460.97 
0.8183657 0.97969674 -0.14997499 -0.23740818 0.36735034 0.28000843 342.32 
0.8183657 0.6003864 -0.14997499 -0.23740818 -0.0770941 -0.50946526 255.86 
0.8183657 0.15211054 -0.14997499 -0.1847766 -0.0770941 -0.35157052 466.67 
0.8183657 0.97969674 0.05002501 -0.29003976 -0.0770941 -0.03578105 382.02 
0.8183657 0.70383468 0.05002501 -0.02688186 -0.0770941 0.06948211 559.93 
0.8183657 0.39348985 0.05002501 0.0783813 -0.52153855 0.49053474 151.66 
0.8183657 1.11762778 0.05002501 0.44680235 0.47846145 -0.50946526 261.12 
0.8183657 0.39348985 0.25002501 -0.50056607 0.36735034 -0.4042021 480.63 
0.8183657 0.66935192 0.25002501 -0.34267134 -0.29931632 0.06948211 595.66 
0.8183657 0.42797261 0.25002501 -0.23740818 0.03401701 0.06948211 530.84 
0.8183657 0.35900709 0.25002501 0.49943393 0.36735034 -0.50946526 250.1 
0.8183657 1.04866226 0.45002501 -0.50056607 0.36735034 -0.50946526 280.81 
0.8183657 0.66935192 0.45002501 -0.29003976 0.14512812 0.17474527 596.21 
0.8183657 0.70383468 0.45002501 -0.1847766 -0.0770941 -0.08841263 249.66 
0.8183657 0.35900709 0.65002501 -0.50056607 -0.29931632 0.33264 258.68 
0.8183657 0.87624847 0.65002501 -0.50056607 -0.0770941 -0.19367579 352.32 
0.8183657 0.46245537 0.65002501 0.13101287 0.25623923 0.01685053 383.83 
0.8183657 0.25555881 0.65002501 0.18364445 0.47846145 -0.45683368 301.08 
0.8183657 0.84176571 0.65002501 0.18364445 -0.29931632 -0.03578105 365.68 
0.8183657 0.94521399 0.65002501 0.23627603 0.36735034 -0.35157052 482.03 
0.8183657 1.08314502 0.65002501 0.44680235 0.25623923 -0.29893894 538.05 
0.8183657 0.80728295 0.85002501 -0.34267134 0.36735034 -0.50946526 201.09 
0.8183657 0.53142088 0.85002501 -0.34267134 0.25623923 -0.35157052 463.46 
0.8183657 1.0141795 0.85002501 -0.29003976 0.25623923 0.43790316 82.83 
0.8183657 0.1865933 0.85002501 -0.07951344 -0.29931632 0.06948211 506.64 
0.8183657 0.46245537 0.85002501 0.18364445 -0.18820521 -0.24630736 383.56 
0.8183657 0.25555881 0.85002501 0.28890761 -0.18820521 0.22737685 520.09 
0.8183657 0.53142088 0.85002501 0.49943393 0.03401701 0.12211369 714.25 
