Minimal lambda 2.431300790032677
Cost for size: 0.01 is equal 218743.33384364922
Theta is equal: [[ 565.36016653]
 [-193.72579408]
 [   0.        ]
 [   0.        ]
 [-582.28591638]
 [  -1.88378921]
 [-560.31969439]
 [ -58.45967609]
 [   0.        ]
 [   0.        ]
 [   0.        ]
 [-211.96366461]
 [   0.        ]
 [   0.        ]
 [   0.        ]
 [   0.        ]
 [ 108.60098614]
 [   0.        ]
 [   0.        ]
 [   0.        ]
 [   0.        ]
 [   0.        ]
 [   0.        ]
 [   0.        ]
 [-415.13305631]
 [   0.        ]
 [   0.        ]
 [   0.        ]
 [  -4.25931908]
 [-139.48271167]
 [   0.        ]
 [   0.        ]
 [   0.        ]
 [   0.        ]
 [   0.        ]
 [ -40.38875678]
 [   0.        ]
 [   0.        ]
 [   0.        ]
 [   0.        ]
 [ 203.25122505]
 [   0.        ]
 [ -20.4992649 ]
 [   0.        ]
 [   0.        ]
 [   0.        ]
 [   0.        ]
 [   0.        ]
 [   0.        ]]
Cost for size: 0.02 is equal 247963.28506876723
Theta is equal: [[ 9.05019503e+02]
 [ 0.00000000e+00]
 [-3.44455679e+02]
 [-2.61893187e+02]
 [-2.63238078e+01]
 [ 4.54455231e+01]
 [-1.91054644e+02]
 [ 0.00000000e+00]
 [-6.66843410e+02]
 [ 0.00000000e+00]
 [ 7.13276412e+00]
 [-1.08177791e+03]
 [-1.14503921e+03]
 [ 1.78930910e+01]
 [-7.63821721e+00]
 [ 0.00000000e+00]
 [ 0.00000000e+00]
 [-2.89245976e+02]
 [ 0.00000000e+00]
 [-3.79914275e+02]
 [ 0.00000000e+00]
 [-1.88862362e+01]
 [ 2.06368988e+00]
 [-1.61325148e+01]
 [ 1.06630664e+02]
 [-9.91635781e+01]
 [ 6.68858499e+02]
 [-4.44007888e+02]
 [-6.26232521e-01]
 [-1.45564717e+01]
 [ 0.00000000e+00]
 [-1.57718561e+01]
 [ 0.00000000e+00]
 [ 0.00000000e+00]
 [ 0.00000000e+00]
 [ 2.28818602e+02]
 [-5.03498214e+02]
 [-4.66593220e+02]
 [ 4.13943468e+02]
 [ 0.00000000e+00]
 [ 0.00000000e+00]
 [ 0.00000000e+00]
 [-1.33950049e+02]
 [ 3.66757007e+01]
 [ 0.00000000e+00]
 [-2.49094015e+01]
 [ 0.00000000e+00]
 [ 0.00000000e+00]
 [ 2.95719184e+02]]
Cost for size: 0.03 is equal 217494.4190345932
Theta is equal: [[ 8.71507790e+02]
 [-5.41916301e+02]
 [ 0.00000000e+00]
 [-3.47084441e+02]
 [ 0.00000000e+00]
 [ 3.97739086e+02]
 [ 0.00000000e+00]
 [-7.11423613e-01]
 [-3.24351355e+02]
 [ 6.68687167e+01]
 [ 4.58958417e+02]
 [ 0.00000000e+00]
 [ 0.00000000e+00]
 [ 1.01907892e+02]
 [ 0.00000000e+00]
 [ 3.18818606e+01]
 [ 0.00000000e+00]
 [-1.17550797e+02]
 [-5.65924456e+02]
 [-9.66997621e+02]
 [ 3.86946890e+01]
 [-5.77100031e+01]
 [ 6.41275512e+01]
 [-3.13583517e+01]
 [ 0.00000000e+00]
 [ 0.00000000e+00]
 [ 4.49823270e+02]
 [-4.45780141e+02]
 [ 0.00000000e+00]
 [ 0.00000000e+00]
 [ 0.00000000e+00]
 [ 0.00000000e+00]
 [ 5.72498441e+02]
 [ 2.42961515e+02]
 [ 0.00000000e+00]
 [ 6.15173956e+02]
 [ 0.00000000e+00]
 [-9.29940976e+02]
 [ 2.15808787e+02]
 [ 2.96375535e-01]
 [-3.63211587e+02]
 [-5.81983957e+02]
 [ 0.00000000e+00]
 [ 5.92652304e+02]
 [ 1.26110266e+02]
 [-2.44349910e+02]
 [ 0.00000000e+00]
 [-2.19641535e+01]
 [ 0.00000000e+00]]
Cost for size: 0.075 is equal 158570.5362180764
Theta is equal: [[ 5.35775870e+02]
 [ 0.00000000e+00]
 [ 2.72199909e+02]
 [ 0.00000000e+00]
 [-2.71256224e+02]
 [-1.49029543e+02]
 [ 0.00000000e+00]
 [-2.59748576e+02]
 [ 1.88847341e+01]
 [ 0.00000000e+00]
 [ 0.00000000e+00]
 [ 0.00000000e+00]
 [ 0.00000000e+00]
 [ 4.67572741e+01]
 [ 1.03045597e+02]
 [ 0.00000000e+00]
 [-1.66554552e+02]
 [-3.01155614e+02]
 [ 0.00000000e+00]
 [ 0.00000000e+00]
 [ 0.00000000e+00]
 [ 0.00000000e+00]
 [ 0.00000000e+00]
 [ 0.00000000e+00]
 [ 4.91619823e+01]
 [ 0.00000000e+00]
 [ 1.20203302e+02]
 [-1.31248976e+02]
 [-4.81313631e+01]
 [ 0.00000000e+00]
 [ 0.00000000e+00]
 [ 0.00000000e+00]
 [-8.22151903e+01]
 [-3.49679811e+02]
 [ 1.80874855e+02]
 [-4.81768460e+01]
 [ 0.00000000e+00]
 [ 0.00000000e+00]
 [ 7.76463908e+01]
 [-1.10301863e+01]
 [ 0.00000000e+00]
 [-3.83138705e+02]
 [ 0.00000000e+00]
 [ 1.01417691e+01]
 [ 3.88885875e-02]
 [ 0.00000000e+00]
 [ 2.56346180e+01]
 [-4.42961915e+00]
 [-6.20798223e+02]]
Cost for size: 0.125 is equal 148499.40916574624
Theta is equal: [[ 5.04846663e+02]
 [-1.24127675e+02]
 [ 2.16054964e+02]
 [ 6.54179508e+01]
 [-2.49200856e+01]
 [ 0.00000000e+00]
 [-1.21800807e+02]
 [-2.70505654e+02]
 [ 8.06546037e+01]
 [ 1.53289774e+02]
 [ 9.13671849e+01]
 [ 0.00000000e+00]
 [ 0.00000000e+00]
 [ 0.00000000e+00]
 [ 2.39769801e+01]
 [ 0.00000000e+00]
 [-8.09449387e+01]
 [-2.85153354e+02]
 [-2.16748432e+02]
 [ 0.00000000e+00]
 [ 0.00000000e+00]
 [ 1.96423081e+02]
 [ 1.18247374e+01]
 [-2.85656468e+02]
 [ 0.00000000e+00]
 [ 6.87379786e+01]
 [ 0.00000000e+00]
 [ 0.00000000e+00]
 [ 0.00000000e+00]
 [ 0.00000000e+00]
 [-3.74625027e+01]
 [ 2.77096471e+01]
 [ 0.00000000e+00]
 [-1.97304562e+01]
 [ 9.35354431e+01]
 [ 0.00000000e+00]
 [ 0.00000000e+00]
 [ 0.00000000e+00]
 [ 0.00000000e+00]
 [ 0.00000000e+00]
 [ 0.00000000e+00]
 [-9.64144670e+01]
 [-6.02563950e+00]
 [ 0.00000000e+00]
 [ 0.00000000e+00]
 [ 0.00000000e+00]
 [ 8.74643519e+00]
 [-3.52398118e-02]
 [-3.46842218e+02]]
Cost for size: 0.25 is equal 140276.6785281053
Theta is equal: [[ 5.42199578e+02]
 [-2.38049952e+02]
 [ 1.12978914e+02]
 [ 5.20232592e+01]
 [ 1.25802471e+00]
 [ 0.00000000e+00]
 [-1.11094792e+02]
 [-1.56311912e+02]
 [ 0.00000000e+00]
 [ 1.15229955e+02]
 [ 1.58348112e+01]
 [ 0.00000000e+00]
 [-1.18607722e+02]
 [ 0.00000000e+00]
 [ 2.37401889e+00]
 [ 5.19964348e+01]
 [ 0.00000000e+00]
 [-2.90705289e+02]
 [-1.90259994e+02]
 [ 0.00000000e+00]
 [-5.43467967e+01]
 [ 1.23653804e+02]
 [ 1.02007051e+00]
 [-1.75385994e+02]
 [ 0.00000000e+00]
 [ 0.00000000e+00]
 [ 0.00000000e+00]
 [ 0.00000000e+00]
 [ 1.21730973e+01]
 [ 0.00000000e+00]
 [-1.80646408e+01]
 [ 0.00000000e+00]
 [ 4.06998022e+01]
 [ 0.00000000e+00]
 [-1.49580186e+02]
 [ 0.00000000e+00]
 [-2.10776216e+01]
 [ 0.00000000e+00]
 [ 0.00000000e+00]
 [ 0.00000000e+00]
 [-1.10162405e+01]
 [-1.20207665e+02]
 [-3.97698769e-01]
 [ 0.00000000e+00]
 [-4.97053114e-01]
 [ 0.00000000e+00]
 [-9.21618810e+00]
 [-5.91978862e-01]
 [-3.61074198e+02]]
Cost for size: 0.5 is equal 136555.04148473393
Theta is equal: [[ 5.03869021e+02]
 [-1.00138404e+02]
 [ 1.37115839e+02]
 [ 5.06158074e+01]
 [-1.42803668e+01]
 [ 0.00000000e+00]
 [-1.05086370e+02]
 [-1.83733632e+02]
 [ 0.00000000e+00]
 [ 0.00000000e+00]
 [ 0.00000000e+00]
 [ 0.00000000e+00]
 [-1.23700219e+02]
 [ 0.00000000e+00]
 [ 5.03725899e+01]
 [ 0.00000000e+00]
 [ 0.00000000e+00]
 [-2.38752137e+02]
 [-8.76679350e+01]
 [ 0.00000000e+00]
 [-3.20620181e-01]
 [ 1.28220995e+02]
 [ 0.00000000e+00]
 [-1.71396386e+02]
 [ 0.00000000e+00]
 [ 0.00000000e+00]
 [-2.82859271e+01]
 [ 0.00000000e+00]
 [-3.01060756e+00]
 [ 0.00000000e+00]
 [-3.92430441e+00]
 [ 0.00000000e+00]
 [ 0.00000000e+00]
 [ 0.00000000e+00]
 [ 0.00000000e+00]
 [ 0.00000000e+00]
 [-1.09688986e+01]
 [ 0.00000000e+00]
 [-6.97303067e-01]
 [ 0.00000000e+00]
 [-1.79318651e+01]
 [ 0.00000000e+00]
 [-1.21249049e+01]
 [ 0.00000000e+00]
 [ 0.00000000e+00]
 [ 0.00000000e+00]
 [ 0.00000000e+00]
 [ 0.00000000e+00]
 [-5.82446325e+02]]
Cost for size: 0.625 is equal 134990.25171109344
Theta is equal: [[ 5.38303128e+02]
 [-1.87387872e+02]
 [ 9.55177017e+01]
 [ 4.76265466e+00]
 [-3.31942649e+01]
 [ 0.00000000e+00]
 [-1.29992894e+02]
 [-1.07892570e+02]
 [ 0.00000000e+00]
 [ 0.00000000e+00]
 [ 0.00000000e+00]
 [ 0.00000000e+00]
 [-1.14185829e+02]
 [ 0.00000000e+00]
 [ 3.99319793e+01]
 [ 0.00000000e+00]
 [ 0.00000000e+00]
 [-1.80361605e+02]
 [-6.53642313e+01]
 [ 0.00000000e+00]
 [-8.15064849e+00]
 [ 5.07901693e+01]
 [ 0.00000000e+00]
 [-6.98044069e+01]
 [ 0.00000000e+00]
 [ 0.00000000e+00]
 [-3.06070484e+01]
 [ 0.00000000e+00]
 [-1.24713545e-01]
 [ 0.00000000e+00]
 [-3.05964016e+00]
 [ 0.00000000e+00]
 [ 5.03215756e+01]
 [ 0.00000000e+00]
 [ 0.00000000e+00]
 [ 0.00000000e+00]
 [-1.52278663e+01]
 [ 0.00000000e+00]
 [ 0.00000000e+00]
 [ 0.00000000e+00]
 [ 0.00000000e+00]
 [ 0.00000000e+00]
 [ 0.00000000e+00]
 [ 0.00000000e+00]
 [-9.57348220e-01]
 [ 0.00000000e+00]
 [ 0.00000000e+00]
 [ 0.00000000e+00]
 [-5.04836197e+02]]
Cost for size: 0.75 is equal 134328.43043002218
Theta is equal: [[ 5.35497475e+02]
 [-1.99376962e+02]
 [ 8.11819843e+01]
 [ 0.00000000e+00]
 [-6.31860244e+01]
 [ 0.00000000e+00]
 [-5.04369703e+01]
 [-8.85625715e+01]
 [ 0.00000000e+00]
 [ 0.00000000e+00]
 [ 0.00000000e+00]
 [ 0.00000000e+00]
 [-7.16360624e+01]
 [ 0.00000000e+00]
 [ 3.37654132e+01]
 [ 0.00000000e+00]
 [ 0.00000000e+00]
 [-1.24042894e+02]
 [ 0.00000000e+00]
 [-1.64006527e+01]
 [-9.39723168e+01]
 [ 3.16398158e+01]
 [ 0.00000000e+00]
 [-4.23971628e+01]
 [ 0.00000000e+00]
 [ 0.00000000e+00]
 [-4.92799219e+01]
 [ 0.00000000e+00]
 [-1.13359399e+01]
 [ 0.00000000e+00]
 [ 0.00000000e+00]
 [ 0.00000000e+00]
 [ 4.28981072e+01]
 [ 0.00000000e+00]
 [-4.36534452e+01]
 [ 0.00000000e+00]
 [-1.60646765e+00]
 [ 0.00000000e+00]
 [-2.75927017e+00]
 [ 0.00000000e+00]
 [ 0.00000000e+00]
 [ 0.00000000e+00]
 [-7.45264745e-02]
 [ 0.00000000e+00]
 [-3.45569604e-01]
 [ 0.00000000e+00]
 [-8.47827742e-02]
 [ 0.00000000e+00]
 [-5.86510395e+02]]
Cost for size: 0.875 is equal 134088.41637152378
Theta is equal: [[ 5.57719930e+02]
 [-2.25033001e+02]
 [ 6.85939052e+01]
 [ 0.00000000e+00]
 [-3.41842462e+01]
 [-2.68163751e+01]
 [-6.69784806e+01]
 [-7.77532223e+01]
 [ 0.00000000e+00]
 [ 0.00000000e+00]
 [-9.29133442e+00]
 [ 0.00000000e+00]
 [ 0.00000000e+00]
 [ 0.00000000e+00]
 [ 3.07108318e+01]
 [ 0.00000000e+00]
 [ 0.00000000e+00]
 [-1.35655665e+02]
 [ 0.00000000e+00]
 [ 0.00000000e+00]
 [-6.45708357e+01]
 [ 0.00000000e+00]
 [-3.99384596e-12]
 [-4.96669503e-01]
 [ 0.00000000e+00]
 [ 0.00000000e+00]
 [-3.38086820e+01]
 [ 0.00000000e+00]
 [-8.97189252e+00]
 [ 0.00000000e+00]
 [ 0.00000000e+00]
 [ 0.00000000e+00]
 [ 1.07377853e+01]
 [ 0.00000000e+00]
 [ 0.00000000e+00]
 [-8.40501286e+00]
 [ 0.00000000e+00]
 [ 0.00000000e+00]
 [-1.98039008e-01]
 [ 0.00000000e+00]
 [ 0.00000000e+00]
 [ 0.00000000e+00]
 [-6.04185181e-01]
 [ 0.00000000e+00]
 [-3.83907281e+00]
 [ 0.00000000e+00]
 [ 0.00000000e+00]
 [ 0.00000000e+00]
 [-5.25844930e+02]]
Cost for size: 1 is equal 132804.00155258764
Theta is equal: [[ 5.41480441e+02]
 [-2.32396600e+02]
 [ 5.41866195e+01]
 [ 0.00000000e+00]
 [-3.03087636e+00]
 [-3.52205600e+01]
 [-6.52406876e+01]
 [-6.30266741e+01]
 [ 0.00000000e+00]
 [ 0.00000000e+00]
 [-3.09831442e+01]
 [ 0.00000000e+00]
 [ 0.00000000e+00]
 [ 0.00000000e+00]
 [ 2.90851786e+01]
 [ 0.00000000e+00]
 [ 0.00000000e+00]
 [-9.68523485e+01]
 [ 0.00000000e+00]
 [ 0.00000000e+00]
 [-8.77538670e+01]
 [ 0.00000000e+00]
 [ 0.00000000e+00]
 [-1.08809456e+00]
 [ 0.00000000e+00]
 [ 0.00000000e+00]
 [ 0.00000000e+00]
 [ 0.00000000e+00]
 [ 0.00000000e+00]
 [ 0.00000000e+00]
 [ 0.00000000e+00]
 [ 0.00000000e+00]
 [ 1.38906356e+02]
 [ 0.00000000e+00]
 [ 0.00000000e+00]
 [-8.64205792e+00]
 [ 0.00000000e+00]
 [ 0.00000000e+00]
 [ 0.00000000e+00]
 [ 0.00000000e+00]
 [ 0.00000000e+00]
 [ 0.00000000e+00]
 [-1.64929610e-02]
 [ 0.00000000e+00]
 [-2.35403851e+00]
 [ 0.00000000e+00]
 [ 0.00000000e+00]
 [ 0.00000000e+00]
 [-5.06128210e+02]]

Minimal lambda 1.164975905257686
Cost for size: 0.01 is equal 205990.46431369017
Theta is equal: [[  488.47879214]
 [  -13.05808771]
 [    0.        ]
 [  210.01950587]
 [    0.        ]
 [    0.        ]
 [    0.        ]
 [ -213.32567615]
 [ -339.12578716]
 [    0.        ]
 [    0.        ]
 [  174.58912492]
 [    0.        ]
 [    0.        ]
 [   60.17020661]
 [    0.        ]
 [    0.        ]
 [    0.        ]
 [    0.        ]
 [  -37.00948561]
 [   83.14051398]
 [  147.45234669]
 [    0.        ]
 [    0.        ]
 [ -324.02817468]
 [  635.81208838]
 [    0.        ]
 [ -680.56765961]
 [    0.        ]
 [   61.57238278]
 [    0.        ]
 [  522.58855081]
 [    0.        ]
 [-1069.44243826]
 [    0.        ]
 [   38.94309068]
 [    0.        ]
 [    0.        ]
 [   77.06407371]
 [ -116.02975347]
 [    0.        ]
 [  977.32764408]
 [    0.        ]
 [    0.        ]
 [   99.67574087]
 [ -567.58199364]
 [    0.        ]
 [  482.63834587]
 [    0.        ]]
Cost for size: 0.02 is equal 558474.9017000367
Theta is equal: [[  124.49614774]
 [ -236.94317844]
 [   -8.26037832]
 [  154.51886434]
 [   99.22103577]
 [  341.51157618]
 [  931.4111802 ]
 [-1256.36438975]
 [-1002.61782585]
 [ 1792.19257701]
 [    0.        ]
 [  786.80514831]
 [ -854.83588285]
 [  799.07590922]
 [ -182.86359215]
 [    0.        ]
 [  697.0336896 ]
 [    0.        ]
 [    0.        ]
 [-1245.55074383]
 [    0.        ]
 [    0.        ]
 [    0.        ]
 [  126.92108419]
 [  481.70340596]
 [    0.        ]
 [    0.        ]
 [ -734.15274794]
 [    0.        ]
 [  527.39857593]
 [    0.        ]
 [  127.44334056]
 [   -8.01473873]
 [ -622.25413482]
 [  348.21166028]
 [   12.65448424]
 [ -137.79293552]
 [  -13.56386936]
 [  229.64697851]
 [ -321.68197294]
 [  832.10782227]
 [ -744.92505839]
 [  741.57846946]
 [    0.        ]
 [    0.        ]
 [-1070.9146795 ]
 [    8.36903671]
 [ -327.60780447]
 [  -20.64674754]]
Cost for size: 0.03 is equal 408292.12628479855
Theta is equal: [[-1.31668399e+01]
 [ 5.47617939e+02]
 [ 0.00000000e+00]
 [ 0.00000000e+00]
 [-1.00344782e+02]
 [ 5.74745944e+02]
 [ 1.70994388e+03]
 [-7.58879274e+02]
 [-1.47355860e+03]
 [ 7.53271591e+01]
 [-3.03760231e+02]
 [ 5.87160037e+02]
 [ 0.00000000e+00]
 [ 7.04072603e+02]
 [ 0.00000000e+00]
 [ 2.17277049e+02]
 [ 4.46326075e+02]
 [ 3.02604930e+02]
 [ 0.00000000e+00]
 [-1.25030227e+03]
 [-4.75430077e+01]
 [ 0.00000000e+00]
 [-1.88354562e+02]
 [ 1.00548330e+03]
 [ 2.08389806e+02]
 [ 0.00000000e+00]
 [-1.09442629e+03]
 [-4.84495760e-01]
 [-1.10766282e+03]
 [ 9.69663312e+02]
 [ 0.00000000e+00]
 [ 1.43063479e+03]
 [-7.62868172e+01]
 [ 0.00000000e+00]
 [ 0.00000000e+00]
 [ 0.00000000e+00]
 [ 0.00000000e+00]
 [-9.26734395e+01]
 [-3.79273370e+02]
 [ 0.00000000e+00]
 [ 6.06174824e+02]
 [-1.06787622e+02]
 [ 6.56252824e+02]
 [ 0.00000000e+00]
 [-3.46978148e+02]
 [-3.54899580e+02]
 [-5.00298839e+02]
 [-2.08128223e+02]
 [-1.51238557e+03]]
Cost for size: 0.075 is equal 163469.26488227185
Theta is equal: [[ 6.40768751e+02]
 [ 0.00000000e+00]
 [ 0.00000000e+00]
 [ 0.00000000e+00]
 [ 0.00000000e+00]
 [ 0.00000000e+00]
 [ 6.25679151e+02]
 [-4.25047496e+02]
 [-1.94571233e+02]
 [ 8.65690282e-01]
 [ 0.00000000e+00]
 [-2.61560337e+00]
 [-1.36759639e-01]
 [ 5.76044193e+02]
 [ 0.00000000e+00]
 [ 3.06327556e+01]
 [ 2.98812845e+01]
 [ 2.43005899e+02]
 [ 2.12243729e+01]
 [-3.30848344e+01]
 [-1.48570994e+02]
 [-1.06672795e+02]
 [ 0.00000000e+00]
 [ 2.84993278e+02]
 [ 0.00000000e+00]
 [ 1.27749373e+00]
 [ 0.00000000e+00]
 [-2.34337326e+02]
 [ 0.00000000e+00]
 [-2.89869354e+02]
 [ 1.02932065e+02]
 [ 3.33001887e+02]
 [ 2.75067299e+02]
 [-4.74003621e+02]
 [-7.38246867e+01]
 [ 0.00000000e+00]
 [-1.90525899e+02]
 [ 0.00000000e+00]
 [ 0.00000000e+00]
 [-1.10655827e+00]
 [ 0.00000000e+00]
 [-8.37222656e+00]
 [ 2.96549514e+02]
 [ 0.00000000e+00]
 [-2.02086759e+02]
 [-1.99869913e+02]
 [-8.98834696e+01]
 [-1.42127426e+02]
 [-7.71612302e+02]]
Cost for size: 0.125 is equal 151126.58695345183
Theta is equal: [[ 6.65918092e+02]
 [ 0.00000000e+00]
 [ 0.00000000e+00]
 [ 0.00000000e+00]
 [ 0.00000000e+00]
 [ 0.00000000e+00]
 [ 7.66923944e+02]
 [-4.51818347e+02]
 [-1.99950694e+02]
 [ 6.18227449e+01]
 [-2.04152209e+00]
 [ 4.72760115e+01]
 [-4.16771793e+00]
 [ 2.74238822e+02]
 [ 0.00000000e+00]
 [ 4.78124040e+01]
 [-1.11970218e+00]
 [ 1.93131674e+02]
 [ 0.00000000e+00]
 [ 3.20635029e+01]
 [-5.04908934e+01]
 [ 0.00000000e+00]
 [-1.57571839e+01]
 [ 2.22849134e+01]
 [ 0.00000000e+00]
 [ 4.98115977e+01]
 [-1.65366979e+01]
 [-5.73222009e+01]
 [ 0.00000000e+00]
 [ 3.76546592e+00]
 [ 0.00000000e+00]
 [ 5.03746863e+01]
 [ 2.32968215e+02]
 [-2.01677226e+02]
 [-2.30811120e+02]
 [ 0.00000000e+00]
 [-1.79604577e+02]
 [ 1.42389360e+01]
 [-1.78803240e+01]
 [-3.95506475e-01]
 [-3.34357997e+02]
 [ 1.48263239e+02]
 [ 4.10466231e+02]
 [ 0.00000000e+00]
 [-2.02271449e+02]
 [-1.63706860e+02]
 [-1.04254916e+02]
 [ 2.23372572e+01]
 [-1.12407342e+03]]
Cost for size: 0.25 is equal 140094.2210794104
Theta is equal: [[ 560.08205506]
 [ -21.54380985]
 [ 317.1699011 ]
 [ -26.48539797]
 [ -99.61469421]
 [ 197.54432377]
 [  87.4674362 ]
 [-353.55759099]
 [-156.14388943]
 [   0.        ]
 [ 124.32433899]
 [  14.80993488]
 [   0.        ]
 [ 299.94558355]
 [  60.83223439]
 [   0.        ]
 [-136.55544799]
 [  40.53517556]
 [-251.34717318]
 [  73.0953129 ]
 [  -3.06710044]
 [   0.        ]
 [   0.        ]
 [ 113.9694079 ]
 [ -32.43686465]
 [ -83.20102793]
 [ -29.86047875]
 [ -19.88379905]
 [ -25.83583682]
 [   0.        ]
 [ -23.76147248]
 [ -10.54332975]
 [ 412.7758136 ]
 [ -99.88124263]
 [-189.71582121]
 [  81.52465384]
 [-251.90558802]
 [   0.        ]
 [ -20.72370603]
 [ -13.48879593]
 [-358.82705675]
 [   0.        ]
 [ 411.64518434]
 [   0.        ]
 [-317.14751871]
 [ -94.72355131]
 [ -14.19948431]
 [   0.        ]
 [-499.37710989]]
Cost for size: 0.5 is equal 133486.43424496643
Theta is equal: [[ 5.44122221e+02]
 [ 0.00000000e+00]
 [ 2.34222730e+02]
 [ 0.00000000e+00]
 [ 0.00000000e+00]
 [ 7.48835183e+01]
 [ 1.07313771e+02]
 [-1.62171161e+02]
 [-3.13154749e+02]
 [ 0.00000000e+00]
 [ 0.00000000e+00]
 [ 0.00000000e+00]
 [-4.67174164e+01]
 [ 1.28023980e+02]
 [ 1.09564388e+02]
 [ 0.00000000e+00]
 [-1.15159355e+02]
 [ 0.00000000e+00]
 [-1.74964709e+02]
 [ 0.00000000e+00]
 [ 0.00000000e+00]
 [ 0.00000000e+00]
 [ 2.98317953e+01]
 [ 0.00000000e+00]
 [ 0.00000000e+00]
 [-1.10915896e+02]
 [ 0.00000000e+00]
 [ 0.00000000e+00]
 [ 0.00000000e+00]
 [ 0.00000000e+00]
 [-1.42562376e+01]
 [-3.87418299e-01]
 [ 2.21431140e+02]
 [ 0.00000000e+00]
 [-2.63534564e+01]
 [ 9.49685882e+01]
 [-4.97832389e+01]
 [ 0.00000000e+00]
 [ 0.00000000e+00]
 [-7.67327290e+01]
 [-2.10928412e+02]
 [ 0.00000000e+00]
 [ 2.42589679e+02]
 [ 0.00000000e+00]
 [-1.12482754e+02]
 [-1.58484368e+01]
 [-1.23388774e+02]
 [ 0.00000000e+00]
 [-4.29783520e+02]]
Cost for size: 0.625 is equal 129744.61631847327
Theta is equal: [[ 561.71381349]
 [   0.        ]
 [ 166.66730153]
 [   0.        ]
 [   0.        ]
 [  21.09968024]
 [ 162.77544343]
 [-138.12442727]
 [-271.87722557]
 [   0.        ]
 [   0.        ]
 [ -74.18174227]
 [ -47.30841367]
 [ 175.63018774]
 [  78.79706888]
 [   0.        ]
 [ -87.0896996 ]
 [  -7.64602714]
 [ -89.10342814]
 [   0.        ]
 [   0.        ]
 [   0.        ]
 [   4.08365539]
 [  -5.08331098]
 [ -45.36760142]
 [  -0.84890741]
 [   0.        ]
 [   0.        ]
 [   0.        ]
 [   0.        ]
 [ -24.44658045]
 [   0.        ]
 [ 109.51157479]
 [   0.        ]
 [   0.        ]
 [  34.88464262]
 [ -34.27662811]
 [   0.        ]
 [   0.        ]
 [   0.        ]
 [ -92.51579943]
 [  -1.03457347]
 [ 188.29840693]
 [   0.        ]
 [ -35.08834068]
 [   0.        ]
 [ -54.59264763]
 [ -29.77024436]
 [-538.95129084]]
Cost for size: 0.75 is equal 129686.16494560443
Theta is equal: [[ 588.34312729]
 [   0.        ]
 [  62.89576792]
 [   0.        ]
 [   0.        ]
 [  18.9082407 ]
 [ 182.14711669]
 [ -97.93929391]
 [-254.81933202]
 [ -13.23565004]
 [   0.        ]
 [ -68.1315052 ]
 [ -36.60922734]
 [  93.19132161]
 [  61.47361765]
 [   0.        ]
 [ -31.03926052]
 [   0.        ]
 [ -17.72014748]
 [   0.        ]
 [   0.        ]
 [   0.        ]
 [   0.        ]
 [   0.        ]
 [ -27.34145794]
 [ -41.24562151]
 [   0.        ]
 [   0.        ]
 [   0.        ]
 [ -12.9313487 ]
 [ -26.67254949]
 [  -5.53720079]
 [  67.05852677]
 [   0.        ]
 [   0.        ]
 [   2.03158421]
 [ -78.6735255 ]
 [   0.        ]
 [   0.        ]
 [   0.        ]
 [ -59.36078755]
 [   0.        ]
 [ 207.10219981]
 [   0.        ]
 [   0.        ]
 [   0.        ]
 [ -11.63584186]
 [   0.        ]
 [-597.09717396]]
Cost for size: 0.875 is equal 129326.10507629554
Theta is equal: [[ 595.77929617]
 [ -14.26626956]
 [  20.52279446]
 [   0.        ]
 [   0.        ]
 [  38.68071924]
 [ 164.23570692]
 [-167.43022636]
 [-164.16185297]
 [ -12.02007818]
 [   0.        ]
 [ -35.39852633]
 [ -12.93679974]
 [ 128.42814295]
 [  27.05107302]
 [  -1.48247857]
 [   0.        ]
 [   0.        ]
 [   0.        ]
 [   0.        ]
 [   0.        ]
 [   0.        ]
 [   0.        ]
 [   0.        ]
 [  -5.48019448]
 [ -63.50699488]
 [   0.        ]
 [   0.        ]
 [   0.        ]
 [ -51.30202777]
 [   0.        ]
 [  -3.41931988]
 [  70.81790239]
 [   0.        ]
 [   0.        ]
 [  25.24340519]
 [-127.81595648]
 [   0.        ]
 [   0.        ]
 [   0.        ]
 [ -51.04024405]
 [   0.        ]
 [ 172.22665293]
 [   0.        ]
 [   0.        ]
 [   0.        ]
 [ -38.74964473]
 [   0.        ]
 [-530.99770429]]
Cost for size: 1 is equal 129189.1042355365
Theta is equal: [[ 570.39227166]
 [  -2.04261203]
 [  27.93005811]
 [   0.        ]
 [   0.        ]
 [  50.27531545]
 [ 187.44947435]
 [-197.08840822]
 [-144.08250139]
 [  -3.46904725]
 [ -24.55502658]
 [ -37.1874555 ]
 [  -4.66750858]
 [  76.05209265]
 [  37.4049056 ]
 [  -0.94587735]
 [   0.        ]
 [   0.        ]
 [ -11.75293844]
 [   0.        ]
 [   0.        ]
 [   0.        ]
 [   0.        ]
 [   0.        ]
 [ -18.50575401]
 [  -9.08570047]
 [   0.        ]
 [   0.        ]
 [   0.        ]
 [ -43.79440794]
 [  -9.35867096]
 [   0.        ]
 [  76.46495038]
 [   0.        ]
 [   0.        ]
 [  24.86801035]
 [ -60.38111521]
 [   0.        ]
 [   0.        ]
 [   0.        ]
 [-104.88224571]
 [   0.        ]
 [ 201.75066306]
 [   0.        ]
 [   0.        ]
 [   0.        ]
 [ -75.34121391]
 [   0.        ]
 [-525.05922455]]

Minimal lambda 19.534699685273086
Cost for size: 0.01 is equal 423122.0858066849
Theta is equal: [[   0.        ]
 [   0.        ]
 [   0.        ]
 [   0.        ]
 [   0.        ]
 [   0.        ]
 [   0.        ]
 [   0.        ]
 [ -81.83484499]
 [   0.        ]
 [ -11.24820055]
 [   0.        ]
 [   0.        ]
 [   0.        ]
 [  50.55613558]
 [   0.        ]
 [   7.79268791]
 [ -38.68422964]
 [-134.15512982]
 [   0.        ]
 [   0.        ]
 [   0.        ]
 [  -1.22200554]
 [ -35.20935223]
 [ 205.87158344]
 [   0.        ]
 [   0.        ]
 [ -83.49989512]
 [   0.        ]
 [   0.        ]
 [   0.        ]
 [   0.        ]
 [   0.        ]
 [   0.        ]
 [   0.        ]
 [   0.        ]
 [   0.        ]
 [ -36.73669213]
 [   0.        ]
 [   0.        ]
 [   0.        ]
 [ -21.71060513]
 [   0.        ]
 [   0.        ]
 [   0.        ]
 [ -32.8633015 ]
 [   0.        ]
 [ -12.29162225]
 [   0.        ]]
Cost for size: 0.02 is equal 312288.78822598566
Theta is equal: [[ 0.00000000e+00]
 [ 0.00000000e+00]
 [ 0.00000000e+00]
 [ 0.00000000e+00]
 [ 0.00000000e+00]
 [ 0.00000000e+00]
 [-1.89647426e+01]
 [ 0.00000000e+00]
 [-2.74242979e+01]
 [ 0.00000000e+00]
 [-9.26672037e+01]
 [ 1.33972536e+01]
 [ 0.00000000e+00]
 [ 0.00000000e+00]
 [ 0.00000000e+00]
 [ 0.00000000e+00]
 [ 1.67822889e+01]
 [-1.89723739e+01]
 [-2.75355863e+01]
 [-5.72631412e-16]
 [ 0.00000000e+00]
 [ 0.00000000e+00]
 [-3.29071297e+00]
 [-1.20081473e+00]
 [ 1.07047924e+02]
 [ 0.00000000e+00]
 [ 1.04377524e+02]
 [-1.08001719e+02]
 [ 0.00000000e+00]
 [ 4.78043874e+01]
 [-8.34221923e-14]
 [ 0.00000000e+00]
 [ 1.62716334e+02]
 [-2.70044432e-01]
 [-1.56760672e+02]
 [ 0.00000000e+00]
 [ 0.00000000e+00]
 [-4.65013516e+01]
 [ 7.15227858e+01]
 [-1.13341806e+00]
 [ 0.00000000e+00]
 [ 0.00000000e+00]
 [-5.39518673e+01]
 [ 0.00000000e+00]
 [ 0.00000000e+00]
 [-3.05705868e+00]
 [-2.89709300e-01]
 [ 0.00000000e+00]
 [ 0.00000000e+00]]
Cost for size: 0.03 is equal 242485.00279544495
Theta is equal: [[ 1.34752394e+02]
 [ 0.00000000e+00]
 [ 1.66729633e+01]
 [ 0.00000000e+00]
 [ 0.00000000e+00]
 [-1.35565375e+00]
 [-3.48894142e+01]
 [ 0.00000000e+00]
 [-2.18835341e+00]
 [-2.06192386e+01]
 [-7.00961566e+01]
 [ 0.00000000e+00]
 [-1.46825502e+01]
 [-5.14296417e+01]
 [ 2.19874734e+01]
 [-7.46772535e-01]
 [-1.71027860e+01]
 [ 0.00000000e+00]
 [ 6.60574632e+00]
 [-3.25200088e-01]
 [ 0.00000000e+00]
 [ 0.00000000e+00]
 [ 0.00000000e+00]
 [ 0.00000000e+00]
 [ 4.12140334e+01]
 [ 0.00000000e+00]
 [ 1.11021384e+02]
 [-3.01779771e+01]
 [ 0.00000000e+00]
 [ 0.00000000e+00]
 [ 2.71352735e+00]
 [ 0.00000000e+00]
 [ 1.87601775e+02]
 [ 2.37050183e+01]
 [-1.33465827e+02]
 [-3.58136494e+01]
 [-7.81412731e+01]
 [-7.95270703e+00]
 [ 4.49910793e+01]
 [ 1.38926961e-01]
 [ 6.74632125e+01]
 [ 0.00000000e+00]
 [ 0.00000000e+00]
 [-1.38232914e+01]
 [ 0.00000000e+00]
 [-7.68425637e+00]
 [-1.64365639e-01]
 [ 0.00000000e+00]
 [ 0.00000000e+00]]
Cost for size: 0.075 is equal 147334.18913712617
Theta is equal: [[ 3.80914154e+02]
 [ 0.00000000e+00]
 [ 0.00000000e+00]
 [ 0.00000000e+00]
 [ 4.52385814e+01]
 [ 0.00000000e+00]
 [-4.96736002e+01]
 [ 0.00000000e+00]
 [-1.92680920e+01]
 [-1.48382682e+01]
 [-4.23416936e+01]
 [-4.02339042e+01]
 [-1.83881637e+01]
 [ 9.86694289e+00]
 [ 0.00000000e+00]
 [-4.92800878e-13]
 [ 1.13136847e+01]
 [-1.49633860e+01]
 [ 0.00000000e+00]
 [-1.76994820e+01]
 [ 0.00000000e+00]
 [ 0.00000000e+00]
 [-3.24103017e+00]
 [-7.29079994e-01]
 [ 5.01554514e+01]
 [-1.29242568e+00]
 [ 3.29977938e+01]
 [-1.15966064e+01]
 [ 5.01006133e+01]
 [-1.27806934e+01]
 [ 0.00000000e+00]
 [-1.06255001e+01]
 [ 7.52746963e+01]
 [ 0.00000000e+00]
 [-3.05467299e+01]
 [ 0.00000000e+00]
 [-9.27504939e+00]
 [-2.69564732e+01]
 [ 2.77094708e+01]
 [ 0.00000000e+00]
 [ 0.00000000e+00]
 [ 2.05964414e+00]
 [-2.93268065e+01]
 [ 2.56760226e-01]
 [ 0.00000000e+00]
 [-2.14754098e+00]
 [-8.13980964e+00]
 [ 1.64475044e-02]
 [-2.56258713e+01]]
Cost for size: 0.125 is equal 138713.90873597524
Theta is equal: [[ 4.07401481e+02]
 [ 0.00000000e+00]
 [ 0.00000000e+00]
 [ 2.58643598e+01]
 [ 1.32088455e+00]
 [ 0.00000000e+00]
 [-4.94949270e+01]
 [ 0.00000000e+00]
 [-2.58729434e+01]
 [-8.10166170e+00]
 [-4.75550183e+00]
 [-1.24620196e+01]
 [-1.01329122e+01]
 [ 1.48038200e+00]
 [ 0.00000000e+00]
 [-2.89375760e-03]
 [ 1.85723020e+01]
 [-1.70618698e+01]
 [ 1.16866454e+01]
 [-9.06662950e+00]
 [ 0.00000000e+00]
 [ 3.99367965e+01]
 [-2.84869935e+01]
 [-2.40213017e+00]
 [ 2.87290603e+01]
 [ 2.43748187e+01]
 [ 1.38928346e+01]
 [ 1.40486220e+01]
 [ 2.19157888e-03]
 [-1.06903029e+01]
 [ 3.74740873e+00]
 [ 6.09219293e+00]
 [ 4.75657532e+01]
 [ 0.00000000e+00]
 [-1.58935921e+01]
 [ 0.00000000e+00]
 [-1.13149258e-01]
 [-1.15434475e+01]
 [ 7.76684653e+00]
 [ 0.00000000e+00]
 [-2.25192951e+01]
 [ 1.80382641e+01]
 [-2.45600840e+01]
 [ 1.19085417e-01]
 [ 0.00000000e+00]
 [ 6.13684634e+00]
 [-2.54053159e+00]
 [ 1.06262716e-01]
 [-5.70335550e+01]]
Cost for size: 0.25 is equal 128896.75326729778
Theta is equal: [[ 4.01139841e+02]
 [ 0.00000000e+00]
 [ 0.00000000e+00]
 [ 0.00000000e+00]
 [ 0.00000000e+00]
 [ 0.00000000e+00]
 [-3.43846240e+00]
 [ 0.00000000e+00]
 [-3.54972665e-01]
 [-1.69918028e+01]
 [-1.04400659e+01]
 [-1.88350769e+01]
 [ 0.00000000e+00]
 [ 0.00000000e+00]
 [ 1.99994232e+01]
 [-6.95593609e+00]
 [ 1.41226240e+01]
 [-1.26249603e+01]
 [ 1.58669785e+00]
 [-9.18001045e+00]
 [-3.10045042e+00]
 [ 0.00000000e+00]
 [-1.16888269e+01]
 [ 0.00000000e+00]
 [ 2.75746668e+01]
 [ 1.47950461e+01]
 [ 0.00000000e+00]
 [ 0.00000000e+00]
 [ 0.00000000e+00]
 [-8.96169360e-01]
 [ 0.00000000e+00]
 [ 5.19271286e-01]
 [ 2.23669135e+01]
 [-1.61897743e+00]
 [ 0.00000000e+00]
 [ 0.00000000e+00]
 [ 0.00000000e+00]
 [-1.98043038e+00]
 [ 0.00000000e+00]
 [-5.96272035e-01]
 [-1.41451701e+00]
 [ 2.59579464e+01]
 [-6.28034255e+00]
 [ 0.00000000e+00]
 [-5.60440995e-03]
 [ 0.00000000e+00]
 [ 0.00000000e+00]
 [ 4.33386822e-03]
 [-4.56909381e+01]]
Cost for size: 0.5 is equal 126831.17758944692
Theta is equal: [[ 4.28747422e+02]
 [ 0.00000000e+00]
 [ 1.66181813e+01]
 [ 0.00000000e+00]
 [ 0.00000000e+00]
 [ 0.00000000e+00]
 [-7.94926655e+00]
 [ 0.00000000e+00]
 [-1.05564020e+01]
 [-8.08711719e+00]
 [-1.79998066e+01]
 [-1.99784008e+00]
 [ 0.00000000e+00]
 [ 0.00000000e+00]
 [ 2.58280634e+01]
 [-4.44483434e+00]
 [ 0.00000000e+00]
 [ 0.00000000e+00]
 [ 0.00000000e+00]
 [-1.25692373e+01]
 [-2.00239545e-01]
 [ 0.00000000e+00]
 [-9.40055441e+00]
 [ 0.00000000e+00]
 [ 1.69895255e+01]
 [ 1.10578519e-01]
 [ 0.00000000e+00]
 [ 0.00000000e+00]
 [ 0.00000000e+00]
 [ 0.00000000e+00]
 [ 0.00000000e+00]
 [ 0.00000000e+00]
 [ 3.04560047e+01]
 [ 0.00000000e+00]
 [ 0.00000000e+00]
 [ 0.00000000e+00]
 [ 0.00000000e+00]
 [-6.99666621e-13]
 [ 0.00000000e+00]
 [ 0.00000000e+00]
 [ 0.00000000e+00]
 [ 0.00000000e+00]
 [-3.66257733e+00]
 [ 0.00000000e+00]
 [ 0.00000000e+00]
 [ 0.00000000e+00]
 [ 0.00000000e+00]
 [ 0.00000000e+00]
 [-5.55195897e+01]]
Cost for size: 0.625 is equal 125865.27753443885
Theta is equal: [[ 4.28402414e+02]
 [ 0.00000000e+00]
 [ 2.04630912e+01]
 [ 0.00000000e+00]
 [ 0.00000000e+00]
 [ 0.00000000e+00]
 [-1.61516952e+01]
 [ 0.00000000e+00]
 [-1.03002275e+01]
 [-1.05008390e+01]
 [-1.93304674e+01]
 [-4.10940535e+00]
 [-4.45407177e+00]
 [ 0.00000000e+00]
 [ 2.76132990e+01]
 [-5.45153538e+00]
 [ 0.00000000e+00]
 [-2.49164892e+00]
 [-1.83544225e+00]
 [-8.39119971e+00]
 [ 0.00000000e+00]
 [ 0.00000000e+00]
 [-6.76813705e+00]
 [-3.65447988e-01]
 [ 1.85389029e+01]
 [ 0.00000000e+00]
 [ 0.00000000e+00]
 [ 0.00000000e+00]
 [ 0.00000000e+00]
 [ 0.00000000e+00]
 [-6.87613639e-14]
 [ 0.00000000e+00]
 [ 2.10722427e+01]
 [ 0.00000000e+00]
 [ 0.00000000e+00]
 [ 0.00000000e+00]
 [ 0.00000000e+00]
 [-6.92976258e-15]
 [ 0.00000000e+00]
 [ 0.00000000e+00]
 [ 0.00000000e+00]
 [ 0.00000000e+00]
 [-3.28584213e-01]
 [ 0.00000000e+00]
 [ 0.00000000e+00]
 [ 0.00000000e+00]
 [ 0.00000000e+00]
 [ 0.00000000e+00]
 [-5.14304327e+01]]
Cost for size: 0.75 is equal 125932.42342163455
Theta is equal: [[422.37238773]
 [  0.        ]
 [ 21.34633677]
 [  0.        ]
 [  0.        ]
 [  0.        ]
 [-10.46948989]
 [ -2.76075036]
 [-11.19840149]
 [ -6.12489397]
 [-15.76268873]
 [  0.        ]
 [ -8.9250118 ]
 [  0.        ]
 [ 23.65682242]
 [ -3.6533706 ]
 [  0.        ]
 [  0.        ]
 [ -5.10306337]
 [ -5.92312887]
 [ -3.01316657]
 [  0.        ]
 [ -8.87951941]
 [  0.        ]
 [ 12.02848669]
 [  0.        ]
 [  0.        ]
 [  0.        ]
 [  0.        ]
 [  0.        ]
 [  0.        ]
 [  0.        ]
 [ 24.41509483]
 [  0.        ]
 [  0.        ]
 [  0.        ]
 [  0.        ]
 [  0.        ]
 [  0.        ]
 [  0.        ]
 [  0.        ]
 [  0.        ]
 [ -1.26388916]
 [  0.        ]
 [  0.        ]
 [  0.        ]
 [  0.        ]
 [  0.        ]
 [-50.64514377]]
Cost for size: 0.875 is equal 124917.47025292844
Theta is equal: [[ 4.49895395e+02]
 [ 0.00000000e+00]
 [ 1.64282474e+01]
 [ 0.00000000e+00]
 [ 0.00000000e+00]
 [ 0.00000000e+00]
 [-1.08405228e+01]
 [-1.26001050e+01]
 [-1.17135601e+01]
 [-3.43150694e+00]
 [-1.30240022e+01]
 [ 0.00000000e+00]
 [-8.89433413e+00]
 [ 0.00000000e+00]
 [ 2.44740814e+01]
 [-5.78598925e+00]
 [ 0.00000000e+00]
 [-1.14108310e+00]
 [-2.31141033e+00]
 [-5.01266702e+00]
 [-4.02321031e+00]
 [ 0.00000000e+00]
 [-5.94586599e+00]
 [-2.10929860e-01]
 [ 9.48246131e+00]
 [ 0.00000000e+00]
 [ 0.00000000e+00]
 [ 0.00000000e+00]
 [ 0.00000000e+00]
 [ 0.00000000e+00]
 [ 0.00000000e+00]
 [ 0.00000000e+00]
 [ 2.77869865e+01]
 [ 0.00000000e+00]
 [ 0.00000000e+00]
 [ 0.00000000e+00]
 [ 0.00000000e+00]
 [ 0.00000000e+00]
 [ 0.00000000e+00]
 [ 0.00000000e+00]
 [ 0.00000000e+00]
 [ 0.00000000e+00]
 [-6.34167681e-01]
 [ 0.00000000e+00]
 [ 0.00000000e+00]
 [ 0.00000000e+00]
 [ 0.00000000e+00]
 [ 0.00000000e+00]
 [-5.86230592e+01]]
Cost for size: 1 is equal 124501.00589493342
Theta is equal: [[ 4.53664415e+02]
 [ 0.00000000e+00]
 [ 1.70187253e+01]
 [ 0.00000000e+00]
 [ 0.00000000e+00]
 [ 0.00000000e+00]
 [ 0.00000000e+00]
 [-8.93922308e+00]
 [-1.52684132e+01]
 [-5.44421051e+00]
 [-1.19456797e+01]
 [ 0.00000000e+00]
 [-7.73023196e+00]
 [ 0.00000000e+00]
 [ 2.73972324e+01]
 [-8.45947382e+00]
 [ 0.00000000e+00]
 [-2.32838453e+00]
 [-1.80940364e+00]
 [-3.69498356e+00]
 [-1.32469852e+01]
 [ 0.00000000e+00]
 [-3.65827738e+00]
 [-6.77228908e-02]
 [ 6.78395463e+00]
 [ 0.00000000e+00]
 [ 0.00000000e+00]
 [ 0.00000000e+00]
 [ 0.00000000e+00]
 [ 0.00000000e+00]
 [ 0.00000000e+00]
 [ 0.00000000e+00]
 [ 3.36371396e+01]
 [ 0.00000000e+00]
 [ 0.00000000e+00]
 [ 0.00000000e+00]
 [ 0.00000000e+00]
 [ 0.00000000e+00]
 [ 0.00000000e+00]
 [ 0.00000000e+00]
 [ 0.00000000e+00]
 [ 0.00000000e+00]
 [ 0.00000000e+00]
 [ 0.00000000e+00]
 [ 0.00000000e+00]
 [ 0.00000000e+00]
 [ 0.00000000e+00]
 [ 0.00000000e+00]
 [-5.70010172e+01]]

