Minimal lambda 3.0679536367065863
Cost for size: 0.01 is equal 629932.0040086892
Theta is equal: [[  67.87036694]
 [   0.        ]
 [-521.12981211]
 [   0.        ]
 [   0.        ]
 [   0.        ]
 [   0.        ]
 [  48.43810714]
 [   0.        ]
 [ 829.73470743]
 [ 482.20791452]
 [   0.        ]
 [ 746.34899819]
 [ 165.52920114]
 [2404.0960513 ]
 [   0.        ]
 [   0.        ]
 [   0.        ]
 [2104.54893459]
 [   0.        ]
 [ 843.76542708]
 [   0.        ]]
Cost for size: 0.02 is equal 248100.46877814722
Theta is equal: [[ 349.09312579]
 [ -90.75240338]
 [-502.11756416]
 [ 133.17552217]
 [ 236.21716863]
 [   0.        ]
 [ 409.16180781]
 [ 161.54594296]
 [ 172.72848285]
 [   0.        ]
 [   0.        ]
 [   0.        ]
 [   0.        ]
 [-168.45925539]
 [  55.65866039]
 [   0.        ]
 [-526.55318453]
 [   0.        ]
 [   0.        ]
 [ 755.46358262]
 [2671.07081196]
 [   0.        ]]
Cost for size: 0.03 is equal 164067.02591393093
Theta is equal: [[ 430.85331723]
 [   0.        ]
 [ -83.33459483]
 [-446.80357097]
 [   0.        ]
 [   0.        ]
 [   0.        ]
 [ 125.08435879]
 [   0.        ]
 [   0.        ]
 [ 115.45821729]
 [-171.31753603]
 [   0.        ]
 [-230.66527075]
 [ 285.14455142]
 [ 731.46759067]
 [   0.        ]
 [   0.        ]
 [-630.71697903]
 [ 107.54349855]
 [ 771.60860059]
 [ -57.82927699]]
Cost for size: 0.075 is equal 148606.7894807064
Theta is equal: [[ 472.01895991]
 [ -63.92796829]
 [-183.1886171 ]
 [-203.95466154]
 [-178.32061166]
 [ 128.60291853]
 [   0.        ]
 [   0.        ]
 [-276.86573156]
 [ -88.94374238]
 [ -89.02529578]
 [-125.57324344]
 [ 506.32813874]
 [   0.        ]
 [   0.        ]
 [-317.11018714]
 [   0.        ]
 [-527.37137689]
 [   0.        ]
 [   0.        ]
 [ 497.29345239]
 [-221.57854406]]
Cost for size: 0.125 is equal 136680.3714696044
Theta is equal: [[ 519.4469415 ]
 [-392.79607375]
 [   0.        ]
 [-216.57454446]
 [ -33.57754865]
 [   0.        ]
 [   0.        ]
 [  51.27535784]
 [-182.69318937]
 [ -44.15821258]
 [-209.7843045 ]
 [   0.        ]
 [ 346.59402681]
 [   0.        ]
 [ 151.18707799]
 [-299.53890693]
 [   0.        ]
 [-441.03197523]
 [   0.        ]
 [   0.        ]
 [   0.        ]
 [-389.17650812]]
Cost for size: 0.25 is equal 130218.95305324832
Theta is equal: [[ 523.89814127]
 [-469.64300764]
 [  -3.4410578 ]
 [-131.44802024]
 [   0.        ]
 [   0.        ]
 [   0.        ]
 [  40.12046122]
 [-196.65250739]
 [   1.47300113]
 [ -76.37928398]
 [ -99.4309368 ]
 [ 238.00900033]
 [   0.        ]
 [   0.        ]
 [-130.2315661 ]
 [   0.        ]
 [-125.30578295]
 [   0.        ]
 [   0.        ]
 [   0.        ]
 [-258.74260274]]
Cost for size: 0.5 is equal 129134.69674366282
Theta is equal: [[ 539.05220506]
 [-490.36588769]
 [   0.        ]
 [ -26.44428682]
 [   0.        ]
 [ -40.73142692]
 [   0.        ]
 [  43.70578545]
 [   0.        ]
 [   0.        ]
 [ -68.93764871]
 [-160.06964566]
 [   0.        ]
 [   0.        ]
 [   0.        ]
 [ -25.95636582]
 [   0.        ]
 [ -88.52597484]
 [   0.        ]
 [   0.        ]
 [   0.        ]
 [-236.5813461 ]]
Cost for size: 0.625 is equal 127354.64726185545
Theta is equal: [[ 555.92172657]
 [-454.59292515]
 [   0.        ]
 [ -36.19454081]
 [   0.        ]
 [ -41.99097446]
 [   0.        ]
 [  27.53820339]
 [   0.        ]
 [ -13.19296947]
 [ -71.39190051]
 [-164.62528184]
 [   0.        ]
 [   0.        ]
 [ -32.94592345]
 [   0.        ]
 [   0.        ]
 [  -5.68676294]
 [   0.        ]
 [   0.        ]
 [   0.        ]
 [-376.31007095]]
Cost for size: 0.75 is equal 127352.515068078
Theta is equal: [[ 559.14958687]
 [-402.75903834]
 [ -10.59963495]
 [ -81.01878581]
 [  -0.82128793]
 [ -25.24525119]
 [   0.        ]
 [  43.43662824]
 [   0.        ]
 [   0.        ]
 [ -97.16422288]
 [-106.19860515]
 [   0.        ]
 [   0.        ]
 [   0.        ]
 [ -34.90066663]
 [   0.        ]
 [   0.        ]
 [   0.        ]
 [   0.        ]
 [   0.        ]
 [-495.06392861]]
Cost for size: 0.875 is equal 127878.97041378166
Theta is equal: [[ 552.99112711]
 [-415.16852642]
 [ -42.64289067]
 [ -25.39329421]
 [  -6.15462817]
 [   0.        ]
 [   0.        ]
 [  35.46665175]
 [   0.        ]
 [   0.        ]
 [-124.13904528]
 [-131.88395297]
 [   0.        ]
 [   0.        ]
 [   0.        ]
 [   0.        ]
 [   0.        ]
 [   0.        ]
 [   0.        ]
 [   0.        ]
 [   0.        ]
 [-404.73072998]]
Cost for size: 1 is equal 127377.9121786344
Theta is equal: [[ 553.23605386]
 [-354.18003404]
 [ -71.97857163]
 [ -39.03556525]
 [  -9.29999792]
 [   0.        ]
 [   0.        ]
 [  37.80127912]
 [   0.        ]
 [   0.        ]
 [-104.21772182]
 [-136.12625977]
 [   0.        ]
 [   0.        ]
 [   0.        ]
 [   0.        ]
 [   0.        ]
 [   0.        ]
 [   0.        ]
 [   0.        ]
 [   0.        ]
 [-421.52161729]]

Minimal lambda 2.431300790032677
Cost for size: 0.01 is equal 722944.1242179039
Theta is equal: [[  293.54782751]
 [ -135.3099758 ]
 [    0.        ]
 [    0.        ]
 [    0.        ]
 [    0.        ]
 [-4217.17479603]
 [  585.03902419]
 [  -76.46272323]
 [  231.48461347]
 [    0.        ]
 [    0.        ]
 [    0.        ]
 [ 3196.64561822]
 [    0.        ]
 [ 1809.25163216]
 [    0.        ]
 [    0.        ]
 [    0.        ]
 [  614.21494848]
 [ 2126.0197553 ]
 [    0.        ]]
Cost for size: 0.02 is equal 389702.2298978128
Theta is equal: [[  784.03085982]
 [ -651.589897  ]
 [  -48.47233916]
 [    0.        ]
 [  369.66243792]
 [-2317.29030792]
 [-2189.88400886]
 [ -170.23197741]
 [    0.        ]
 [    0.        ]
 [  806.08147665]
 [-1212.19517954]
 [  170.29900236]
 [ -698.98811029]
 [  187.41122191]
 [ 1671.44277549]
 [    0.        ]
 [    0.        ]
 [  622.21244957]
 [    0.        ]
 [ 2138.27467319]
 [ -853.60069117]]
Cost for size: 0.03 is equal 204221.52356649257
Theta is equal: [[ 721.04997315]
 [-582.84640392]
 [-481.48595829]
 [   0.        ]
 [   0.        ]
 [-560.08814814]
 [-388.7744681 ]
 [  85.50629926]
 [-516.15473102]
 [   0.        ]
 [ 215.91551913]
 [   0.        ]
 [ 350.79296986]
 [-170.52125892]
 [ 125.22667495]
 [  96.64451225]
 [ 791.02540144]
 [  50.56646608]
 [ 656.09055191]
 [-432.11200362]
 [ 878.06387899]
 [   0.        ]]
Cost for size: 0.075 is equal 161753.77036561686
Theta is equal: [[ 650.94543198]
 [-169.28222992]
 [-606.44955636]
 [   0.        ]
 [   0.        ]
 [   0.        ]
 [-138.68486679]
 [ 128.86656338]
 [-344.58305011]
 [-337.64663731]
 [   0.        ]
 [   0.        ]
 [ 144.76980356]
 [ 204.76089797]
 [-201.66574292]
 [ -85.16214908]
 [   0.        ]
 [ 451.51724508]
 [-110.55561655]
 [   0.        ]
 [   0.        ]
 [   0.        ]]
Cost for size: 0.125 is equal 144753.41660673235
Theta is equal: [[ 578.01310839]
 [-201.52074703]
 [-326.21228368]
 [   0.        ]
 [   0.        ]
 [ -60.7444281 ]
 [  -3.35988104]
 [  44.51853689]
 [-133.52616396]
 [   0.        ]
 [   0.        ]
 [   0.        ]
 [  61.03855083]
 [  23.75039676]
 [-123.70313982]
 [-123.13873606]
 [   0.        ]
 [   0.        ]
 [   0.        ]
 [   0.        ]
 [   0.        ]
 [   0.        ]]
Cost for size: 0.25 is equal 134600.84789735626
Theta is equal: [[ 571.4908637 ]
 [-143.07653238]
 [-330.34364879]
 [   0.        ]
 [   0.        ]
 [-159.81959613]
 [ -98.79865836]
 [ 125.71912037]
 [ -93.21508372]
 [   0.        ]
 [  16.37951732]
 [ -26.1487134 ]
 [   0.        ]
 [   0.        ]
 [   0.        ]
 [ -64.69357214]
 [   0.        ]
 [   0.        ]
 [   0.        ]
 [ -57.97919773]
 [   0.        ]
 [-654.99047269]]
Cost for size: 0.5 is equal 133313.35687460835
Theta is equal: [[ 576.19709966]
 [-285.56595271]
 [-112.49270833]
 [ -88.44902711]
 [   0.        ]
 [ -54.15145444]
 [   0.        ]
 [  35.20090262]
 [ -46.95887549]
 [ -32.7659639 ]
 [  19.66887043]
 [-164.19281796]
 [   0.        ]
 [   0.        ]
 [   0.        ]
 [ -26.65046836]
 [   0.        ]
 [  21.48305834]
 [   0.        ]
 [ -89.08696815]
 [  33.30509423]
 [-515.53158256]]
Cost for size: 0.625 is equal 132594.33739718318
Theta is equal: [[ 570.50604493]
 [-320.2649561 ]
 [-101.9359013 ]
 [ -68.99723791]
 [   0.        ]
 [ -81.2898832 ]
 [   0.        ]
 [  28.82646686]
 [ -46.73716985]
 [ -37.53565633]
 [   0.        ]
 [-163.90241127]
 [   0.        ]
 [   0.        ]
 [   0.        ]
 [ -11.03873706]
 [  37.43148977]
 [   0.        ]
 [   0.        ]
 [   0.        ]
 [  16.03029251]
 [-581.72360088]]
Cost for size: 0.75 is equal 132241.85869267973
Theta is equal: [[ 5.71926878e+02]
 [-2.92888423e+02]
 [-1.61830476e+02]
 [-9.22074634e+01]
 [ 0.00000000e+00]
 [-1.18896839e+02]
 [ 0.00000000e+00]
 [ 6.69841568e+01]
 [-4.64302038e+01]
 [-6.25677194e+01]
 [ 0.00000000e+00]
 [-1.41980052e+02]
 [ 0.00000000e+00]
 [ 0.00000000e+00]
 [ 0.00000000e+00]
 [-1.05944390e+01]
 [ 0.00000000e+00]
 [ 2.89562560e+01]
 [ 0.00000000e+00]
 [ 0.00000000e+00]
 [ 4.18507182e-01]
 [-6.05488660e+02]]
Cost for size: 0.875 is equal 133617.55280969734
Theta is equal: [[ 541.66203262]
 [-286.10474658]
 [-160.82534587]
 [-111.72498725]
 [  -2.41056921]
 [-149.74613487]
 [   0.        ]
 [  76.1018816 ]
 [ -22.0820652 ]
 [ -21.2811815 ]
 [   0.        ]
 [-156.6053629 ]
 [   0.        ]
 [   0.        ]
 [   0.        ]
 [   0.        ]
 [   0.        ]
 [   0.        ]
 [   0.        ]
 [   0.        ]
 [   0.        ]
 [-430.4311996 ]]
Cost for size: 1 is equal 133836.39555881135
Theta is equal: [[ 539.88058499]
 [-285.85140259]
 [-168.49540707]
 [ -91.20782041]
 [   0.        ]
 [-114.45571338]
 [   0.        ]
 [  71.72638427]
 [ -16.03491026]
 [ -12.13578258]
 [ -10.65835205]
 [-160.73487613]
 [   0.        ]
 [   0.        ]
 [   0.        ]
 [   0.        ]
 [  18.70726075]
 [   0.        ]
 [   0.        ]
 [   0.        ]
 [   0.        ]
 [-394.14234051]]

Minimal lambda 9.815203250201352
Cost for size: 0.01 is equal 244201.26014083598
Theta is equal: [[1059.78570741]
 [   0.        ]
 [   0.        ]
 [   0.        ]
 [   0.        ]
 [  33.4949593 ]
 [  -6.36849989]
 [-205.25513991]
 [-629.17678942]
 [   0.        ]
 [   0.        ]
 [   0.        ]
 [-456.82512524]
 [   0.        ]
 [  68.19361931]
 [   0.        ]
 [   0.        ]
 [   0.        ]
 [   0.        ]
 [   0.        ]
 [-313.11224906]
 [   0.        ]]
Cost for size: 0.02 is equal 194430.88975403577
Theta is equal: [[ 788.03855066]
 [   0.        ]
 [   0.        ]
 [   0.        ]
 [   0.        ]
 [   0.        ]
 [   0.        ]
 [   0.        ]
 [-875.83430875]
 [   0.        ]
 [ -40.55490166]
 [   0.        ]
 [   0.        ]
 [   6.05810394]
 [   0.        ]
 [   0.        ]
 [  80.89430385]
 [   0.        ]
 [   0.        ]
 [  10.08230718]
 [-393.0624054 ]
 [  73.07215835]]
Cost for size: 0.03 is equal 141584.4529396287
Theta is equal: [[ 795.38597229]
 [-261.18323227]
 [   0.        ]
 [-133.28666493]
 [ -25.82669531]
 [   0.        ]
 [   0.        ]
 [   0.        ]
 [-204.89034693]
 [   0.        ]
 [   0.        ]
 [-292.43069126]
 [ -24.15594712]
 [   0.        ]
 [  -1.60769586]
 [   0.        ]
 [   0.        ]
 [   0.        ]
 [   0.        ]
 [   0.        ]
 [-319.86392867]
 [   0.        ]]
Cost for size: 0.075 is equal 131991.06413989165
Theta is equal: [[ 717.58463801]
 [-335.74808947]
 [  15.54588239]
 [ -69.54425598]
 [   0.        ]
 [ -60.32853971]
 [   0.        ]
 [   0.        ]
 [ -61.6994975 ]
 [   0.        ]
 [   0.        ]
 [   0.        ]
 [-164.867662  ]
 [   0.        ]
 [ -22.09328488]
 [   0.        ]
 [   0.        ]
 [ -20.39958041]
 [   0.        ]
 [   0.        ]
 [  -7.96616617]
 [   0.        ]]
Cost for size: 0.125 is equal 131919.5194742125
Theta is equal: [[ 687.67254288]
 [-380.16147365]
 [   0.        ]
 [   0.        ]
 [   0.        ]
 [   0.        ]
 [   0.        ]
 [   0.        ]
 [-120.13828821]
 [   0.        ]
 [   0.        ]
 [   0.        ]
 [   0.        ]
 [-160.98796209]
 [ -91.23567742]
 [   0.        ]
 [   0.        ]
 [   0.        ]
 [   0.        ]
 [  -1.0131039 ]
 [   0.        ]
 [   0.        ]]
Cost for size: 0.25 is equal 126191.00220054113
Theta is equal: [[ 599.29612314]
 [-306.83451195]
 [   0.        ]
 [   0.        ]
 [   0.        ]
 [ -48.92707043]
 [   0.        ]
 [   0.        ]
 [  -5.37685908]
 [   0.        ]
 [   0.        ]
 [   0.        ]
 [   0.        ]
 [   0.        ]
 [-113.22701804]
 [   0.        ]
 [  54.72558743]
 [   0.        ]
 [   0.        ]
 [   0.        ]
 [ -14.01848037]
 [ -17.67870779]]
Cost for size: 0.5 is equal 125794.61550617166
Theta is equal: [[ 583.86282376]
 [-225.8394434 ]
 [   0.        ]
 [   0.        ]
 [   0.        ]
 [-125.12253834]
 [   0.        ]
 [   0.        ]
 [   0.        ]
 [   0.        ]
 [   0.        ]
 [   0.        ]
 [   0.        ]
 [   0.        ]
 [   0.        ]
 [   0.        ]
 [   2.130424  ]
 [   0.        ]
 [   0.        ]
 [   0.        ]
 [   0.        ]
 [ -37.25434208]]
Cost for size: 0.625 is equal 124672.06346757326
Theta is equal: [[ 592.40753089]
 [-217.1384493 ]
 [   0.        ]
 [ -10.37684931]
 [   0.        ]
 [-133.48024412]
 [   0.        ]
 [   0.        ]
 [   0.        ]
 [   0.        ]
 [   0.        ]
 [   0.        ]
 [   0.        ]
 [   0.        ]
 [   0.        ]
 [   0.        ]
 [   0.        ]
 [   0.        ]
 [   0.        ]
 [   0.        ]
 [   0.        ]
 [ -92.24271318]]
Cost for size: 0.75 is equal 125121.21114612039
Theta is equal: [[ 563.88348534]
 [-218.93205633]
 [   0.        ]
 [   0.        ]
 [   0.        ]
 [ -82.24268574]
 [   0.        ]
 [   0.        ]
 [   0.        ]
 [   0.        ]
 [   0.        ]
 [   0.        ]
 [   0.        ]
 [   0.        ]
 [   0.        ]
 [   0.        ]
 [   0.        ]
 [   0.        ]
 [   0.        ]
 [   0.        ]
 [   0.        ]
 [ -75.10978838]]
Cost for size: 0.875 is equal 124866.26489819548
Theta is equal: [[ 571.95243427]
 [-219.36695739]
 [   0.        ]
 [   0.        ]
 [   0.        ]
 [ -88.5162586 ]
 [   0.        ]
 [   0.        ]
 [   0.        ]
 [   0.        ]
 [   0.        ]
 [   0.        ]
 [   0.        ]
 [   0.        ]
 [   0.        ]
 [   0.        ]
 [   0.        ]
 [   0.        ]
 [   0.        ]
 [   0.        ]
 [   0.        ]
 [ -90.48173751]]
Cost for size: 1 is equal 124761.15634593893
Theta is equal: [[ 576.52544193]
 [-236.61818695]
 [   0.        ]
 [   0.        ]
 [   0.        ]
 [ -86.2357954 ]
 [   0.        ]
 [   0.        ]
 [   0.        ]
 [   0.        ]
 [   0.        ]
 [   0.        ]
 [   0.        ]
 [   0.        ]
 [   0.        ]
 [   0.        ]
 [   0.        ]
 [   0.        ]
 [   0.        ]
 [   0.        ]
 [   0.        ]
 [-105.59709224]]

Minimal lambda 1.9267642968552647
Cost for size: 0.01 is equal 548621.8487968481
Theta is equal: [[  423.65079879]
 [   26.34430153]
 [    0.        ]
 [    0.        ]
 [  154.29955771]
 [    0.        ]
 [    0.        ]
 [    0.        ]
 [    0.        ]
 [ -964.29611572]
 [    0.        ]
 [    0.        ]
 [    0.        ]
 [    0.        ]
 [ -192.04612985]
 [-1690.23209419]
 [ 1368.76916738]
 [    0.        ]
 [ -418.43113769]
 [    0.        ]
 [-1068.77683193]
 [ 1105.94078108]]
Cost for size: 0.02 is equal 287004.1266051529
Theta is equal: [[  435.54267305]
 [  -11.00951188]
 [  281.23922636]
 [    0.        ]
 [  -78.47154612]
 [ -251.06231161]
 [  -50.87343797]
 [  739.04167606]
 [-1529.64511977]
 [    0.        ]
 [ -612.60481884]
 [ -101.8094828 ]
 [  740.84282613]
 [   24.3795677 ]
 [    0.        ]
 [-1046.87882761]
 [  116.30163592]
 [  616.87857149]
 [    0.        ]
 [   37.26159468]
 [    0.        ]
 [    0.        ]]
Cost for size: 0.03 is equal 145461.0818861149
Theta is equal: [[ 413.00669717]
 [ 130.29403544]
 [  15.85901663]
 [   0.        ]
 [-210.47176851]
 [-519.48947427]
 [-149.60023862]
 [   0.        ]
 [   0.        ]
 [-228.82886556]
 [-364.17021121]
 [ 556.8128429 ]
 [  37.88029355]
 [-130.34067222]
 [ 429.16925213]
 [-498.88877205]
 [ 697.64334554]
 [ 238.73926873]
 [-531.47633762]
 [-191.78071028]
 [ 249.83001227]
 [ 175.84704497]]
Cost for size: 0.075 is equal 137491.40220290446
Theta is equal: [[ 538.9045925 ]
 [ 284.57495611]
 [ -48.04602797]
 [-127.44372934]
 [-340.69473447]
 [-703.93834773]
 [   0.        ]
 [   0.        ]
 [   0.        ]
 [   0.        ]
 [ -46.60851627]
 [ 360.18766327]
 [-259.33038915]
 [ 139.48437005]
 [ 171.24565668]
 [   0.        ]
 [   0.        ]
 [ 311.06652513]
 [ -84.66389705]
 [-217.88677755]
 [ 456.91283327]
 [-354.75644411]]
Cost for size: 0.125 is equal 130415.375355354
Theta is equal: [[ 511.71193206]
 [   0.        ]
 [   0.        ]
 [-217.66182531]
 [ -22.87791853]
 [-301.24641278]
 [-215.71475499]
 [ -49.23314461]
 [-190.27298256]
 [   0.        ]
 [   0.        ]
 [ 438.58781897]
 [  89.86575106]
 [   0.        ]
 [ 205.67245993]
 [-172.49289761]
 [  89.49792497]
 [ -31.94281793]
 [   0.        ]
 [   3.98745584]
 [  88.55020878]
 [-108.9195003 ]]
Cost for size: 0.25 is equal 124945.29316682235
Theta is equal: [[ 614.51205148]
 [-252.92268772]
 [ 171.01083246]
 [   0.        ]
 [-165.91689114]
 [-179.69023904]
 [   0.        ]
 [   0.        ]
 [-140.6897547 ]
 [   0.        ]
 [   5.57644669]
 [  70.72314312]
 [   0.        ]
 [  33.22648737]
 [  14.7872206 ]
 [ -27.63262544]
 [ 125.38755976]
 [   0.        ]
 [ -83.78782127]
 [   0.        ]
 [   0.        ]
 [-126.93285915]]
Cost for size: 0.5 is equal 124842.54288087116
Theta is equal: [[ 6.06267776e+02]
 [-1.92813230e+02]
 [ 3.53806126e-01]
 [ 0.00000000e+00]
 [-1.61696194e+02]
 [-1.22247287e+02]
 [ 1.87571786e+01]
 [-4.23742125e-01]
 [-8.36545576e+01]
 [ 0.00000000e+00]
 [ 0.00000000e+00]
 [ 1.67125154e+02]
 [ 5.31743893e+00]
 [ 5.99019383e+00]
 [ 0.00000000e+00]
 [ 0.00000000e+00]
 [ 8.91394308e+01]
 [ 0.00000000e+00]
 [ 0.00000000e+00]
 [-6.12141987e+00]
 [ 0.00000000e+00]
 [-2.66829846e+02]]
Cost for size: 0.625 is equal 124869.94401047911
Theta is equal: [[ 624.76838036]
 [-246.25447668]
 [   0.        ]
 [   0.        ]
 [-153.62125288]
 [ -84.37292949]
 [  59.82744682]
 [   0.        ]
 [ -72.6692554 ]
 [   0.        ]
 [  56.88780764]
 [  90.04798114]
 [   2.58164215]
 [   7.82250969]
 [   0.        ]
 [   0.        ]
 [  77.12964483]
 [   0.        ]
 [   0.        ]
 [ -33.45421742]
 [   0.        ]
 [-256.22415546]]
Cost for size: 0.75 is equal 125032.22518790401
Theta is equal: [[ 618.38316303]
 [-231.75572549]
 [   0.        ]
 [ -28.1830834 ]
 [-182.56102841]
 [ -35.94429446]
 [  31.99166748]
 [   0.        ]
 [ -34.04128523]
 [   0.        ]
 [  47.24989467]
 [  83.16330261]
 [   0.        ]
 [   0.        ]
 [   0.        ]
 [   0.        ]
 [ 107.58562107]
 [   0.        ]
 [   0.        ]
 [ -50.16664141]
 [   0.        ]
 [-237.06504769]]
Cost for size: 0.875 is equal 124949.19750603329
Theta is equal: [[ 617.6666262 ]
 [-220.05082326]
 [   0.        ]
 [ -30.05131606]
 [-127.93261286]
 [ -58.15708635]
 [  13.4770896 ]
 [   0.        ]
 [ -25.57394756]
 [   0.        ]
 [  16.75014229]
 [  78.26023738]
 [   0.        ]
 [   0.        ]
 [   0.        ]
 [   0.        ]
 [  75.61726329]
 [ -14.8169235 ]
 [   0.        ]
 [ -32.45196933]
 [   0.        ]
 [-218.5679862 ]]
Cost for size: 1 is equal 125532.65797009078
Theta is equal: [[ 606.7289483 ]
 [-205.34689325]
 [   0.        ]
 [ -48.17226905]
 [ -88.02273707]
 [-102.78180783]
 [  13.24678292]
 [   5.62201358]
 [  -6.86435512]
 [   0.        ]
 [  31.49770281]
 [  62.00316876]
 [   0.        ]
 [   0.        ]
 [   0.        ]
 [   0.        ]
 [  71.52882221]
 [ -57.01335677]
 [   0.        ]
 [   0.        ]
 [   0.        ]
 [-209.28344096]]

Minimal lambda 15.628579248441175
Cost for size: 0.01 is equal 673465.7736526662
Theta is equal: [[   0.        ]
 [ 177.54768875]
 [-208.63225637]
 [   0.        ]
 [   0.        ]
 [   0.        ]
 [ -42.07471952]
 [  41.70852036]
 [  46.92565381]
 [ -93.62459119]
 [   0.        ]
 [   0.        ]
 [ -28.41902683]
 [   0.        ]
 [   0.        ]
 [   0.        ]
 [ 271.55499243]
 [   0.        ]
 [   0.        ]
 [-494.54429617]
 [   0.        ]
 [ 297.81904683]]
Cost for size: 0.02 is equal 553804.2748522288
Theta is equal: [[ 101.52166975]
 [  32.33675932]
 [  19.78384391]
 [ -88.75159149]
 [  30.46052482]
 [   0.        ]
 [ -70.93902811]
 [  18.89533172]
 [  59.67484784]
 [-171.6107659 ]
 [   0.        ]
 [  51.0782095 ]
 [   0.        ]
 [ -54.15017621]
 [  47.75999013]
 [   0.        ]
 [   0.        ]
 [ 291.51772245]
 [-241.22335598]
 [ -62.59479616]
 [  65.13574673]
 [ 124.44024004]]
Cost for size: 0.03 is equal 260111.6185621675
Theta is equal: [[ 365.12719441]
 [  78.17461894]
 [  38.97619227]
 [-186.76390326]
 [ -18.67876661]
 [  52.12617656]
 [ -44.78377931]
 [  -2.08665621]
 [  67.83363235]
 [ -47.49712392]
 [   0.        ]
 [  65.1955551 ]
 [   0.        ]
 [  71.93310368]
 [  13.62997393]
 [ -97.02424872]
 [  42.04696337]
 [   0.        ]
 [ -68.53926013]
 [-126.75547372]
 [  65.71967972]
 [  22.5833101 ]]
Cost for size: 0.075 is equal 199109.42700786245
Theta is equal: [[385.4671683 ]
 [  0.        ]
 [ 19.05782021]
 [  0.        ]
 [-60.00605769]
 [-15.3818384 ]
 [-13.12540323]
 [-25.3847771 ]
 [ 32.15222238]
 [-15.22266721]
 [ 32.49791633]
 [-16.12540459]
 [ 12.90190174]
 [ 16.84937487]
 [  0.        ]
 [-32.41423947]
 [ 56.75495396]
 [  0.        ]
 [-29.70446022]
 [ -6.2149862 ]
 [ 75.54439875]
 [ -6.68920727]]
Cost for size: 0.125 is equal 142298.42062092418
Theta is equal: [[425.01372925]
 [-14.38097969]
 [  4.92853277]
 [ -3.2483345 ]
 [-25.87993885]
 [-25.2773252 ]
 [  0.        ]
 [ -6.73018758]
 [  0.        ]
 [ -5.78651064]
 [ 13.01732414]
 [  0.        ]
 [ 28.3197549 ]
 [ 11.11594448]
 [ -4.70782407]
 [-61.90219043]
 [ 31.34249245]
 [  3.47542363]
 [  0.        ]
 [-15.74557568]
 [ 21.8677515 ]
 [-37.6689972 ]]
Cost for size: 0.25 is equal 127490.51683471812
Theta is equal: [[473.27566723]
 [-36.98910832]
 [  7.52094239]
 [  0.        ]
 [-17.87115892]
 [  0.        ]
 [  1.05120719]
 [  0.        ]
 [  0.        ]
 [  2.72912782]
 [  0.        ]
 [ -9.11481174]
 [ 12.30980397]
 [  0.        ]
 [  2.41914538]
 [-29.63358523]
 [ 65.77914012]
 [  1.16432104]
 [  0.        ]
 [-18.65602075]
 [ 25.63771849]
 [-45.56535421]]
Cost for size: 0.5 is equal 122569.77884523675
Theta is equal: [[507.47373748]
 [-27.41254836]
 [ -4.34290644]
 [ -8.4319137 ]
 [-12.01668992]
 [ -7.2413517 ]
 [  0.        ]
 [  2.19766521]
 [ -4.53235913]
 [  0.        ]
 [  0.90518405]
 [ -9.54060923]
 [ 10.26000743]
 [  0.        ]
 [  0.        ]
 [-12.41594483]
 [ 57.79377146]
 [  0.        ]
 [  0.        ]
 [-10.55944091]
 [  6.4800788 ]
 [-54.07019595]]
Cost for size: 0.625 is equal 121866.56343965504
Theta is equal: [[ 4.76565249e+02]
 [-2.07522559e+01]
 [-1.02333425e+01]
 [-1.02477307e+01]
 [-1.94689495e+00]
 [-1.19064096e+01]
 [ 0.00000000e+00]
 [ 5.44787966e+00]
 [-2.77468880e-01]
 [ 0.00000000e+00]
 [ 4.96220583e+00]
 [-1.05749326e+01]
 [ 8.43147383e+00]
 [ 0.00000000e+00]
 [ 0.00000000e+00]
 [-1.06059187e+01]
 [ 5.02663565e+01]
 [ 0.00000000e+00]
 [ 0.00000000e+00]
 [ 0.00000000e+00]
 [ 8.21528718e+00]
 [-5.51605588e+01]]
Cost for size: 0.75 is equal 121480.64524439815
Theta is equal: [[ 5.00745309e+02]
 [-2.38827663e+01]
 [-9.30669200e+00]
 [-1.29826682e+01]
 [-3.40928187e-01]
 [-1.29920611e+01]
 [ 0.00000000e+00]
 [ 4.74913145e+00]
 [ 0.00000000e+00]
 [ 0.00000000e+00]
 [ 1.21023612e+00]
 [-1.19285356e+01]
 [ 7.71314216e+00]
 [ 0.00000000e+00]
 [ 0.00000000e+00]
 [-6.09756207e-01]
 [ 4.51157355e+01]
 [ 0.00000000e+00]
 [ 0.00000000e+00]
 [ 0.00000000e+00]
 [ 3.05589391e+00]
 [-5.65858878e+01]]
Cost for size: 0.875 is equal 121552.21480856743
Theta is equal: [[ 4.79586629e+02]
 [-1.91143546e+01]
 [-1.46020131e+01]
 [-1.27952845e+01]
 [-3.67764943e-01]
 [-1.40123142e+01]
 [ 0.00000000e+00]
 [ 6.98149513e+00]
 [ 0.00000000e+00]
 [ 0.00000000e+00]
 [ 0.00000000e+00]
 [-1.27781899e+01]
 [ 8.99179906e+00]
 [ 0.00000000e+00]
 [ 0.00000000e+00]
 [-1.48465172e+00]
 [ 4.29515379e+01]
 [ 0.00000000e+00]
 [ 0.00000000e+00]
 [ 0.00000000e+00]
 [ 0.00000000e+00]
 [-4.89909856e+01]]
Cost for size: 1 is equal 121514.60138297535
Theta is equal: [[485.68022251]
 [-18.40852236]
 [-16.31974207]
 [-12.60414371]
 [  0.        ]
 [-10.81473109]
 [  0.        ]
 [  7.15649003]
 [  0.        ]
 [ -1.27831305]
 [ -1.92626901]
 [-12.84210417]
 [  6.5886579 ]
 [  0.        ]
 [  0.        ]
 [ -0.55631956]
 [ 45.14401417]
 [  0.        ]
 [  0.        ]
 [  0.        ]
 [  0.        ]
 [-52.41583825]]

Minimal lambda 24.885117821660558
Cost for size: 0.01 is equal 605149.3994199368
Theta is equal: [[   0.        ]
 [ 137.87318377]
 [   0.        ]
 [   0.        ]
 [   0.        ]
 [-138.69156288]
 [   0.        ]
 [   0.        ]
 [ -99.68230975]
 [   0.        ]
 [ -17.67402811]
 [-205.40745631]
 [ 169.64633444]
 [   0.        ]
 [   0.        ]
 [  20.59193965]
 [   0.        ]
 [   0.        ]
 [   0.        ]
 [  60.53771805]
 [   0.        ]
 [  34.15662382]]
Cost for size: 0.02 is equal 360513.6585572803
Theta is equal: [[   0.        ]
 [  11.39672928]
 [   0.39408   ]
 [  -8.12161382]
 [ -45.70921825]
 [-157.40153629]
 [   0.        ]
 [  14.88134963]
 [   0.        ]
 [   0.        ]
 [  27.97614675]
 [-220.53685171]
 [  39.62155718]
 [ -75.62553393]
 [  10.6067858 ]
 [ 159.5340254 ]
 [  15.41706154]
 [   0.        ]
 [   0.        ]
 [ 109.28587563]
 [ -75.68024854]
 [   0.        ]]
Cost for size: 0.03 is equal 244108.49724618316
Theta is equal: [[ 147.40173348]
 [   0.        ]
 [   0.        ]
 [ -57.53942274]
 [ -10.16068899]
 [-148.55877133]
 [   0.        ]
 [  21.79196272]
 [ -63.24274005]
 [ -19.2183323 ]
 [  18.34739852]
 [ -52.7115166 ]
 [  73.05613436]
 [ -79.09202427]
 [   0.        ]
 [  -3.56544492]
 [  20.65611439]
 [   0.        ]
 [   0.        ]
 [  60.37157394]
 [  11.75744765]
 [ 139.45993712]]
Cost for size: 0.075 is equal 154390.5568683921
Theta is equal: [[293.86121042]
 [-12.58576136]
 [  4.42813118]
 [-19.26841369]
 [  0.        ]
 [-12.42134753]
 [  0.        ]
 [  9.49483414]
 [-20.00547707]
 [  0.        ]
 [ 13.96785935]
 [-48.50018721]
 [ -6.50281685]
 [-20.53029347]
 [  0.        ]
 [  0.        ]
 [ 81.63623859]
 [  0.        ]
 [  2.22716327]
 [ 78.16761475]
 [  0.        ]
 [  8.33979575]]
Cost for size: 0.125 is equal 151830.62138046647
Theta is equal: [[362.60767201]
 [  0.        ]
 [ -4.31666876]
 [-50.8289242 ]
 [-20.76966439]
 [  0.        ]
 [  0.        ]
 [  1.75767966]
 [ -7.42752616]
 [ -6.71872098]
 [ 14.98477262]
 [-40.97952715]
 [  0.        ]
 [  0.        ]
 [-28.93535951]
 [  5.92644867]
 [ 37.6279458 ]
 [ 10.82316579]
 [  0.        ]
 [ 75.49504586]
 [-27.34240865]
 [  0.        ]]
Cost for size: 0.25 is equal 139515.52367875574
Theta is equal: [[518.52560789]
 [-23.08443817]
 [-14.18271481]
 [-16.30752983]
 [-26.23398453]
 [ -3.34191234]
 [  0.        ]
 [  0.        ]
 [ -5.43333052]
 [  0.        ]
 [ 10.3998888 ]
 [-11.39807578]
 [ -4.64225934]
 [ 11.01526157]
 [ -5.532438  ]
 [  0.        ]
 [  0.        ]
 [  4.97663858]
 [  0.        ]
 [ 33.50179623]
 [ -9.99369057]
 [  0.        ]]
Cost for size: 0.5 is equal 126853.40610969526
Theta is equal: [[ 5.23489831e+02]
 [-2.45366846e+01]
 [-1.43424701e+01]
 [-7.68935013e+00]
 [-5.31622768e+00]
 [-1.95387312e+01]
 [ 0.00000000e+00]
 [ 8.39397623e+00]
 [-6.35881454e+00]
 [ 0.00000000e+00]
 [-4.87313845e-01]
 [-7.05027743e+00]
 [ 0.00000000e+00]
 [ 0.00000000e+00]
 [ 0.00000000e+00]
 [-3.98387887e+00]
 [ 1.60424567e+01]
 [ 6.25670262e+00]
 [ 0.00000000e+00]
 [ 6.66091453e+00]
 [ 0.00000000e+00]
 [-3.80749032e+01]]
Cost for size: 0.625 is equal 125936.83309164732
Theta is equal: [[517.87253051]
 [-29.0816166 ]
 [-12.38605717]
 [ -7.67178954]
 [ -5.21874359]
 [-14.67227568]
 [  0.        ]
 [  9.55272895]
 [ -5.67852129]
 [ -1.59556913]
 [ -2.47481853]
 [ -6.38940267]
 [  0.        ]
 [  0.        ]
 [  0.        ]
 [ -4.99843218]
 [ 20.24094178]
 [  0.        ]
 [  0.        ]
 [  4.33886786]
 [  0.        ]
 [-38.61907083]]
Cost for size: 0.75 is equal 124779.92244177943
Theta is equal: [[517.08288265]
 [-28.47711276]
 [ -8.89029808]
 [ -9.71063769]
 [ -0.77551255]
 [-11.23282712]
 [  0.        ]
 [  7.14185969]
 [ -3.46297582]
 [ -3.10698066]
 [  0.        ]
 [-10.74388251]
 [  0.90522578]
 [  0.        ]
 [  0.        ]
 [ -0.75855308]
 [ 25.23245823]
 [  1.52590226]
 [  0.        ]
 [  0.        ]
 [  0.        ]
 [-37.52690721]]
Cost for size: 0.875 is equal 124661.9378511243
Theta is equal: [[492.03397393]
 [-23.95027276]
 [-11.63179791]
 [-10.61368661]
 [  0.        ]
 [-10.49325562]
 [  0.        ]
 [  8.15666907]
 [ -4.74399107]
 [ -3.74251566]
 [ -1.74450388]
 [-10.57954021]
 [  0.50808521]
 [  0.        ]
 [  0.        ]
 [ -1.79503209]
 [ 32.04002706]
 [  0.        ]
 [  0.        ]
 [  0.        ]
 [  0.        ]
 [-32.44767246]]
Cost for size: 1 is equal 125447.32721713137
Theta is equal: [[479.29430435]
 [-22.47948581]
 [-12.6485919 ]
 [ -7.90572774]
 [  0.        ]
 [ -5.70307799]
 [  0.        ]
 [ 10.07611619]
 [ -4.73078987]
 [ -4.1429339 ]
 [ -4.76903197]
 [ -9.79616888]
 [  0.        ]
 [  0.        ]
 [  0.        ]
 [ -6.53291864]
 [ 28.11765708]
 [  0.        ]
 [  0.        ]
 [  0.        ]
 [  0.        ]
 [-28.36812694]]

