Minimal lambda 0.02375405081051399
Cost for size: 0.01 is equal 308705.48723651265
Theta is equal: [[ 363.00296276]
 [ 293.79250953]
 [-123.32914128]
 [ 129.88604488]
 [  22.87750621]
 [-122.20986316]
 [  61.46842833]
 [ 293.79250953]
 [ 174.7663228 ]
 [  -2.78559769]
 [ -32.63076777]
 [  26.58071846]
 [ -39.24675039]
 [  18.68726401]
 [-123.32914128]
 [  -2.78559769]
 [-166.20934357]
 [ 134.22239625]
 [-224.45596452]
 [ -70.80748041]
 [ -27.84381659]
 [ 129.88604488]
 [ -32.63076777]
 [ 134.22239625]
 [ 310.43430373]
 [   5.64542204]
 [  31.6551435 ]
 [  26.52278879]
 [  22.87750621]
 [  26.58071846]
 [-224.45596452]
 [   5.64542204]
 [  56.86450741]
 [ -40.50913039]
 [-136.311467  ]
 [-122.20986316]
 [ -39.24675039]
 [ -70.80748041]
 [  31.6551435 ]
 [ -40.50913039]
 [ 118.93100992]
 [  13.75331978]
 [  61.46842833]
 [  18.68726401]
 [ -27.84381659]
 [  26.52278879]
 [-136.311467  ]
 [  13.75331978]
 [   1.30758631]]
Cost for size: 0.02 is equal 147240.9054310806
Theta is equal: [[ 504.57727528]
 [  13.08095726]
 [  -1.10788971]
 [   5.74719853]
 [ 163.81208405]
 [ -35.05468263]
 [ -78.81400187]
 [  13.08095726]
 [  80.76399774]
 [ -14.19360383]
 [-261.58041708]
 [ -56.52420219]
 [ -47.67244322]
 [-101.21618621]
 [  -1.10788971]
 [ -14.19360383]
 [ -75.47711872]
 [  82.24859005]
 [-226.3020985 ]
 [  56.5711407 ]
 [  -5.31257817]
 [   5.74719853]
 [-261.58041708]
 [  82.24859005]
 [ 175.41247754]
 [  28.14504685]
 [ -76.20600563]
 [-136.90875904]
 [ 163.81208405]
 [ -56.52420219]
 [-226.3020985 ]
 [  28.14504685]
 [ 107.71194426]
 [  -8.77427967]
 [ -99.91067339]
 [ -35.05468263]
 [ -47.67244322]
 [  56.5711407 ]
 [ -76.20600563]
 [  -8.77427967]
 [ -60.14211664]
 [ -97.50472079]
 [ -78.81400187]
 [-101.21618621]
 [  -5.31257817]
 [-136.90875904]
 [ -99.91067339]
 [ -97.50472079]
 [ -67.54493133]]
Cost for size: 0.03 is equal 136215.08095304345
Theta is equal: [[ 507.93595715]
 [ -92.16984662]
 [ 118.23776069]
 [  30.36711904]
 [ 110.23591979]
 [ -87.11351443]
 [ -59.62819428]
 [ -92.16984662]
 [-139.22125098]
 [ -46.10410689]
 [-125.93977673]
 [  34.85872552]
 [-112.06791359]
 [ -35.01082646]
 [ 118.23776069]
 [ -46.10410689]
 [-130.11390644]
 [  58.38700817]
 [-152.11547253]
 [  94.64481443]
 [  76.17751537]
 [  30.36711904]
 [-125.93977673]
 [  58.38700817]
 [  47.45533584]
 [  58.86172414]
 [ -45.29368813]
 [-194.306993  ]
 [ 110.23591979]
 [  34.85872552]
 [-152.11547253]
 [  58.86172414]
 [ -45.34077466]
 [   4.9116263 ]
 [ -56.51981632]
 [ -87.11351443]
 [-112.06791359]
 [  94.64481443]
 [ -45.29368813]
 [   4.9116263 ]
 [ -87.13399562]
 [-101.78155939]
 [ -59.62819428]
 [ -35.01082646]
 [  76.17751537]
 [-194.306993  ]
 [ -56.51981632]
 [-101.78155939]
 [-108.02084768]]
Cost for size: 0.075 is equal 134357.14546718917
Theta is equal: [[ 357.90574466]
 [ -46.50973966]
 [  71.58265892]
 [  49.05175077]
 [  57.2792353 ]
 [-101.05578136]
 [ -42.41466833]
 [ -46.50973966]
 [ -73.62469688]
 [ -78.06186951]
 [ -75.38045031]
 [  67.31178203]
 [ -89.15975128]
 [   1.30656621]
 [  71.58265892]
 [ -78.06186951]
 [  17.92824827]
 [ -51.78675202]
 [ -41.44921556]
 [  40.11601616]
 [   8.79783539]
 [  49.05175077]
 [ -75.38045031]
 [ -51.78675202]
 [ 107.38898076]
 [  -2.09495098]
 [-105.73972651]
 [ -29.96274873]
 [  57.2792353 ]
 [  67.31178203]
 [ -41.44921556]
 [  -2.09495098]
 [ 115.35169395]
 [ -72.36431086]
 [-131.35350306]
 [-101.05578136]
 [ -89.15975128]
 [  40.11601616]
 [-105.73972651]
 [ -72.36431086]
 [   9.48212804]
 [ -16.85049705]
 [ -42.41466833]
 [   1.30656621]
 [   8.79783539]
 [ -29.96274873]
 [-131.35350306]
 [ -16.85049705]
 [ -56.43806607]]
Cost for size: 0.125 is equal 133834.13054857537
Theta is equal: [[349.82486372]
 [-38.25679003]
 [ 78.99229504]
 [ 42.93600208]
 [  8.61941941]
 [-89.62474736]
 [-35.13641965]
 [-38.25679003]
 [-75.47362357]
 [-77.00357964]
 [-86.33547788]
 [ 98.71462079]
 [-44.45364011]
 [ 23.64509118]
 [ 78.99229504]
 [-77.00357964]
 [ 47.14697049]
 [-45.15621867]
 [-10.44826248]
 [ 54.61693057]
 [-33.04737425]
 [ 42.93600208]
 [-86.33547788]
 [-45.15621867]
 [109.10587814]
 [ 76.66827617]
 [-81.15937114]
 [ 12.7453011 ]
 [  8.61941941]
 [ 98.71462079]
 [-10.44826248]
 [ 76.66827617]
 [ 98.3332238 ]
 [-84.98968953]
 [ -3.58758689]
 [-89.62474736]
 [-44.45364011]
 [ 54.61693057]
 [-81.15937114]
 [-84.98968953]
 [-32.94369015]
 [ -6.34440859]
 [-35.13641965]
 [ 23.64509118]
 [-33.04737425]
 [ 12.7453011 ]
 [ -3.58758689]
 [ -6.34440859]
 [-84.18504532]]
Cost for size: 0.25 is equal 130047.45966540108
Theta is equal: [[ 377.34809217]
 [ -80.90241901]
 [ 113.19337835]
 [  54.78172623]
 [ -23.65398745]
 [ -46.75207827]
 [ -17.93743778]
 [ -80.90241901]
 [ -77.61846086]
 [ -65.39759909]
 [ -53.46058571]
 [  35.41469396]
 [ -61.36195585]
 [  14.4334114 ]
 [ 113.19337835]
 [ -65.39759909]
 [ -18.49742359]
 [ -35.29925303]
 [   8.30672755]
 [  11.63676912]
 [  -5.33718753]
 [  54.78172623]
 [ -53.46058571]
 [ -35.29925303]
 [  62.44399576]
 [  55.52086305]
 [  -4.02306942]
 [  37.87741054]
 [ -23.65398745]
 [  35.41469396]
 [   8.30672755]
 [  55.52086305]
 [  55.02830229]
 [  28.60229686]
 [ -13.68793384]
 [ -46.75207827]
 [ -61.36195585]
 [  11.63676912]
 [  -4.02306942]
 [  28.60229686]
 [ -48.16395   ]
 [  -8.047191  ]
 [ -17.93743778]
 [  14.4334114 ]
 [  -5.33718753]
 [  37.87741054]
 [ -13.68793384]
 [  -8.047191  ]
 [-158.0202523 ]]
Cost for size: 0.5 is equal 128812.26104425725
Theta is equal: [[ 423.93244172]
 [ -71.82579199]
 [  95.83232574]
 [  40.02487758]
 [ -22.06830511]
 [ -28.72127822]
 [ -50.04993095]
 [ -71.82579199]
 [ -54.83342501]
 [ -62.75127355]
 [ -39.33487277]
 [  14.02951214]
 [ -26.22404616]
 [  42.94354602]
 [  95.83232574]
 [ -62.75127355]
 [ -19.66701386]
 [ -45.53811985]
 [  -3.29728364]
 [  -2.82547437]
 [  -4.3645637 ]
 [  40.02487758]
 [ -39.33487277]
 [ -45.53811985]
 [  21.96658667]
 [  32.96042301]
 [  13.36795406]
 [  27.01168983]
 [ -22.06830511]
 [  14.02951214]
 [  -3.29728364]
 [  32.96042301]
 [  76.15838819]
 [ -49.59218328]
 [  -4.92053012]
 [ -28.72127822]
 [ -26.22404616]
 [  -2.82547437]
 [  13.36795406]
 [ -49.59218328]
 [ -48.02413931]
 [ -15.16797038]
 [ -50.04993095]
 [  42.94354602]
 [  -4.3645637 ]
 [  27.01168983]
 [  -4.92053012]
 [ -15.16797038]
 [-147.27520411]]
Cost for size: 0.625 is equal 128238.14449278843
Theta is equal: [[ 428.3297597 ]
 [ -83.03364037]
 [ 104.90118024]
 [  24.70529747]
 [ -18.72055409]
 [ -27.70085413]
 [ -67.90010657]
 [ -83.03364037]
 [ -37.44237861]
 [ -59.06232099]
 [ -47.18791935]
 [   8.14047059]
 [ -33.59741601]
 [  25.55705227]
 [ 104.90118024]
 [ -59.06232099]
 [ -31.06972082]
 [ -52.77831584]
 [   2.89106023]
 [   3.52041999]
 [  -2.57911789]
 [  24.70529747]
 [ -47.18791935]
 [ -52.77831584]
 [  22.48164069]
 [  33.12403541]
 [  11.98246992]
 [  26.57193334]
 [ -18.72055409]
 [   8.14047059]
 [   2.89106023]
 [  33.12403541]
 [ 100.31647099]
 [  -7.38151638]
 [ -28.01083492]
 [ -27.70085413]
 [ -33.59741601]
 [   3.52041999]
 [  11.98246992]
 [  -7.38151638]
 [ -38.91147873]
 [ -25.28256093]
 [ -67.90010657]
 [  25.55705227]
 [  -2.57911789]
 [  26.57193334]
 [ -28.01083492]
 [ -25.28256093]
 [-136.9550117 ]]
Cost for size: 0.75 is equal 128460.9912142242
Theta is equal: [[ 418.05297548]
 [ -82.64045048]
 [ 111.44252834]
 [  39.11295329]
 [ -12.99843254]
 [ -20.31588704]
 [ -59.20560016]
 [ -82.64045048]
 [ -29.88303905]
 [ -64.54297349]
 [ -45.47407266]
 [  -5.21319245]
 [ -31.01608335]
 [  33.06465236]
 [ 111.44252834]
 [ -64.54297349]
 [ -38.34403944]
 [ -62.55215886]
 [  11.2588877 ]
 [   4.41972462]
 [  -6.61737261]
 [  39.11295329]
 [ -45.47407266]
 [ -62.55215886]
 [   2.92610224]
 [  11.78122002]
 [  -3.7733952 ]
 [  27.18600397]
 [ -12.99843254]
 [  -5.21319245]
 [  11.2588877 ]
 [  11.78122002]
 [  77.77132985]
 [  -5.64145282]
 [ -12.90368323]
 [ -20.31588704]
 [ -31.01608335]
 [   4.41972462]
 [  -3.7733952 ]
 [  -5.64145282]
 [ -25.22125931]
 [   5.00140018]
 [ -59.20560016]
 [  33.06465236]
 [  -6.61737261]
 [  27.18600397]
 [ -12.90368323]
 [   5.00140018]
 [-126.05169691]]
Cost for size: 0.875 is equal 129599.31728458677
Theta is equal: [[ 404.61093334]
 [ -87.91756965]
 [ 109.26485568]
 [  42.61047067]
 [  -7.48596912]
 [ -11.10426329]
 [ -57.42147996]
 [ -87.91756965]
 [ -28.2522497 ]
 [ -61.97775914]
 [ -41.89050356]
 [  -9.51788188]
 [ -25.0416037 ]
 [  30.23653354]
 [ 109.26485568]
 [ -61.97775914]
 [ -35.32621596]
 [ -76.41947535]
 [   1.55103787]
 [  -2.73816711]
 [  -9.76250737]
 [  42.61047067]
 [ -41.89050356]
 [ -76.41947535]
 [  13.52704308]
 [  10.92714099]
 [   6.35833786]
 [  26.61383639]
 [  -7.48596912]
 [  -9.51788188]
 [   1.55103787]
 [  10.92714099]
 [  91.93988307]
 [  -7.05570851]
 [ -25.21595911]
 [ -11.10426329]
 [ -25.0416037 ]
 [  -2.73816711]
 [   6.35833786]
 [  -7.05570851]
 [ -26.60349119]
 [   3.67394266]
 [ -57.42147996]
 [  30.23653354]
 [  -9.76250737]
 [  26.61383639]
 [ -25.21595911]
 [   3.67394266]
 [-118.02283072]]
Cost for size: 1 is equal 128909.9108449912
Theta is equal: [[ 410.7865454 ]
 [ -86.60116154]
 [ 102.6543886 ]
 [  43.13699112]
 [ -12.84260683]
 [ -13.53007219]
 [ -46.35946255]
 [ -86.60116154]
 [ -41.40135118]
 [ -55.15264518]
 [ -47.55625341]
 [  -1.3911516 ]
 [ -31.23167452]
 [  22.52022561]
 [ 102.6543886 ]
 [ -55.15264518]
 [ -19.16634492]
 [ -67.97991205]
 [  -3.17101671]
 [  -6.43009441]
 [ -16.81910373]
 [  43.13699112]
 [ -47.55625341]
 [ -67.97991205]
 [  13.43263632]
 [  19.28154117]
 [   7.27080401]
 [  13.74268297]
 [ -12.84260683]
 [  -1.3911516 ]
 [  -3.17101671]
 [  19.28154117]
 [  99.05790578]
 [ -18.86181837]
 [ -33.66367478]
 [ -13.53007219]
 [ -31.23167452]
 [  -6.43009441]
 [   7.27080401]
 [ -18.86181837]
 [ -20.15328015]
 [   1.05636483]
 [ -46.35946255]
 [  22.52022561]
 [ -16.81910373]
 [  13.74268297]
 [ -33.66367478]
 [   1.05636483]
 [-121.75414111]]

Minimal lambda 0.037823166377731456
Cost for size: 0.01 is equal 292763.09114257083
Theta is equal: [[ 179.39078228]
 [-110.97755057]
 [   6.6134892 ]
 [  -0.76771052]
 [-105.67953034]
 [  36.99593621]
 [ 142.77750162]
 [-110.97755057]
 [ -98.10004286]
 [-121.70962487]
 [ -43.03060599]
 [-129.40743138]
 [ 114.37123414]
 [  -7.59518617]
 [   6.6134892 ]
 [-121.70962487]
 [  86.69941522]
 [ -68.24856284]
 [ 140.91445317]
 [-202.2898881 ]
 [ 131.79956548]
 [  -0.76771052]
 [ -43.03060599]
 [ -68.24856284]
 [  52.25294452]
 [-234.63127452]
 [  13.88961339]
 [ -98.56771785]
 [-105.67953034]
 [-129.40743138]
 [ 140.91445317]
 [-234.63127452]
 [ 210.49269492]
 [-232.06624233]
 [  30.71253988]
 [  36.99593621]
 [ 114.37123414]
 [-202.2898881 ]
 [  13.88961339]
 [-232.06624233]
 [ 121.76460853]
 [ -82.03185502]
 [ 142.77750162]
 [  -7.59518617]
 [ 131.79956548]
 [ -98.56771785]
 [  30.71253988]
 [ -82.03185502]
 [ -25.06168046]]
Cost for size: 0.02 is equal 198650.37618076312
Theta is equal: [[ 398.94734374]
 [-141.92978208]
 [ -37.82379086]
 [ -74.64423412]
 [  87.54814338]
 [  83.15720646]
 [ -23.40132645]
 [-141.92978208]
 [ -10.33351096]
 [ -22.17961627]
 [  12.1371008 ]
 [-134.45556437]
 [  56.94157246]
 [-111.53379197]
 [ -37.82379086]
 [ -22.17961627]
 [  24.18954444]
 [   0.5956518 ]
 [  32.8916306 ]
 [ -96.7573757 ]
 [  96.48633238]
 [ -74.64423412]
 [  12.1371008 ]
 [   0.5956518 ]
 [-157.40889887]
 [-140.87243722]
 [ -95.86811965]
 [-201.03971228]
 [  87.54814338]
 [-134.45556437]
 [  32.8916306 ]
 [-140.87243722]
 [ 305.03524093]
 [-135.16728389]
 [ 117.96762986]
 [  83.15720646]
 [  56.94157246]
 [ -96.7573757 ]
 [ -95.86811965]
 [-135.16728389]
 [ -19.07336055]
 [-107.08188843]
 [ -23.40132645]
 [-111.53379197]
 [  96.48633238]
 [-201.03971228]
 [ 117.96762986]
 [-107.08188843]
 [  -0.51315215]]
Cost for size: 0.03 is equal 156028.85929806132
Theta is equal: [[ 447.29608495]
 [-113.81578124]
 [  31.49832439]
 [ -36.31716903]
 [  71.4088998 ]
 [  66.43365709]
 [ -33.87964264]
 [-113.81578124]
 [ -43.70260573]
 [ -65.58276346]
 [  55.00369172]
 [  28.52154679]
 [  98.03347871]
 [ -23.10704277]
 [  31.49832439]
 [ -65.58276346]
 [ -52.54595759]
 [ -39.08179321]
 [  61.06332549]
 [-135.21685015]
 [  30.00935218]
 [ -36.31716903]
 [  55.00369172]
 [ -39.08179321]
 [-169.43890612]
 [-112.59921461]
 [ -81.34338102]
 [-182.03598845]
 [  71.4088998 ]
 [  28.52154679]
 [  61.06332549]
 [-112.59921461]
 [ 320.37757754]
 [ -40.13407507]
 [ 129.45074931]
 [  66.43365709]
 [  98.03347871]
 [-135.21685015]
 [ -81.34338102]
 [ -40.13407507]
 [  76.51396278]
 [   4.9592817 ]
 [ -33.87964264]
 [ -23.10704277]
 [  30.00935218]
 [-182.03598845]
 [ 129.45074931]
 [   4.9592817 ]
 [ -67.74929191]]
Cost for size: 0.075 is equal 140865.3510189144
Theta is equal: [[ 370.1215502 ]
 [-100.31570925]
 [  64.3587927 ]
 [  72.66689681]
 [  75.28730762]
 [  22.44126875]
 [ -58.01205479]
 [-100.31570925]
 [ -96.51801285]
 [ -70.24415063]
 [   7.88375082]
 [ -65.79178858]
 [  39.63774077]
 [ -11.92332806]
 [  64.3587927 ]
 [ -70.24415063]
 [ -69.06310408]
 [  10.49456215]
 [  79.17142652]
 [ -11.57424431]
 [ -86.03810113]
 [  72.66689681]
 [   7.88375082]
 [  10.49456215]
 [ -92.27651394]
 [ -18.68618195]
 [ -89.39224032]
 [ -95.82659534]
 [  75.28730762]
 [ -65.79178858]
 [  79.17142652]
 [ -18.68618195]
 [ 234.56790162]
 [  -5.09352507]
 [   7.2457907 ]
 [  22.44126875]
 [  39.63774077]
 [ -11.57424431]
 [ -89.39224032]
 [  -5.09352507]
 [  21.5253479 ]
 [ -16.92838912]
 [ -58.01205479]
 [ -11.92332806]
 [ -86.03810113]
 [ -95.82659534]
 [   7.2457907 ]
 [ -16.92838912]
 [-174.90024535]]
Cost for size: 0.125 is equal 131596.72396772736
Theta is equal: [[ 420.56361427]
 [ -72.50392514]
 [  82.40779485]
 [  80.18717091]
 [  36.83913707]
 [ -45.37693957]
 [  -2.83735972]
 [ -72.50392514]
 [ -64.29247073]
 [ -73.89168797]
 [  -9.14168964]
 [ -58.90738904]
 [  -5.87700814]
 [ -16.92687072]
 [  82.40779485]
 [ -73.89168797]
 [ -74.82956451]
 [   6.62460427]
 [  51.22074057]
 [  47.79973977]
 [ -91.94357808]
 [  80.18717091]
 [  -9.14168964]
 [   6.62460427]
 [ -52.9888472 ]
 [  42.53895581]
 [ -74.88854406]
 [ -71.89100758]
 [  36.83913707]
 [ -58.90738904]
 [  51.22074057]
 [  42.53895581]
 [ 165.52101536]
 [  -9.3313509 ]
 [ -21.98473793]
 [ -45.37693957]
 [  -5.87700814]
 [  47.79973977]
 [ -74.88854406]
 [  -9.3313509 ]
 [  24.45228053]
 [ -17.80496021]
 [  -2.83735972]
 [ -16.92687072]
 [ -91.94357808]
 [ -71.89100758]
 [ -21.98473793]
 [ -17.80496021]
 [-129.04748261]]
Cost for size: 0.25 is equal 129129.6107361364
Theta is equal: [[414.41627596]
 [-84.98559697]
 [ 86.48969014]
 [ 56.48370964]
 [ 15.55392818]
 [-54.55253363]
 [-32.64256469]
 [-84.98559697]
 [-55.29566013]
 [-75.43574192]
 [-71.34038659]
 [-20.39403146]
 [-48.60490893]
 [ 38.28931881]
 [ 86.48969014]
 [-75.43574192]
 [-68.77846244]
 [-18.6188536 ]
 [ 31.44090093]
 [-21.29969591]
 [-29.20711185]
 [ 56.48370964]
 [-71.34038659]
 [-18.6188536 ]
 [-25.56047816]
 [ 16.85294615]
 [-12.88218341]
 [-67.68921248]
 [ 15.55392818]
 [-20.39403146]
 [ 31.44090093]
 [ 16.85294615]
 [ 91.65258348]
 [-26.40113971]
 [ -4.28021798]
 [-54.55253363]
 [-48.60490893]
 [-21.29969591]
 [-12.88218341]
 [-26.40113971]
 [ 13.39473575]
 [-13.37027776]
 [-32.64256469]
 [ 38.28931881]
 [-29.20711185]
 [-67.68921248]
 [ -4.28021798]
 [-13.37027776]
 [-86.77503413]]
Cost for size: 0.5 is equal 127529.43890053527
Theta is equal: [[ 394.3740758 ]
 [ -83.09537811]
 [  94.1359767 ]
 [  69.44739145]
 [   6.11274604]
 [ -23.21590186]
 [ -23.80860084]
 [ -83.09537811]
 [ -58.0248531 ]
 [ -65.7284961 ]
 [ -59.42792988]
 [  -1.80449574]
 [ -23.51091836]
 [  18.19083728]
 [  94.1359767 ]
 [ -65.7284961 ]
 [ -30.81817139]
 [  -4.26374637]
 [   3.07011735]
 [ -11.34672989]
 [ -26.63356015]
 [  69.44739145]
 [ -59.42792988]
 [  -4.26374637]
 [ -17.75283443]
 [   9.5863702 ]
 [  12.31434756]
 [ -33.865344  ]
 [   6.11274604]
 [  -1.80449574]
 [   3.07011735]
 [   9.5863702 ]
 [  50.66208627]
 [   4.24383767]
 [   6.16505865]
 [ -23.21590186]
 [ -23.51091836]
 [ -11.34672989]
 [  12.31434756]
 [   4.24383767]
 [   3.80208142]
 [ -18.30889989]
 [ -23.80860084]
 [  18.19083728]
 [ -26.63356015]
 [ -33.865344  ]
 [   6.16505865]
 [ -18.30889989]
 [-111.04306337]]
Cost for size: 0.625 is equal 129002.2509611388
Theta is equal: [[ 3.96875650e+02]
 [-7.39962709e+01]
 [ 1.04432878e+02]
 [ 6.55497048e+01]
 [ 6.71995049e+00]
 [-2.89936137e+01]
 [-1.84049653e+01]
 [-7.39962709e+01]
 [-5.82839214e+01]
 [-4.95375842e+01]
 [-7.47430628e+01]
 [-7.51069825e+00]
 [-2.49270150e+01]
 [ 2.04924895e+01]
 [ 1.04432878e+02]
 [-4.95375842e+01]
 [-2.76654160e+01]
 [-1.46014175e+01]
 [-4.74353614e+00]
 [-4.57258170e+00]
 [-1.45449636e+01]
 [ 6.55497048e+01]
 [-7.47430628e+01]
 [-1.46014175e+01]
 [-1.24266163e+00]
 [-2.80239408e+00]
 [ 8.60926844e+00]
 [-4.90831671e+01]
 [ 6.71995049e+00]
 [-7.51069825e+00]
 [-4.74353614e+00]
 [-2.80239408e+00]
 [ 6.19215740e+01]
 [-9.50102943e+00]
 [-8.80474069e-02]
 [-2.89936137e+01]
 [-2.49270150e+01]
 [-4.57258170e+00]
 [ 8.60926844e+00]
 [-9.50102943e+00]
 [ 1.16714352e+01]
 [-3.85582185e+01]
 [-1.84049653e+01]
 [ 2.04924895e+01]
 [-1.45449636e+01]
 [-4.90831671e+01]
 [-8.80474069e-02]
 [-3.85582185e+01]
 [-1.20075509e+02]]
Cost for size: 0.75 is equal 127275.01794709258
Theta is equal: [[ 398.00291294]
 [ -79.86465612]
 [ 100.83291224]
 [  50.84934899]
 [  -0.6562383 ]
 [ -24.81618921]
 [ -23.12572118]
 [ -79.86465612]
 [ -60.30274663]
 [ -50.9071834 ]
 [ -67.27526081]
 [  -3.88860615]
 [ -28.37845975]
 [  27.91317216]
 [ 100.83291224]
 [ -50.9071834 ]
 [ -29.30262622]
 [ -20.18166296]
 [  -4.17436742]
 [ -10.17205287]
 [ -18.8658458 ]
 [  50.84934899]
 [ -67.27526081]
 [ -20.18166296]
 [   1.2188367 ]
 [   3.56985511]
 [  13.88983686]
 [ -47.6754304 ]
 [  -0.6562383 ]
 [  -3.88860615]
 [  -4.17436742]
 [   3.56985511]
 [  52.09837497]
 [  10.34693473]
 [  -7.16583977]
 [ -24.81618921]
 [ -28.37845975]
 [ -10.17205287]
 [  13.88983686]
 [  10.34693473]
 [  15.26611741]
 [ -21.18650272]
 [ -23.12572118]
 [  27.91317216]
 [ -18.8658458 ]
 [ -47.6754304 ]
 [  -7.16583977]
 [ -21.18650272]
 [-108.4485729 ]]
Cost for size: 0.875 is equal 127421.39512902037
Theta is equal: [[ 385.2811284 ]
 [ -78.5098423 ]
 [ 101.79495963]
 [  41.0509559 ]
 [   3.73362908]
 [ -20.86461202]
 [ -19.81265782]
 [ -78.5098423 ]
 [ -56.69467722]
 [ -49.38239205]
 [ -61.28038836]
 [   2.56081144]
 [ -30.42115058]
 [  32.17685423]
 [ 101.79495963]
 [ -49.38239205]
 [ -18.75088569]
 [ -37.30663854]
 [   4.94110626]
 [  -8.42868704]
 [ -25.99414894]
 [  41.0509559 ]
 [ -61.28038836]
 [ -37.30663854]
 [  10.54424285]
 [   8.41194151]
 [   8.80875543]
 [ -33.41819628]
 [   3.73362908]
 [   2.56081144]
 [   4.94110626]
 [   8.41194151]
 [  69.78765265]
 [   5.63056081]
 [ -12.78830262]
 [ -20.86461202]
 [ -30.42115058]
 [  -8.42868704]
 [   8.80875543]
 [   5.63056081]
 [   8.88813953]
 [ -24.69178605]
 [ -19.81265782]
 [  32.17685423]
 [ -25.99414894]
 [ -33.41819628]
 [ -12.78830262]
 [ -24.69178605]
 [-106.15015647]]
Cost for size: 1 is equal 127142.7408507644
Theta is equal: [[379.92267963]
 [-76.8941495 ]
 [104.16323933]
 [ 43.30900303]
 [ -6.18053475]
 [-19.72049109]
 [-28.72166148]
 [-76.8941495 ]
 [-52.52982283]
 [-48.79082746]
 [-55.10301941]
 [ -6.83566329]
 [-28.53305377]
 [ 24.24543267]
 [104.16323933]
 [-48.79082746]
 [-12.21716908]
 [-44.650044  ]
 [  8.13297589]
 [ -6.63706142]
 [-25.40406324]
 [ 43.30900303]
 [-55.10301941]
 [-44.650044  ]
 [ -5.47728743]
 [  7.65606599]
 [ 10.03177895]
 [-31.27389565]
 [ -6.18053475]
 [ -6.83566329]
 [  8.13297589]
 [  7.65606599]
 [ 71.45580161]
 [ -1.06649948]
 [ -9.43923744]
 [-19.72049109]
 [-28.53305377]
 [ -6.63706142]
 [ 10.03177895]
 [ -1.06649948]
 [ 17.68410369]
 [-17.44442267]
 [-28.72166148]
 [ 24.24543267]
 [-25.40406324]
 [-31.27389565]
 [ -9.43923744]
 [-17.44442267]
 [-89.93686735]]

Minimal lambda 0.029974212515947046
Cost for size: 0.01 is equal 321706.39444390294
Theta is equal: [[ 430.17310393]
 [ 299.96308045]
 [-138.22642583]
 [ -92.24282007]
 [ 148.98068126]
 [ -67.97757635]
 [  25.62941447]
 [ 299.96308045]
 [  52.85000891]
 [ 104.20634706]
 [ -70.16159057]
 [ -49.47646777]
 [  37.72336699]
 [ 160.83675806]
 [-138.22642583]
 [ 104.20634706]
 [-311.13002378]
 [-107.84054542]
 [ -67.76017375]
 [  93.96326451]
 [  26.7414404 ]
 [ -92.24282007]
 [ -70.16159057]
 [-107.84054542]
 [ 108.10525693]
 [-330.05209162]
 [-170.85728052]
 [ 141.75165431]
 [ 148.98068126]
 [ -49.47646777]
 [ -67.76017375]
 [-330.05209162]
 [ 257.84328599]
 [ -36.29984273]
 [-218.16049654]
 [ -67.97757635]
 [  37.72336699]
 [  93.96326451]
 [-170.85728052]
 [ -36.29984273]
 [ 142.02206712]
 [-105.97128686]
 [  25.62941447]
 [ 160.83675806]
 [  26.7414404 ]
 [ 141.75165431]
 [-218.16049654]
 [-105.97128686]
 [ -60.78028604]]
Cost for size: 0.02 is equal 162759.16280049027
Theta is equal: [[ 236.86436253]
 [  99.66779377]
 [  23.67564844]
 [ -20.79543218]
 [  84.46574549]
 [ -32.04683142]
 [-199.30096682]
 [  99.66779377]
 [ -53.90925957]
 [  69.68770146]
 [-227.70126683]
 [  39.14571719]
 [ 119.81545233]
 [  86.42981454]
 [  23.67564844]
 [  69.68770146]
 [  88.8751833 ]
 [ -45.36510824]
 [ -31.75383467]
 [  94.52726921]
 [ -54.17063358]
 [ -20.79543218]
 [-227.70126683]
 [ -45.36510824]
 [ 135.59591912]
 [-283.2483012 ]
 [-107.16582254]
 [ -60.43476794]
 [  84.46574549]
 [  39.14571719]
 [ -31.75383467]
 [-283.2483012 ]
 [ 155.92715098]
 [ -37.16760518]
 [ -28.52312401]
 [ -32.04683142]
 [ 119.81545233]
 [  94.52726921]
 [-107.16582254]
 [ -37.16760518]
 [ -55.05910453]
 [   3.94212411]
 [-199.30096682]
 [  86.42981454]
 [ -54.17063358]
 [ -60.43476794]
 [ -28.52312401]
 [   3.94212411]
 [ -72.12545699]]
Cost for size: 0.03 is equal 135860.64194446828
Theta is equal: [[ 358.42902019]
 [  85.47260723]
 [  29.12290232]
 [  18.71890836]
 [ 124.19663386]
 [  35.92353629]
 [-157.73948972]
 [  85.47260723]
 [ -35.28774135]
 [ -39.7113341 ]
 [-278.74876509]
 [  20.07135053]
 [  14.54323983]
 [ 128.95087398]
 [  29.12290232]
 [ -39.7113341 ]
 [  53.63604457]
 [ -59.67002212]
 [ -26.50993282]
 [  49.82166177]
 [-114.93581706]
 [  18.71890836]
 [-278.74876509]
 [ -59.67002212]
 [ 119.67516677]
 [-291.18787998]
 [ -95.88435685]
 [ -13.86253859]
 [ 124.19663386]
 [  20.07135053]
 [ -26.50993282]
 [-291.18787998]
 [ 135.9175341 ]
 [ -43.67243297]
 [ -11.22508595]
 [  35.92353629]
 [  14.54323983]
 [  49.82166177]
 [ -95.88435685]
 [ -43.67243297]
 [  42.08766625]
 [  91.99407973]
 [-157.73948972]
 [ 128.95087398]
 [-114.93581706]
 [ -13.86253859]
 [ -11.22508595]
 [  91.99407973]
 [-143.64903731]]
Cost for size: 0.075 is equal 145962.7607262601
Theta is equal: [[ 411.23826612]
 [  70.20446549]
 [ -23.58847286]
 [ -56.05109969]
 [  33.43983043]
 [ -68.86220364]
 [-117.28606428]
 [  70.20446549]
 [  -7.41443615]
 [  34.89929407]
 [-160.52228355]
 [ -25.60379361]
 [  33.53922681]
 [  91.62897067]
 [ -23.58847286]
 [  34.89929407]
 [  41.43063935]
 [ -62.78571951]
 [  31.37241613]
 [  31.94971376]
 [-100.83745221]
 [ -56.05109969]
 [-160.52228355]
 [ -62.78571951]
 [  93.67249178]
 [ -96.6098297 ]
 [ -50.96093356]
 [ -90.36891249]
 [  33.43983043]
 [ -25.60379361]
 [  31.37241613]
 [ -96.6098297 ]
 [  81.25652258]
 [ -26.98931748]
 [  23.75997583]
 [ -68.86220364]
 [  33.53922681]
 [  31.94971376]
 [ -50.96093356]
 [ -26.98931748]
 [-126.96205983]
 [  90.52641514]
 [-117.28606428]
 [  91.62897067]
 [-100.83745221]
 [ -90.36891249]
 [  23.75997583]
 [  90.52641514]
 [-199.94515951]]
Cost for size: 0.125 is equal 127023.63815972015
Theta is equal: [[ 361.69173822]
 [ -10.13417731]
 [  23.31899072]
 [   9.03412271]
 [  46.40053121]
 [-100.59738013]
 [ -85.8392962 ]
 [ -10.13417731]
 [ -41.01636967]
 [ -36.33559339]
 [ -87.20677365]
 [ -20.99809756]
 [ -31.51816635]
 [  47.90811877]
 [  23.31899072]
 [ -36.33559339]
 [  75.77409107]
 [ -48.05586674]
 [   3.85134656]
 [ -12.81640884]
 [ -46.10477434]
 [   9.03412271]
 [ -87.20677365]
 [ -48.05586674]
 [  44.72519094]
 [  -4.17549983]
 [  -6.00784742]
 [ -36.41625221]
 [  46.40053121]
 [ -20.99809756]
 [   3.85134656]
 [  -4.17549983]
 [  29.4417649 ]
 [ -33.18347354]
 [  36.92785778]
 [-100.59738013]
 [ -31.51816635]
 [ -12.81640884]
 [  -6.00784742]
 [ -33.18347354]
 [ -16.19014256]
 [ -36.29905286]
 [ -85.8392962 ]
 [  47.90811877]
 [ -46.10477434]
 [ -36.41625221]
 [  36.92785778]
 [ -36.29905286]
 [-134.04694003]]
Cost for size: 0.25 is equal 118422.04528891775
Theta is equal: [[ 435.49747589]
 [ -14.1033489 ]
 [  57.12289704]
 [  -7.00092515]
 [  22.71307528]
 [ -40.47012908]
 [ -80.46826678]
 [ -14.1033489 ]
 [-103.37067155]
 [ -64.52014618]
 [ -40.15964271]
 [ -23.22924649]
 [ -40.80472642]
 [  31.87677752]
 [  57.12289704]
 [ -64.52014618]
 [  27.44244153]
 [ -14.81823746]
 [  -2.81562258]
 [ -22.43144785]
 [ -48.14350732]
 [  -7.00092515]
 [ -40.15964271]
 [ -14.81823746]
 [ -14.76424899]
 [ -15.79506199]
 [ -19.7693896 ]
 [ -51.3125913 ]
 [  22.71307528]
 [ -23.22924649]
 [  -2.81562258]
 [ -15.79506199]
 [  44.09970081]
 [ -44.03942344]
 [  16.77428003]
 [ -40.47012908]
 [ -40.80472642]
 [ -22.43144785]
 [ -19.7693896 ]
 [ -44.03942344]
 [  -1.246852  ]
 [  -3.68825854]
 [ -80.46826678]
 [  31.87677752]
 [ -48.14350732]
 [ -51.3125913 ]
 [  16.77428003]
 [  -3.68825854]
 [-148.31065435]]
Cost for size: 0.5 is equal 118779.33055625929
Theta is equal: [[ 418.82421468]
 [ -43.81462086]
 [  87.53803681]
 [  23.94713615]
 [ -22.25290863]
 [ -46.9815471 ]
 [ -58.68685653]
 [ -43.81462086]
 [-106.26747857]
 [ -47.43985727]
 [ -45.11835785]
 [ -14.82957281]
 [ -33.08116888]
 [   9.52225769]
 [  87.53803681]
 [ -47.43985727]
 [   1.24256317]
 [ -28.64722167]
 [  31.5207541 ]
 [   4.09465329]
 [ -51.08401134]
 [  23.94713615]
 [ -45.11835785]
 [ -28.64722167]
 [  -4.8461827 ]
 [ -21.33395585]
 [  -7.25732909]
 [ -26.14698629]
 [ -22.25290863]
 [ -14.82957281]
 [  31.5207541 ]
 [ -21.33395585]
 [  37.91415251]
 [   5.6492259 ]
 [ -48.50219975]
 [ -46.9815471 ]
 [ -33.08116888]
 [   4.09465329]
 [  -7.25732909]
 [   5.6492259 ]
 [ -41.55611345]
 [   7.78461924]
 [ -58.68685653]
 [   9.52225769]
 [ -51.08401134]
 [ -26.14698629]
 [ -48.50219975]
 [   7.78461924]
 [ -86.38160508]]
Cost for size: 0.625 is equal 118338.68972305629
Theta is equal: [[423.04079326]
 [-53.29056157]
 [ 91.72464118]
 [ 32.61498416]
 [  6.99991175]
 [-38.40144473]
 [-53.29072475]
 [-53.29056157]
 [-93.54200472]
 [-51.77675203]
 [-44.01363761]
 [-25.42540857]
 [-31.7322976 ]
 [  1.24682777]
 [ 91.72464118]
 [-51.77675203]
 [ -5.81703448]
 [ -6.24155047]
 [ 23.45171242]
 [ -4.11841601]
 [-35.13185724]
 [ 32.61498416]
 [-44.01363761]
 [ -6.24155047]
 [-35.68828889]
 [-11.83231755]
 [ 23.61982392]
 [-23.90425401]
 [  6.99991175]
 [-25.42540857]
 [ 23.45171242]
 [-11.83231755]
 [ 19.80047626]
 [ 11.20495869]
 [-39.55868998]
 [-38.40144473]
 [-31.7322976 ]
 [ -4.11841601]
 [ 23.61982392]
 [ 11.20495869]
 [-37.11071288]
 [ -2.6230913 ]
 [-53.29072475]
 [  1.24682777]
 [-35.13185724]
 [-23.90425401]
 [-39.55868998]
 [ -2.6230913 ]
 [-89.16082094]]
Cost for size: 0.75 is equal 118049.6284584602
Theta is equal: [[ 4.33195907e+02]
 [-4.83405897e+01]
 [ 8.25977128e+01]
 [ 2.96511406e+01]
 [ 1.16114402e+01]
 [-4.17631934e+01]
 [-3.81106304e+01]
 [-4.83405897e+01]
 [-9.42648488e+01]
 [-5.22592916e+01]
 [-4.87620816e+01]
 [-1.91074808e+01]
 [-2.63558723e+01]
 [ 1.49497800e+01]
 [ 8.25977128e+01]
 [-5.22592916e+01]
 [-1.13009883e+01]
 [-2.34477476e-01]
 [ 1.38205250e+01]
 [-7.17719956e+00]
 [-3.99921281e+01]
 [ 2.96511406e+01]
 [-4.87620816e+01]
 [-2.34477476e-01]
 [-4.11033869e+01]
 [-4.83584828e-01]
 [ 2.96286512e+01]
 [-1.29580799e+01]
 [ 1.16114402e+01]
 [-1.91074808e+01]
 [ 1.38205250e+01]
 [-4.83584828e-01]
 [ 3.79873246e+01]
 [ 9.04014855e+00]
 [-1.78961376e+01]
 [-4.17631934e+01]
 [-2.63558723e+01]
 [-7.17719956e+00]
 [ 2.96286512e+01]
 [ 9.04014855e+00]
 [-3.55223409e+01]
 [-6.05493721e+00]
 [-3.81106304e+01]
 [ 1.49497800e+01]
 [-3.99921281e+01]
 [-1.29580799e+01]
 [-1.78961376e+01]
 [-6.05493721e+00]
 [-7.01847334e+01]]
Cost for size: 0.875 is equal 117373.48516317419
Theta is equal: [[424.26207211]
 [-61.9310028 ]
 [ 86.26557099]
 [ 30.54207096]
 [ 11.24061015]
 [-32.58313027]
 [-38.75847916]
 [-61.9310028 ]
 [-82.90739571]
 [-58.00592862]
 [-51.62871309]
 [-15.97883384]
 [-24.41740512]
 [ 20.40730365]
 [ 86.26557099]
 [-58.00592862]
 [-11.63354507]
 [-27.5686022 ]
 [  0.61160024]
 [  4.12122125]
 [-25.16970819]
 [ 30.54207096]
 [-51.62871309]
 [-27.5686022 ]
 [ -6.40503258]
 [  5.93161246]
 [  7.01039323]
 [-12.06363256]
 [ 11.24061015]
 [-15.97883384]
 [  0.61160024]
 [  5.93161246]
 [ 68.45696959]
 [  3.99157268]
 [-22.32800991]
 [-32.58313027]
 [-24.41740512]
 [  4.12122125]
 [  7.01039323]
 [  3.99157268]
 [-20.80343513]
 [ -8.24659319]
 [-38.75847916]
 [ 20.40730365]
 [-25.16970819]
 [-12.06363256]
 [-22.32800991]
 [ -8.24659319]
 [-77.69348778]]
Cost for size: 1 is equal 117873.20718527291
Theta is equal: [[430.74815167]
 [-67.78906985]
 [ 82.74127884]
 [ 29.59802757]
 [  2.73815073]
 [-20.47708953]
 [-41.36750823]
 [-67.78906985]
 [-75.66482558]
 [-61.64891997]
 [-34.70555101]
 [-20.48065061]
 [-29.9093313 ]
 [  4.09252204]
 [ 82.74127884]
 [-61.64891997]
 [-18.68842683]
 [-38.44218105]
 [  2.17322389]
 [ -2.40333553]
 [-29.56165873]
 [ 29.59802757]
 [-34.70555101]
 [-38.44218105]
 [ -3.23703172]
 [ 10.98401636]
 [ -1.03674944]
 [ -8.23538962]
 [  2.73815073]
 [-20.48065061]
 [  2.17322389]
 [ 10.98401636]
 [ 70.68047485]
 [ 15.59320433]
 [-27.66365636]
 [-20.47708953]
 [-29.9093313 ]
 [ -2.40333553]
 [ -1.03674944]
 [ 15.59320433]
 [-11.86737787]
 [  1.57835178]
 [-41.36750823]
 [  4.09252204]
 [-29.56165873]
 [ -8.23538962]
 [-27.66365636]
 [  1.57835178]
 [-89.14372232]]

Minimal lambda 0.011822447063227036
Cost for size: 0.01 is equal 245563.19968190274
Theta is equal: [[ 596.68148569]
 [  69.91163603]
 [ 132.25680943]
 [-157.3222314 ]
 [  97.3893988 ]
 [ -60.49371273]
 [  -4.70287401]
 [  69.91163603]
 [-253.26455633]
 [-208.81825905]
 [ -92.30552103]
 [-106.99079997]
 [ -45.51117398]
 [  48.2485543 ]
 [ 132.25680943]
 [-208.81825905]
 [ 298.53844091]
 [-182.51104979]
 [ 115.68851217]
 [-117.85170438]
 [-274.13436549]
 [-157.3222314 ]
 [ -92.30552103]
 [-182.51104979]
 [  74.90872888]
 [  12.91750257]
 [ 105.17356792]
 [   1.12764241]
 [  97.3893988 ]
 [-106.99079997]
 [ 115.68851217]
 [  12.91750257]
 [-165.41194939]
 [  89.51452233]
 [-246.07319406]
 [ -60.49371273]
 [ -45.51117398]
 [-117.85170438]
 [ 105.17356792]
 [  89.51452233]
 [  92.85529645]
 [  69.88312342]
 [  -4.70287401]
 [  48.2485543 ]
 [-274.13436549]
 [   1.12764241]
 [-246.07319406]
 [  69.88312342]
 [-233.32089489]]
Cost for size: 0.02 is equal 169292.7222604967
Theta is equal: [[ 451.49111814]
 [ 105.86035557]
 [  67.05685274]
 [  63.16894693]
 [  65.69485131]
 [  43.28221334]
 [ -29.18648273]
 [ 105.86035557]
 [-307.69051443]
 [-311.55085325]
 [ -33.4136634 ]
 [-151.60669791]
 [  23.98006419]
 [ 200.91628149]
 [  67.05685274]
 [-311.55085325]
 [   5.20937736]
 [  14.34728381]
 [ 144.33781386]
 [  32.48637647]
 [-236.42957624]
 [  63.16894693]
 [ -33.4136634 ]
 [  14.34728381]
 [  -3.15159741]
 [-179.52296657]
 [-183.46603599]
 [ -64.30284055]
 [  65.69485131]
 [-151.60669791]
 [ 144.33781386]
 [-179.52296657]
 [ 283.49421036]
 [-109.40678914]
 [ -63.28868242]
 [  43.28221334]
 [  23.98006419]
 [  32.48637647]
 [-183.46603599]
 [-109.40678914]
 [ -35.5778682 ]
 [ 232.92072386]
 [ -29.18648273]
 [ 200.91628149]
 [-236.42957624]
 [ -64.30284055]
 [ -63.28868242]
 [ 232.92072386]
 [-183.2001641 ]]
Cost for size: 0.03 is equal 163089.48122399286
Theta is equal: [[ 3.76687045e+02]
 [ 7.11459087e+01]
 [ 1.42459122e+02]
 [ 1.06033316e+02]
 [ 4.34049467e+01]
 [ 6.66033738e+01]
 [ 9.89773679e+01]
 [ 7.11459087e+01]
 [-3.31669536e+02]
 [-2.11582304e+02]
 [-5.63703671e+01]
 [-2.17654542e+02]
 [-2.39206584e+01]
 [ 1.63943841e+02]
 [ 1.42459122e+02]
 [-2.11582304e+02]
 [ 3.15894012e+00]
 [ 4.72155708e+01]
 [-4.04453555e+01]
 [ 8.55950580e+01]
 [-3.37846663e-01]
 [ 1.06033316e+02]
 [-5.63703671e+01]
 [ 4.72155708e+01]
 [ 7.86266151e+01]
 [-1.50215246e+02]
 [-2.65792356e+02]
 [ 1.08339769e+02]
 [ 4.34049467e+01]
 [-2.17654542e+02]
 [-4.04453555e+01]
 [-1.50215246e+02]
 [ 4.89763122e+02]
 [-3.94071974e+01]
 [-3.35831934e+02]
 [ 6.66033738e+01]
 [-2.39206584e+01]
 [ 8.55950580e+01]
 [-2.65792356e+02]
 [-3.94071974e+01]
 [-1.93165594e+02]
 [ 6.81399924e+01]
 [ 9.89773679e+01]
 [ 1.63943841e+02]
 [-3.37846663e-01]
 [ 1.08339769e+02]
 [-3.35831934e+02]
 [ 6.81399924e+01]
 [-1.88871907e+01]]
Cost for size: 0.075 is equal 153367.78132294264
Theta is equal: [[ 378.16243398]
 [  70.12901904]
 [ 147.77954867]
 [ 114.47118381]
 [  28.03663842]
 [  68.33352651]
 [  88.84320682]
 [  70.12901904]
 [-190.57968206]
 [-102.2069421 ]
 [ -93.24601895]
 [-128.80989522]
 [-107.32874817]
 [   5.60059602]
 [ 147.77954867]
 [-102.2069421 ]
 [-135.62110936]
 [  34.7881669 ]
 [-103.40869618]
 [  27.07795958]
 [ -95.17986899]
 [ 114.47118381]
 [ -93.24601895]
 [  34.7881669 ]
 [ -51.18865955]
 [ -44.52954074]
 [-133.59185977]
 [  -3.59724387]
 [  28.03663842]
 [-128.80989522]
 [-103.40869618]
 [ -44.52954074]
 [ 170.71485146]
 [  61.00258208]
 [-156.34603103]
 [  68.33352651]
 [-107.32874817]
 [  27.07795958]
 [-133.59185977]
 [  61.00258208]
 [   7.92552577]
 [  -8.39983959]
 [  88.84320682]
 [   5.60059602]
 [ -95.17986899]
 [  -3.59724387]
 [-156.34603103]
 [  -8.39983959]
 [ 286.18487618]]
Cost for size: 0.125 is equal 136026.13484914784
Theta is equal: [[ 360.44914043]
 [  52.2400503 ]
 [ 127.98757765]
 [ 115.83227728]
 [  21.65028399]
 [   3.36976125]
 [  61.49143415]
 [  52.2400503 ]
 [-208.71128727]
 [ -57.59144945]
 [-106.47202709]
 [-106.92111267]
 [ -81.90537492]
 [ 103.90774086]
 [ 127.98757765]
 [ -57.59144945]
 [ -81.12188476]
 [ -65.17947709]
 [ -15.64879925]
 [ 110.57637089]
 [-115.36764098]
 [ 115.83227728]
 [-106.47202709]
 [ -65.17947709]
 [  -7.78390581]
 [ -27.21945981]
 [ -85.55317881]
 [  -4.63309078]
 [  21.65028399]
 [-106.92111267]
 [ -15.64879925]
 [ -27.21945981]
 [  82.46173081]
 [  -1.95158525]
 [ -40.12511205]
 [   3.36976125]
 [ -81.90537492]
 [ 110.57637089]
 [ -85.55317881]
 [  -1.95158525]
 [ -73.17225231]
 [  89.89579422]
 [  61.49143415]
 [ 103.90774086]
 [-115.36764098]
 [  -4.63309078]
 [ -40.12511205]
 [  89.89579422]
 [ -11.32049031]]
Cost for size: 0.25 is equal 130223.35348727368
Theta is equal: [[ 346.61798179]
 [  17.75842291]
 [  64.43868519]
 [  83.99083753]
 [  73.13281042]
 [  47.88670755]
 [ 103.12519084]
 [  17.75842291]
 [-193.9265071 ]
 [ -69.84665764]
 [ -12.84826309]
 [ -91.1129732 ]
 [ -85.96189879]
 [  89.00191123]
 [  64.43868519]
 [ -69.84665764]
 [ -25.5092435 ]
 [ -43.35594473]
 [ -38.82402164]
 [ 108.00895715]
 [ -22.26717282]
 [  83.99083753]
 [ -12.84826309]
 [ -43.35594473]
 [ -10.40660701]
 [ -39.97848868]
 [ -55.77050946]
 [  21.66193342]
 [  73.13281042]
 [ -91.1129732 ]
 [ -38.82402164]
 [ -39.97848868]
 [  76.00893983]
 [  -1.79307013]
 [ -61.09172591]
 [  47.88670755]
 [ -85.96189879]
 [ 108.00895715]
 [ -55.77050946]
 [  -1.79307013]
 [ -33.5841222 ]
 [  18.61240886]
 [ 103.12519084]
 [  89.00191123]
 [ -22.26717282]
 [  21.66193342]
 [ -61.09172591]
 [  18.61240886]
 [-227.75066479]]
Cost for size: 0.5 is equal 125786.19969054918
Theta is equal: [[ 468.36546606]
 [ -11.58734501]
 [  57.76893797]
 [  82.8816222 ]
 [  28.3165344 ]
 [  52.55108673]
 [ 131.40446703]
 [ -11.58734501]
 [-156.1648187 ]
 [ -38.05938115]
 [ -30.34877693]
 [ -60.90540511]
 [-109.22400059]
 [  28.9512031 ]
 [  57.76893797]
 [ -38.05938115]
 [  20.85612999]
 [ -30.65443594]
 [ -35.76984848]
 [  24.79084277]
 [ -24.56666385]
 [  82.8816222 ]
 [ -30.34877693]
 [ -30.65443594]
 [ -55.50269342]
 [  -3.31754649]
 [ -41.31554228]
 [ -52.59229037]
 [  28.3165344 ]
 [ -60.90540511]
 [ -35.76984848]
 [  -3.31754649]
 [  94.32849895]
 [  -9.35387365]
 [ -48.63775852]
 [  52.55108673]
 [-109.22400059]
 [  24.79084277]
 [ -41.31554228]
 [  -9.35387365]
 [ -15.29824342]
 [ -31.83947524]
 [ 131.40446703]
 [  28.9512031 ]
 [ -24.56666385]
 [ -52.59229037]
 [ -48.63775852]
 [ -31.83947524]
 [-224.81581912]]
Cost for size: 0.625 is equal 125795.31096807058
Theta is equal: [[ 441.15673086]
 [ -13.63298589]
 [  81.70665749]
 [  85.70004419]
 [  29.46422485]
 [  62.11259864]
 [ 144.93737646]
 [ -13.63298589]
 [-110.30585971]
 [ -42.82855411]
 [ -43.5650695 ]
 [ -63.81247154]
 [ -96.94182713]
 [  30.12246517]
 [  81.70665749]
 [ -42.82855411]
 [ -18.44164804]
 [ -12.59146732]
 [ -40.68605423]
 [  -1.23315287]
 [ -20.33925632]
 [  85.70004419]
 [ -43.5650695 ]
 [ -12.59146732]
 [ -66.09418843]
 [  -7.91364706]
 [ -23.59445362]
 [ -75.14672978]
 [  29.46422485]
 [ -63.81247154]
 [ -40.68605423]
 [  -7.91364706]
 [ 110.68738645]
 [ -10.84839958]
 [ -47.45040104]
 [  62.11259864]
 [ -96.94182713]
 [  -1.23315287]
 [ -23.59445362]
 [ -10.84839958]
 [  -6.1785277 ]
 [ -25.15993021]
 [ 144.93737646]
 [  30.12246517]
 [ -20.33925632]
 [ -75.14672978]
 [ -47.45040104]
 [ -25.15993021]
 [-238.1856224 ]]
Cost for size: 0.75 is equal 126838.1457822038
Theta is equal: [[ 430.82740296]
 [  -9.70273221]
 [  85.42852997]
 [  94.33475639]
 [  11.09115618]
 [  61.26863477]
 [ 117.57813178]
 [  -9.70273221]
 [ -95.27037101]
 [ -47.20624962]
 [ -45.68414481]
 [ -79.81600934]
 [ -97.23646786]
 [  19.75447804]
 [  85.42852997]
 [ -47.20624962]
 [ -34.14825693]
 [ -23.53396855]
 [  -8.56599712]
 [  -8.59164452]
 [ -34.9975285 ]
 [  94.33475639]
 [ -45.68414481]
 [ -23.53396855]
 [ -70.17163209]
 [ -29.18213885]
 [ -24.78969617]
 [ -39.04809675]
 [  11.09115618]
 [ -79.81600934]
 [  -8.56599712]
 [ -29.18213885]
 [ 112.44100771]
 [ -17.84648291]
 [ -21.35275536]
 [  61.26863477]
 [ -97.23646786]
 [  -8.59164452]
 [ -24.78969617]
 [ -17.84648291]
 [ -22.33147927]
 [ -36.56440375]
 [ 117.57813178]
 [  19.75447804]
 [ -34.9975285 ]
 [ -39.04809675]
 [ -21.35275536]
 [ -36.56440375]
 [-239.58981043]]
Cost for size: 0.875 is equal 125505.61151803989
Theta is equal: [[ 402.91114382]
 [ -12.77093026]
 [  83.58054557]
 [  92.79796864]
 [  21.48280847]
 [  58.05993029]
 [ 126.80422563]
 [ -12.77093026]
 [ -80.96041374]
 [ -23.39461301]
 [ -43.50214982]
 [ -71.12385253]
 [ -98.57897675]
 [  21.82268601]
 [  83.58054557]
 [ -23.39461301]
 [ -16.67106891]
 [ -40.58481968]
 [  -8.71279293]
 [  -1.21077917]
 [ -30.75781384]
 [  92.79796864]
 [ -43.50214982]
 [ -40.58481968]
 [ -17.34401777]
 [ -29.03398633]
 [ -25.43821341]
 [ -41.72731028]
 [  21.48280847]
 [ -71.12385253]
 [  -8.71279293]
 [ -29.03398633]
 [ 135.38889246]
 [ -18.53492411]
 [ -32.14646122]
 [  58.05993029]
 [ -98.57897675]
 [  -1.21077917]
 [ -25.43821341]
 [ -18.53492411]
 [ -23.82441884]
 [ -28.16022104]
 [ 126.80422563]
 [  21.82268601]
 [ -30.75781384]
 [ -41.72731028]
 [ -32.14646122]
 [ -28.16022104]
 [-214.80838971]]
Cost for size: 1 is equal 126008.98029177063
Theta is equal: [[ 395.69029748]
 [ -14.09737146]
 [  71.53392985]
 [ 102.04082363]
 [  26.78763345]
 [  60.5460862 ]
 [ 111.06272743]
 [ -14.09737146]
 [ -99.78217429]
 [ -21.68691696]
 [ -50.25359081]
 [ -56.25856696]
 [ -97.9461994 ]
 [  22.24528641]
 [  71.53392985]
 [ -21.68691696]
 [  -2.12773205]
 [ -53.56437348]
 [   0.63014716]
 [  -3.86437171]
 [ -31.17915163]
 [ 102.04082363]
 [ -50.25359081]
 [ -53.56437348]
 [ -24.60903732]
 [ -29.33495954]
 [ -28.26644687]
 [ -16.01165107]
 [  26.78763345]
 [ -56.25856696]
 [   0.63014716]
 [ -29.33495954]
 [ 120.16234532]
 [ -22.73537151]
 [ -40.0857249 ]
 [  60.5460862 ]
 [ -97.9461994 ]
 [  -3.86437171]
 [ -28.26644687]
 [ -22.73537151]
 [ -22.68686746]
 [ -27.96243996]
 [ 111.06272743]
 [  22.24528641]
 [ -31.17915163]
 [ -16.01165107]
 [ -40.0857249 ]
 [ -27.96243996]
 [-234.71935108]]

Minimal lambda 0.0018391898859143171
Cost for size: 0.01 is equal 551891.3778644021
Theta is equal: [[ 547.25646133]
 [ 286.82736994]
 [-265.79319765]
 [  -3.69886269]
 [ 182.6333732 ]
 [ 227.18958592]
 [  19.89873051]
 [ 286.82736994]
 [-152.4868312 ]
 [-274.47093491]
 [   4.11053951]
 [ 397.03180786]
 [-170.33532883]
 [-105.09260191]
 [-265.79319765]
 [-274.47093491]
 [-327.87185937]
 [ -70.4920482 ]
 [  93.93306869]
 [-204.23943644]
 [ -82.97779101]
 [  -3.69886269]
 [   4.11053951]
 [ -70.4920482 ]
 [-339.11756917]
 [ -61.7195909 ]
 [-251.61741865]
 [-115.47524424]
 [ 182.6333732 ]
 [ 397.03180786]
 [  93.93306869]
 [ -61.7195909 ]
 [-214.11794355]
 [ 137.50181118]
 [  15.85959213]
 [ 227.18958592]
 [-170.33532883]
 [-204.23943644]
 [-251.61741865]
 [ 137.50181118]
 [-207.81745864]
 [ 106.24716246]
 [  19.89873051]
 [-105.09260191]
 [ -82.97779101]
 [-115.47524424]
 [  15.85959213]
 [ 106.24716246]
 [ -53.75187016]]
Cost for size: 0.02 is equal 220664.16779532842
Theta is equal: [[ 371.81265618]
 [ 172.70780479]
 [ 588.97707266]
 [-268.39158138]
 [ 124.6603033 ]
 [ 202.81343178]
 [-164.12531721]
 [ 172.70780479]
 [-444.75304814]
 [ -98.42141677]
 [ 655.40706439]
 [-181.9912148 ]
 [-323.44895426]
 [-377.87552593]
 [ 588.97707266]
 [ -98.42141677]
 [ 142.10694578]
 [  92.44580591]
 [-561.58379679]
 [-271.29809566]
 [ 124.2928373 ]
 [-268.39158138]
 [ 655.40706439]
 [  92.44580591]
 [-450.59478003]
 [  33.10886621]
 [ 208.29388686]
 [-172.32974942]
 [ 124.6603033 ]
 [-181.9912148 ]
 [-561.58379679]
 [  33.10886621]
 [ 107.63618266]
 [ 253.30371204]
 [ 113.37580298]
 [ 202.81343178]
 [-323.44895426]
 [-271.29809566]
 [ 208.29388686]
 [ 253.30371204]
 [-434.41460044]
 [ 171.9817233 ]
 [-164.12531721]
 [-377.87552593]
 [ 124.2928373 ]
 [-172.32974942]
 [ 113.37580298]
 [ 171.9817233 ]
 [  36.76086749]]
Cost for size: 0.03 is equal 190898.1053077681
Theta is equal: [[ 437.56329532]
 [ 205.20690592]
 [ 375.95641995]
 [-130.54214916]
 [  28.1058039 ]
 [ 140.72006797]
 [-226.29860773]
 [ 205.20690592]
 [-397.85750804]
 [ 159.32263129]
 [ 334.52271038]
 [-214.99080722]
 [-356.21994574]
 [-124.26278567]
 [ 375.95641995]
 [ 159.32263129]
 [-109.1669298 ]
 [ 262.55021468]
 [-512.01440209]
 [-453.15465786]
 [  69.93603283]
 [-130.54214916]
 [ 334.52271038]
 [ 262.55021468]
 [-268.60157425]
 [ -53.67757616]
 [  -8.06656234]
 [ -99.16763908]
 [  28.1058039 ]
 [-214.99080722]
 [-512.01440209]
 [ -53.67757616]
 [  92.91480165]
 [ 360.83038037]
 [ 419.45221421]
 [ 140.72006797]
 [-356.21994574]
 [-453.15465786]
 [  -8.06656234]
 [ 360.83038037]
 [ 173.54316908]
 [ 114.55727066]
 [-226.29860773]
 [-124.26278567]
 [  69.93603283]
 [ -99.16763908]
 [ 419.45221421]
 [ 114.55727066]
 [-395.7249814 ]]
Cost for size: 0.075 is equal 150853.7900948542
Theta is equal: [[ 355.54721459]
 [ -22.66343515]
 [ 289.89780105]
 [-147.43524698]
 [  19.54874646]
 [ 161.98872854]
 [ 205.77853389]
 [ -22.66343515]
 [-348.06169707]
 [ -21.35126787]
 [ 314.36860353]
 [-228.9742691 ]
 [ -64.80150387]
 [  39.35680928]
 [ 289.89780105]
 [ -21.35126787]
 [-147.57036674]
 [  93.14816713]
 [ -79.6286232 ]
 [-248.61849174]
 [-221.06129295]
 [-147.43524698]
 [ 314.36860353]
 [  93.14816713]
 [   1.24718295]
 [-245.49818266]
 [  -8.34208066]
 [ 110.82172767]
 [  19.54874646]
 [-228.9742691 ]
 [ -79.6286232 ]
 [-245.49818266]
 [ 121.09556646]
 [ 362.36288164]
 [ 129.50943577]
 [ 161.98872854]
 [ -64.80150387]
 [-248.61849174]
 [  -8.34208066]
 [ 362.36288164]
 [-247.57368804]
 [-104.20685217]
 [ 205.77853389]
 [  39.35680928]
 [-221.06129295]
 [ 110.82172767]
 [ 129.50943577]
 [-104.20685217]
 [-459.93147001]]
Cost for size: 0.125 is equal 136463.76084855088
Theta is equal: [[ 3.96157512e+02]
 [-7.91373505e+01]
 [ 2.11590483e+02]
 [ 6.62425700e+00]
 [-2.16594584e+01]
 [ 3.42118341e+01]
 [ 1.41798690e+02]
 [-7.91373505e+01]
 [-2.15986362e+02]
 [-6.05258963e+01]
 [ 1.34970825e+02]
 [-3.54052951e-01]
 [-6.60766580e+01]
 [ 6.51146135e+01]
 [ 2.11590483e+02]
 [-6.05258963e+01]
 [-1.91165554e+02]
 [-8.36490762e+01]
 [-5.24053207e+01]
 [ 1.13019351e+02]
 [-6.53076178e+01]
 [ 6.62425700e+00]
 [ 1.34970825e+02]
 [-8.36490762e+01]
 [-9.26247327e+01]
 [-1.71890682e+01]
 [-8.02580290e+00]
 [ 8.06181600e+01]
 [-2.16594584e+01]
 [-3.54052951e-01]
 [-5.24053207e+01]
 [-1.71890682e+01]
 [ 8.64691806e+01]
 [ 1.12134581e+02]
 [-1.19317546e+01]
 [ 3.42118341e+01]
 [-6.60766580e+01]
 [ 1.13019351e+02]
 [-8.02580290e+00]
 [ 1.12134581e+02]
 [-7.12602103e+01]
 [-2.59666828e+00]
 [ 1.41798690e+02]
 [ 6.51146135e+01]
 [-6.53076178e+01]
 [ 8.06181600e+01]
 [-1.19317546e+01]
 [-2.59666828e+00]
 [-4.12811420e+02]]
Cost for size: 0.25 is equal 141682.9682958832
Theta is equal: [[ 500.86745031]
 [-146.23684262]
 [ 113.35329725]
 [  95.84653754]
 [ -22.40828299]
 [ -63.97205973]
 [ 243.63043017]
 [-146.23684262]
 [-310.2148723 ]
 [  44.80692575]
 [  66.07315893]
 [  52.12808811]
 [ -88.49561784]
 [  99.59250843]
 [ 113.35329725]
 [  44.80692575]
 [-172.16216855]
 [-114.5939622 ]
 [  -5.83669575]
 [ 186.4337869 ]
 [ -89.26786855]
 [  95.84653754]
 [  66.07315893]
 [-114.5939622 ]
 [-113.87216307]
 [ -11.83416832]
 [ -73.9546852 ]
 [  -2.47455531]
 [ -22.40828299]
 [  52.12808811]
 [  -5.83669575]
 [ -11.83416832]
 [  10.59069249]
 [  17.16968104]
 [ -43.4942253 ]
 [ -63.97205973]
 [ -88.49561784]
 [ 186.4337869 ]
 [ -73.9546852 ]
 [  17.16968104]
 [ -13.68848653]
 [  79.24215149]
 [ 243.63043017]
 [  99.59250843]
 [ -89.26786855]
 [  -2.47455531]
 [ -43.4942253 ]
 [  79.24215149]
 [-533.4749638 ]]
Cost for size: 0.5 is equal 134360.2749615646
Theta is equal: [[ 544.69413983]
 [ -66.20502537]
 [  58.97125201]
 [  23.53461206]
 [  30.19859704]
 [ -33.91324717]
 [ 218.16422656]
 [ -66.20502537]
 [-245.10150504]
 [  -3.32047007]
 [  24.52993416]
 [ -39.43466746]
 [ -44.7671188 ]
 [  65.92249382]
 [  58.97125201]
 [  -3.32047007]
 [ -25.51544381]
 [ -97.7211167 ]
 [ -58.72552483]
 [ 148.83370511]
 [ -35.28438333]
 [  23.53461206]
 [  24.52993416]
 [ -97.7211167 ]
 [  25.97274527]
 [ -40.12085151]
 [  25.5267941 ]
 [ -46.91651601]
 [  30.19859704]
 [ -39.43466746]
 [ -58.72552483]
 [ -40.12085151]
 [ -12.38605802]
 [  94.51487453]
 [  10.85236823]
 [ -33.91324717]
 [ -44.7671188 ]
 [ 148.83370511]
 [  25.5267941 ]
 [  94.51487453]
 [-147.06524349]
 [  -7.35647792]
 [ 218.16422656]
 [  65.92249382]
 [ -35.28438333]
 [ -46.91651601]
 [  10.85236823]
 [  -7.35647792]
 [-525.71753124]]
Cost for size: 0.625 is equal 136392.5196801306
Theta is equal: [[ 569.34038839]
 [ -40.88462402]
 [  36.49277854]
 [  10.98318646]
 [  20.72681005]
 [ -26.54374139]
 [ 197.46324578]
 [ -40.88462402]
 [-223.06070333]
 [ -35.04882967]
 [ -18.36701854]
 [ -14.19054648]
 [ -44.63624756]
 [  82.94651942]
 [  36.49277854]
 [ -35.04882967]
 [  24.52386331]
 [ -75.3040206 ]
 [ -33.90311653]
 [ 187.46689928]
 [ -81.88299159]
 [  10.98318646]
 [ -18.36701854]
 [ -75.3040206 ]
 [  51.51003765]
 [ -16.17314749]
 [  -6.72630638]
 [ -13.57425229]
 [  20.72681005]
 [ -14.19054648]
 [ -33.90311653]
 [ -16.17314749]
 [   6.23518216]
 [  72.35801493]
 [ -35.45809354]
 [ -26.54374139]
 [ -44.63624756]
 [ 187.46689928]
 [  -6.72630638]
 [  72.35801493]
 [-181.76430616]
 [  -4.2154533 ]
 [ 197.46324578]
 [  82.94651942]
 [ -81.88299159]
 [ -13.57425229]
 [ -35.45809354]
 [  -4.2154533 ]
 [-480.57895063]]
Cost for size: 0.75 is equal 134437.3761414034
Theta is equal: [[ 519.62174151]
 [ -36.97226986]
 [  13.10281024]
 [  29.29361354]
 [  31.15386425]
 [  -1.29235876]
 [ 207.17172137]
 [ -36.97226986]
 [-220.76271894]
 [ -27.22612884]
 [ -17.89474692]
 [ -18.55556383]
 [ -42.26021999]
 [  49.11182858]
 [  13.10281024]
 [ -27.22612884]
 [  86.05427079]
 [ -72.98115514]
 [  -6.55867382]
 [ 108.56824546]
 [ -47.22808192]
 [  29.29361354]
 [ -17.89474692]
 [ -72.98115514]
 [  26.33904865]
 [ -20.1071616 ]
 [ -11.35913092]
 [ -43.07274231]
 [  31.15386425]
 [ -18.55556383]
 [  -6.55867382]
 [ -20.1071616 ]
 [  23.49146849]
 [  45.55611165]
 [ -40.25428752]
 [  -1.29235876]
 [ -42.26021999]
 [ 108.56824546]
 [ -11.35913092]
 [  45.55611165]
 [-119.39235815]
 [ -14.19697357]
 [ 207.17172137]
 [  49.11182858]
 [ -47.22808192]
 [ -43.07274231]
 [ -40.25428752]
 [ -14.19697357]
 [-455.89329084]]
Cost for size: 0.875 is equal 134112.65721940805
Theta is equal: [[ 491.79188199]
 [ -29.82940314]
 [  -7.01980101]
 [  62.31714624]
 [  36.82560611]
 [  19.16308535]
 [ 253.60010638]
 [ -29.82940314]
 [-220.54916488]
 [  -4.73433259]
 [ -27.57432369]
 [ -22.51841885]
 [ -55.98045814]
 [  38.03699868]
 [  -7.01980101]
 [  -4.73433259]
 [  95.99837706]
 [ -60.82435829]
 [  -4.65630956]
 [  95.01795152]
 [ -51.23269371]
 [  62.31714624]
 [ -27.57432369]
 [ -60.82435829]
 [ -15.28146791]
 [ -21.59906586]
 [ -21.39675728]
 [ -15.82856424]
 [  36.82560611]
 [ -22.51841885]
 [  -4.65630956]
 [ -21.59906586]
 [  21.69991449]
 [  44.99082688]
 [ -71.67206151]
 [  19.16308535]
 [ -55.98045814]
 [  95.01795152]
 [ -21.39675728]
 [  44.99082688]
 [-134.62913822]
 [ -20.6417143 ]
 [ 253.60010638]
 [  38.03699868]
 [ -51.23269371]
 [ -15.82856424]
 [ -71.67206151]
 [ -20.6417143 ]
 [-506.85121661]]
Cost for size: 1 is equal 133117.60263667465
Theta is equal: [[ 516.28871649]
 [ -36.20510756]
 [  13.15347654]
 [  45.30980553]
 [  17.71279405]
 [  15.80333301]
 [ 235.76554577]
 [ -36.20510756]
 [-241.48898682]
 [  -3.63330917]
 [ -16.39363145]
 [  -2.23932129]
 [ -43.09688202]
 [  22.10267766]
 [  13.15347654]
 [  -3.63330917]
 [  80.01476092]
 [ -66.94288076]
 [ -15.92664385]
 [  77.23105802]
 [ -58.55894615]
 [  45.30980553]
 [ -16.39363145]
 [ -66.94288076]
 [ -35.75537861]
 [  -4.95165116]
 [ -10.5549439 ]
 [ -10.02867789]
 [  17.71279405]
 [  -2.23932129]
 [ -15.92664385]
 [  -4.95165116]
 [  30.40918741]
 [  33.85693667]
 [ -55.49830332]
 [  15.80333301]
 [ -43.09688202]
 [  77.23105802]
 [ -10.5549439 ]
 [  33.85693667]
 [-153.63509481]
 [  14.06667881]
 [ 235.76554577]
 [  22.10267766]
 [ -58.55894615]
 [ -10.02867789]
 [ -55.49830332]
 [  14.06667881]
 [-518.24463625]]

Minimal lambda 0.011822447063227036
Cost for size: 0.01 is equal 270427.3495608907
Theta is equal: [[ 336.72020823]
 [-222.60600404]
 [ 124.25276885]
 [ 264.32114008]
 [  94.71334112]
 [ 179.58712107]
 [-261.78978638]
 [-222.60600404]
 [ 366.78252858]
 [ -47.47716472]
 [-246.40617492]
 [ 116.85412051]
 [-168.2952296 ]
 [-111.96206154]
 [ 124.25276885]
 [ -47.47716472]
 [-407.13278649]
 [ -36.47181661]
 [-204.18005712]
 [-229.14475726]
 [ 317.11352974]
 [ 264.32114008]
 [-246.40617492]
 [ -36.47181661]
 [ -88.39078617]
 [-180.13795612]
 [  53.84852886]
 [ 328.12634395]
 [  94.71334112]
 [ 116.85412051]
 [-204.18005712]
 [-180.13795612]
 [ 453.26139635]
 [-139.24562766]
 [ 329.90066376]
 [ 179.58712107]
 [-168.2952296 ]
 [-229.14475726]
 [  53.84852886]
 [-139.24562766]
 [  56.69884636]
 [-288.53326964]
 [-261.78978638]
 [-111.96206154]
 [ 317.11352974]
 [ 328.12634395]
 [ 329.90066376]
 [-288.53326964]
 [-195.69728626]]
Cost for size: 0.02 is equal 213287.42739965432
Theta is equal: [[ 315.39736357]
 [-134.37557468]
 [ -11.42650368]
 [ 257.62654134]
 [ 103.0943492 ]
 [ -27.32052236]
 [-218.83260984]
 [-134.37557468]
 [  50.70931244]
 [  12.4094344 ]
 [-292.81420126]
 [  50.58705699]
 [ -48.47727481]
 [ -17.82407572]
 [ -11.42650368]
 [  12.4094344 ]
 [ -67.66301775]
 [ -23.91938385]
 [   1.97760774]
 [  80.33888652]
 [ 280.65859189]
 [ 257.62654134]
 [-292.81420126]
 [ -23.91938385]
 [ -36.92633008]
 [-163.61421824]
 [ 132.03040842]
 [ 223.4226277 ]
 [ 103.0943492 ]
 [  50.58705699]
 [   1.97760774]
 [-163.61421824]
 [ 248.32472234]
 [ -16.78591783]
 [ 206.68338779]
 [ -27.32052236]
 [ -48.47727481]
 [  80.33888652]
 [ 132.03040842]
 [ -16.78591783]
 [ 197.89793462]
 [-242.23351062]
 [-218.83260984]
 [ -17.82407572]
 [ 280.65859189]
 [ 223.4226277 ]
 [ 206.68338779]
 [-242.23351062]
 [-271.67150007]]
Cost for size: 0.03 is equal 175446.60752868457
Theta is equal: [[ 334.42159129]
 [ -63.49677105]
 [ -41.37812373]
 [ 204.7576265 ]
 [ 124.30460229]
 [  -8.6703459 ]
 [-237.79205142]
 [ -63.49677105]
 [  91.99808319]
 [  34.3313237 ]
 [ -43.91832978]
 [-208.26632919]
 [-110.8527122 ]
 [  99.90501944]
 [ -41.37812373]
 [  34.3313237 ]
 [ 179.6452674 ]
 [  41.56460274]
 [ -69.40817152]
 [   6.82140187]
 [ 208.56143283]
 [ 204.7576265 ]
 [ -43.91832978]
 [  41.56460274]
 [-104.92412381]
 [-154.21588717]
 [ 100.99823358]
 [  77.87351807]
 [ 124.30460229]
 [-208.26632919]
 [ -69.40817152]
 [-154.21588717]
 [ 422.79873582]
 [-138.30973577]
 [  99.89513872]
 [  -8.6703459 ]
 [-110.8527122 ]
 [   6.82140187]
 [ 100.99823358]
 [-138.30973577]
 [ 301.19152847]
 [ -40.18465874]
 [-237.79205142]
 [  99.90501944]
 [ 208.56143283]
 [  77.87351807]
 [  99.89513872]
 [ -40.18465874]
 [-194.75990383]]
Cost for size: 0.075 is equal 152395.00586600666
Theta is equal: [[ 372.91845467]
 [  69.58510607]
 [   9.18082394]
 [  33.81782702]
 [  30.34849323]
 [  71.45454451]
 [ -49.27190998]
 [  69.58510607]
 [  18.16790258]
 [  37.14350043]
 [-312.35538963]
 [-167.57438873]
 [ -40.29570515]
 [  82.9846253 ]
 [   9.18082394]
 [  37.14350043]
 [ -58.61613387]
 [ -94.81922217]
 [ -86.2348121 ]
 [ -51.85800342]
 [ 115.16413697]
 [  33.81782702]
 [-312.35538963]
 [ -94.81922217]
 [  89.54385954]
 [  72.65362572]
 [  81.1024597 ]
 [  46.96708933]
 [  30.34849323]
 [-167.57438873]
 [ -86.2348121 ]
 [  72.65362572]
 [ 356.54125439]
 [-103.92255797]
 [  34.47853485]
 [  71.45454451]
 [ -40.29570515]
 [ -51.85800342]
 [  81.1024597 ]
 [-103.92255797]
 [  47.82406518]
 [ -76.92479883]
 [ -49.27190998]
 [  82.9846253 ]
 [ 115.16413697]
 [  46.96708933]
 [  34.47853485]
 [ -76.92479883]
 [-178.09690793]]
Cost for size: 0.125 is equal 142364.93083181485
Theta is equal: [[ 485.13810389]
 [ -40.79971496]
 [  66.16310683]
 [  -8.77838433]
 [  42.93699598]
 [  53.088054  ]
 [ -57.21812047]
 [ -40.79971496]
 [ 110.44610195]
 [ -27.98327906]
 [-165.64590833]
 [-172.14732549]
 [ -49.49056571]
 [  25.19794582]
 [  66.16310683]
 [ -27.98327906]
 [ -38.66816959]
 [ -46.06578578]
 [ -37.22679248]
 [ -71.06030506]
 [  95.9909117 ]
 [  -8.77838433]
 [-165.64590833]
 [ -46.06578578]
 [  -3.10350122]
 [  48.49239674]
 [  52.05917394]
 [  60.34199143]
 [  42.93699598]
 [-172.14732549]
 [ -37.22679248]
 [  48.49239674]
 [ 301.33971288]
 [-150.3113479 ]
 [  51.5585279 ]
 [  53.088054  ]
 [ -49.49056571]
 [ -71.06030506]
 [  52.05917394]
 [-150.3113479 ]
 [  -0.68283067]
 [  34.27441399]
 [ -57.21812047]
 [  25.19794582]
 [  95.9909117 ]
 [  60.34199143]
 [  51.5585279 ]
 [  34.27441399]
 [-219.23875722]]
Cost for size: 0.25 is equal 136687.3440809762
Theta is equal: [[ 4.27729962e+02]
 [ 4.87238067e+00]
 [ 1.15088276e+02]
 [ 2.34949824e+01]
 [ 4.76489888e+01]
 [ 5.06851062e+01]
 [ 2.11402451e+01]
 [ 4.87238067e+00]
 [ 1.87730297e+01]
 [-9.02326198e+01]
 [-9.93409403e+01]
 [-1.05510833e+02]
 [-4.81046186e+01]
 [-5.90351413e+01]
 [ 1.15088276e+02]
 [-9.02326198e+01]
 [-6.76036748e+01]
 [-4.88404843e+01]
 [-4.59146483e+01]
 [ 2.74401250e+01]
 [-3.60491317e+01]
 [ 2.34949824e+01]
 [-9.93409403e+01]
 [-4.88404843e+01]
 [ 4.49697100e+00]
 [ 9.81245998e+00]
 [ 1.64085634e+01]
 [ 1.21158658e+01]
 [ 4.76489888e+01]
 [-1.05510833e+02]
 [-4.59146483e+01]
 [ 9.81245998e+00]
 [ 1.87305207e+02]
 [-8.13693491e+01]
 [ 1.28938922e-01]
 [ 5.06851062e+01]
 [-4.81046186e+01]
 [ 2.74401250e+01]
 [ 1.64085634e+01]
 [-8.13693491e+01]
 [-1.15049544e+02]
 [ 3.30465967e+01]
 [ 2.11402451e+01]
 [-5.90351413e+01]
 [-3.60491317e+01]
 [ 1.21158658e+01]
 [ 1.28938922e-01]
 [ 3.30465967e+01]
 [-7.97320094e+01]]
Cost for size: 0.5 is equal 137249.4558643509
Theta is equal: [[ 438.01603296]
 [ -21.07888322]
 [  82.67083788]
 [  49.92207269]
 [  64.23697793]
 [  41.47305406]
 [  78.82729249]
 [ -21.07888322]
 [ -17.09468681]
 [ -53.35278931]
 [ -81.04446982]
 [ -72.86298974]
 [-108.30581703]
 [ -16.66419237]
 [  82.67083788]
 [ -53.35278931]
 [ -20.61668425]
 [ -88.98964835]
 [ -16.04807421]
 [  21.28527057]
 [ -55.13629951]
 [  49.92207269]
 [ -81.04446982]
 [ -88.98964835]
 [ -12.65944992]
 [  17.09674215]
 [  -7.98009817]
 [   4.62223253]
 [  64.23697793]
 [ -72.86298974]
 [ -16.04807421]
 [  17.09674215]
 [  42.70370983]
 [ -56.70499507]
 [  -5.33559901]
 [  41.47305406]
 [-108.30581703]
 [  21.28527057]
 [  -7.98009817]
 [ -56.70499507]
 [ -47.75475274]
 [  45.08101477]
 [  78.82729249]
 [ -16.66419237]
 [ -55.13629951]
 [   4.62223253]
 [  -5.33559901]
 [  45.08101477]
 [-255.45211186]]
Cost for size: 0.625 is equal 132777.13178720573
Theta is equal: [[ 447.39143879]
 [ -33.89047433]
 [  90.22014368]
 [  62.08188424]
 [  45.98331468]
 [  65.50161114]
 [  97.94105852]
 [ -33.89047433]
 [ -42.17949457]
 [ -52.50003063]
 [ -74.15685284]
 [ -69.52774753]
 [ -76.04471251]
 [  -3.33885266]
 [  90.22014368]
 [ -52.50003063]
 [ -51.10876645]
 [ -95.27180533]
 [  14.16033884]
 [  48.50261028]
 [ -48.79260097]
 [  62.08188424]
 [ -74.15685284]
 [ -95.27180533]
 [ -15.80316712]
 [  -7.44171196]
 [ -15.15685931]
 [  -5.34523048]
 [  45.98331468]
 [ -69.52774753]
 [  14.16033884]
 [  -7.44171196]
 [  62.93441685]
 [ -69.49474714]
 [   5.93597898]
 [  65.50161114]
 [ -76.04471251]
 [  48.50261028]
 [ -15.15685931]
 [ -69.49474714]
 [ -77.14671787]
 [   0.89828264]
 [  97.94105852]
 [  -3.33885266]
 [ -48.79260097]
 [  -5.34523048]
 [   5.93597898]
 [   0.89828264]
 [-250.17752656]]
Cost for size: 0.75 is equal 133642.26002519502
Theta is equal: [[ 4.35645475e+02]
 [-3.96397450e+01]
 [ 7.13546356e+01]
 [ 4.92833206e+01]
 [ 5.15023594e+01]
 [ 7.72302153e+01]
 [ 9.94904031e+01]
 [-3.96397450e+01]
 [-5.54474642e+01]
 [-4.10824506e+01]
 [-7.07033006e+01]
 [-6.04585084e+01]
 [-7.36398616e+01]
 [ 1.18440722e+00]
 [ 7.13546356e+01]
 [-4.10824506e+01]
 [-3.15449614e+01]
 [-7.31936895e+01]
 [-1.08338680e+01]
 [ 3.80075525e+01]
 [-5.55766087e+01]
 [ 4.92833206e+01]
 [-7.07033006e+01]
 [-7.31936895e+01]
 [ 1.30107380e+01]
 [ 1.14190853e+01]
 [ 3.43113068e-01]
 [-2.73267510e+01]
 [ 5.15023594e+01]
 [-6.04585084e+01]
 [-1.08338680e+01]
 [ 1.14190853e+01]
 [ 7.17777268e+01]
 [-7.68354054e+01]
 [ 8.72455940e+00]
 [ 7.72302153e+01]
 [-7.36398616e+01]
 [ 3.80075525e+01]
 [ 3.43113068e-01]
 [-7.68354054e+01]
 [-7.86219951e+01]
 [ 1.86759222e+00]
 [ 9.94904031e+01]
 [ 1.18440722e+00]
 [-5.55766087e+01]
 [-2.73267510e+01]
 [ 8.72455940e+00]
 [ 1.86759222e+00]
 [-2.35448845e+02]]
Cost for size: 0.875 is equal 131428.47205934988
Theta is equal: [[ 418.6313408 ]
 [ -38.22752343]
 [  92.00509437]
 [  56.49827761]
 [  42.22238352]
 [  74.97910387]
 [ 100.14812889]
 [ -38.22752343]
 [ -75.6924027 ]
 [ -28.23570555]
 [ -51.45340435]
 [ -42.56496536]
 [ -74.5548012 ]
 [   6.62442239]
 [  92.00509437]
 [ -28.23570555]
 [ -37.31830976]
 [ -73.09735383]
 [   5.15105172]
 [  15.16588923]
 [ -33.7938191 ]
 [  56.49827761]
 [ -51.45340435]
 [ -73.09735383]
 [  -7.59129336]
 [   5.82919389]
 [   9.41918954]
 [ -23.58742167]
 [  42.22238352]
 [ -42.56496536]
 [   5.15105172]
 [   5.82919389]
 [  66.4205336 ]
 [ -70.62021181]
 [  18.02522548]
 [  74.97910387]
 [ -74.5548012 ]
 [  15.16588923]
 [   9.41918954]
 [ -70.62021181]
 [ -65.99002156]
 [   7.3598789 ]
 [ 100.14812889]
 [   6.62442239]
 [ -33.7938191 ]
 [ -23.58742167]
 [  18.02522548]
 [   7.3598789 ]
 [-262.28413414]]
Cost for size: 1 is equal 133340.91893796233
Theta is equal: [[ 409.22926558]
 [ -45.00735525]
 [  90.80334121]
 [  56.07525196]
 [  40.9543009 ]
 [  69.79436914]
 [  85.16685041]
 [ -45.00735525]
 [ -94.10769655]
 [ -21.68961249]
 [ -54.90620866]
 [ -29.43756212]
 [ -57.58601584]
 [  16.94922287]
 [  90.80334121]
 [ -21.68961249]
 [ -42.15362755]
 [ -62.26272709]
 [ -18.01609113]
 [  16.54377772]
 [ -22.64876706]
 [  56.07525196]
 [ -54.90620866]
 [ -62.26272709]
 [ -14.04887802]
 [   4.81019719]
 [   3.96490166]
 [ -30.05713822]
 [  40.9543009 ]
 [ -29.43756212]
 [ -18.01609113]
 [   4.81019719]
 [  67.59597433]
 [ -48.69815402]
 [  11.75590209]
 [  69.79436914]
 [ -57.58601584]
 [  16.54377772]
 [   3.96490166]
 [ -48.69815402]
 [ -71.2561098 ]
 [ -14.77894153]
 [  85.16685041]
 [  16.94922287]
 [ -22.64876706]
 [ -30.05713822]
 [  11.75590209]
 [ -14.77894153]
 [-245.09572399]]

Minimal lambda 5.0
Cost for size: 0.01 is equal nan
Theta is equal: [[nan]
 [nan]
 [nan]
 [nan]
 [nan]
 [nan]
 [nan]
 [nan]
 [nan]
 [nan]
 [nan]
 [nan]
 [nan]
 [nan]
 [nan]
 [nan]
 [nan]
 [nan]
 [nan]
 [nan]
 [nan]
 [nan]
 [nan]
 [nan]
 [nan]
 [nan]
 [nan]
 [nan]
 [nan]
 [nan]
 [nan]
 [nan]
 [nan]
 [nan]
 [nan]
 [nan]
 [nan]
 [nan]
 [nan]
 [nan]
 [nan]
 [nan]
 [nan]
 [nan]
 [nan]
 [nan]
 [nan]
 [nan]
 [nan]]
Cost for size: 0.02 is equal nan
Theta is equal: [[nan]
 [nan]
 [nan]
 [nan]
 [nan]
 [nan]
 [nan]
 [nan]
 [nan]
 [nan]
 [nan]
 [nan]
 [nan]
 [nan]
 [nan]
 [nan]
 [nan]
 [nan]
 [nan]
 [nan]
 [nan]
 [nan]
 [nan]
 [nan]
 [nan]
 [nan]
 [nan]
 [nan]
 [nan]
 [nan]
 [nan]
 [nan]
 [nan]
 [nan]
 [nan]
 [nan]
 [nan]
 [nan]
 [nan]
 [nan]
 [nan]
 [nan]
 [nan]
 [nan]
 [nan]
 [nan]
 [nan]
 [nan]
 [nan]]
Cost for size: 0.03 is equal nan
Theta is equal: [[nan]
 [nan]
 [nan]
 [nan]
 [nan]
 [nan]
 [nan]
 [nan]
 [nan]
 [nan]
 [nan]
 [nan]
 [nan]
 [nan]
 [nan]
 [nan]
 [nan]
 [nan]
 [nan]
 [nan]
 [nan]
 [nan]
 [nan]
 [nan]
 [nan]
 [nan]
 [nan]
 [nan]
 [nan]
 [nan]
 [nan]
 [nan]
 [nan]
 [nan]
 [nan]
 [nan]
 [nan]
 [nan]
 [nan]
 [nan]
 [nan]
 [nan]
 [nan]
 [nan]
 [nan]
 [nan]
 [nan]
 [nan]
 [nan]]
Cost for size: 0.075 is equal nan
Theta is equal: [[nan]
 [nan]
 [nan]
 [nan]
 [nan]
 [nan]
 [nan]
 [nan]
 [nan]
 [nan]
 [nan]
 [nan]
 [nan]
 [nan]
 [nan]
 [nan]
 [nan]
 [nan]
 [nan]
 [nan]
 [nan]
 [nan]
 [nan]
 [nan]
 [nan]
 [nan]
 [nan]
 [nan]
 [nan]
 [nan]
 [nan]
 [nan]
 [nan]
 [nan]
 [nan]
 [nan]
 [nan]
 [nan]
 [nan]
 [nan]
 [nan]
 [nan]
 [nan]
 [nan]
 [nan]
 [nan]
 [nan]
 [nan]
 [nan]]
Cost for size: 0.125 is equal nan
Theta is equal: [[nan]
 [nan]
 [nan]
 [nan]
 [nan]
 [nan]
 [nan]
 [nan]
 [nan]
 [nan]
 [nan]
 [nan]
 [nan]
 [nan]
 [nan]
 [nan]
 [nan]
 [nan]
 [nan]
 [nan]
 [nan]
 [nan]
 [nan]
 [nan]
 [nan]
 [nan]
 [nan]
 [nan]
 [nan]
 [nan]
 [nan]
 [nan]
 [nan]
 [nan]
 [nan]
 [nan]
 [nan]
 [nan]
 [nan]
 [nan]
 [nan]
 [nan]
 [nan]
 [nan]
 [nan]
 [nan]
 [nan]
 [nan]
 [nan]]
Cost for size: 0.25 is equal inf
Theta is equal: [[-1.41019809e+245]
 [-3.84052273e+245]
 [-1.10649173e+245]
 [ 1.18234413e+245]
 [-1.95107141e+245]
 [ 6.94351955e+244]
 [ 6.25481563e+244]
 [-3.84052273e+245]
 [-4.62611695e+245]
 [ 1.31578333e+244]
 [-8.81425572e+245]
 [-1.06704626e+245]
 [-7.95092536e+244]
 [-3.78752791e+245]
 [-1.10649173e+245]
 [ 1.31578333e+244]
 [-3.90538527e+245]
 [ 1.11904751e+245]
 [ 4.23588948e+245]
 [-5.72656748e+245]
 [-8.99610003e+244]
 [ 1.18234413e+245]
 [-8.81425572e+245]
 [ 1.11904751e+245]
 [ 1.13061300e+245]
 [-6.12084384e+244]
 [ 6.80116698e+245]
 [ 8.65540049e+245]
 [-1.95107141e+245]
 [-1.06704626e+245]
 [ 4.23588948e+245]
 [-6.12084384e+244]
 [ 7.56183268e+245]
 [ 7.76764322e+244]
 [ 3.65722968e+245]
 [ 6.94351955e+244]
 [-7.95092536e+244]
 [-5.72656748e+245]
 [ 6.80116698e+245]
 [ 7.76764322e+244]
 [-7.79497113e+245]
 [-3.95359348e+245]
 [ 6.25481563e+244]
 [-3.78752791e+245]
 [-8.99610003e+244]
 [ 8.65540049e+245]
 [ 3.65722968e+245]
 [-3.95359348e+245]
 [ 4.53177988e+245]]
Cost for size: 0.5 is equal 3.6221015368633516e+111
Theta is equal: [[ 1.92969851e+53]
 [-1.67292178e+53]
 [-9.68625068e+53]
 [ 4.17084148e+53]
 [ 3.07235098e+53]
 [ 4.28082853e+53]
 [ 5.45123939e+53]
 [-1.67292178e+53]
 [-2.28228399e+53]
 [-3.64964723e+54]
 [-1.03407164e+54]
 [ 2.39187851e+53]
 [-1.56815528e+54]
 [ 1.24555649e+54]
 [-9.68625068e+53]
 [-3.64964723e+54]
 [-4.55849731e+54]
 [-1.20509953e+53]
 [ 1.01737262e+54]
 [ 2.54599510e+54]
 [-1.23174170e+54]
 [ 4.17084148e+53]
 [-1.03407164e+54]
 [-1.20509953e+53]
 [-1.84869632e+52]
 [ 5.80104521e+53]
 [ 1.67525264e+54]
 [ 8.74893374e+53]
 [ 3.07235098e+53]
 [ 2.39187851e+53]
 [ 1.01737262e+54]
 [ 5.80104521e+53]
 [ 6.62259940e+53]
 [ 1.69302715e+54]
 [-2.02656304e+54]
 [ 4.28082853e+53]
 [-1.56815528e+54]
 [ 2.54599510e+54]
 [ 1.67525264e+54]
 [ 1.69302715e+54]
 [-4.99127150e+52]
 [-3.08178988e+53]
 [ 5.45123939e+53]
 [ 1.24555649e+54]
 [-1.23174170e+54]
 [ 8.74893374e+53]
 [-2.02656304e+54]
 [-3.08178988e+53]
 [ 2.92439652e+53]]
Cost for size: 0.625 is equal 15890840157.018946
Theta is equal: [[  905.16919076]
 [ 1575.68836087]
 [ 2248.57754766]
 [ 1101.50947902]
 [  281.49553241]
 [-1433.37450455]
 [ -215.26028278]
 [ 1575.68836087]
 [ 4962.63733771]
 [ 3972.51820236]
 [ 2827.47330617]
 [   31.17488166]
 [-1021.65190551]
 [  363.25923893]
 [ 2248.57754766]
 [ 3972.51820236]
 [ 6751.47243596]
 [ 2974.44954466]
 [ -524.40181272]
 [-3310.83638988]
 [ 1537.92076002]
 [ 1101.50947902]
 [ 2827.47330617]
 [ 2974.44954466]
 [ 2442.26853945]
 [ 1199.46178862]
 [-1359.70578471]
 [-1185.93245331]
 [  281.49553241]
 [   31.17488166]
 [ -524.40181272]
 [ 1199.46178862]
 [  -49.16410793]
 [  103.00390871]
 [  355.38697552]
 [-1433.37450455]
 [-1021.65190551]
 [-3310.83638988]
 [-1359.70578471]
 [  103.00390871]
 [  520.36683466]
 [ -327.11371733]
 [ -215.26028278]
 [  363.25923893]
 [ 1537.92076002]
 [-1185.93245331]
 [  355.38697552]
 [ -327.11371733]
 [ 1136.36137292]]
Cost for size: 0.75 is equal 5.668516674286076e+282
Theta is equal: [[-2.51490646e+139]
 [-4.60723470e+139]
 [-5.08872153e+139]
 [-1.34131232e+139]
 [-5.95301143e+138]
 [-4.09990581e+137]
 [ 2.85444380e+138]
 [-4.60723470e+139]
 [-9.43480303e+139]
 [-1.10486084e+140]
 [-3.00978453e+139]
 [-7.74350039e+138]
 [-2.95915819e+138]
 [-2.04647153e+139]
 [-5.08872153e+139]
 [-1.10486084e+140]
 [-1.35927135e+140]
 [-1.56249740e+139]
 [-1.07777795e+139]
 [-1.05772207e+138]
 [ 3.99031454e+138]
 [-1.34131232e+139]
 [-3.00978453e+139]
 [-1.56249740e+139]
 [-1.72844576e+139]
 [ 2.92773804e+138]
 [-1.47177729e+139]
 [-1.97598146e+139]
 [-5.95301143e+138]
 [-7.74350039e+138]
 [-1.07777795e+139]
 [ 2.92773804e+138]
 [-4.45019243e+139]
 [ 6.73381213e+138]
 [-1.54430600e+139]
 [-4.09990581e+137]
 [-2.95915819e+138]
 [-1.05772207e+138]
 [-1.47177729e+139]
 [ 6.73381213e+138]
 [ 1.07027170e+139]
 [ 3.97579804e+139]
 [ 2.85444380e+138]
 [-2.04647153e+139]
 [ 3.99031454e+138]
 [-1.97598146e+139]
 [-1.54430600e+139]
 [ 3.97579804e+139]
 [-6.70298536e+139]]
Cost for size: 0.875 is equal nan
Theta is equal: [[nan]
 [nan]
 [nan]
 [nan]
 [nan]
 [nan]
 [nan]
 [nan]
 [nan]
 [nan]
 [nan]
 [nan]
 [nan]
 [nan]
 [nan]
 [nan]
 [nan]
 [nan]
 [nan]
 [nan]
 [nan]
 [nan]
 [nan]
 [nan]
 [nan]
 [nan]
 [nan]
 [nan]
 [nan]
 [nan]
 [nan]
 [nan]
 [nan]
 [nan]
 [nan]
 [nan]
 [nan]
 [nan]
 [nan]
 [nan]
 [nan]
 [nan]
 [nan]
 [nan]
 [nan]
 [nan]
 [nan]
 [nan]
 [nan]]
Cost for size: 1 is equal nan
Theta is equal: [[nan]
 [nan]
 [nan]
 [nan]
 [nan]
 [nan]
 [nan]
 [nan]
 [nan]
 [nan]
 [nan]
 [nan]
 [nan]
 [nan]
 [nan]
 [nan]
 [nan]
 [nan]
 [nan]
 [nan]
 [nan]
 [nan]
 [nan]
 [nan]
 [nan]
 [nan]
 [nan]
 [nan]
 [nan]
 [nan]
 [nan]
 [nan]
 [nan]
 [nan]
 [nan]
 [nan]
 [nan]
 [nan]
 [nan]
 [nan]
 [nan]
 [nan]
 [nan]
 [nan]
 [nan]
 [nan]
 [nan]
 [nan]
 [nan]]

Minimal lambda 0.002928510409028334
Cost for size: 0.01 is equal nan
Theta is equal: [[nan]
 [nan]
 [nan]
 [nan]
 [nan]
 [nan]
 [nan]
 [nan]
 [nan]
 [nan]
 [nan]
 [nan]
 [nan]
 [nan]
 [nan]
 [nan]
 [nan]
 [nan]
 [nan]
 [nan]
 [nan]
 [nan]
 [nan]
 [nan]
 [nan]
 [nan]
 [nan]
 [nan]
 [nan]
 [nan]
 [nan]
 [nan]
 [nan]
 [nan]
 [nan]
 [nan]
 [nan]
 [nan]
 [nan]
 [nan]
 [nan]
 [nan]
 [nan]
 [nan]
 [nan]
 [nan]
 [nan]
 [nan]
 [nan]]
Cost for size: 0.02 is equal nan
Theta is equal: [[nan]
 [nan]
 [nan]
 [nan]
 [nan]
 [nan]
 [nan]
 [nan]
 [nan]
 [nan]
 [nan]
 [nan]
 [nan]
 [nan]
 [nan]
 [nan]
 [nan]
 [nan]
 [nan]
 [nan]
 [nan]
 [nan]
 [nan]
 [nan]
 [nan]
 [nan]
 [nan]
 [nan]
 [nan]
 [nan]
 [nan]
 [nan]
 [nan]
 [nan]
 [nan]
 [nan]
 [nan]
 [nan]
 [nan]
 [nan]
 [nan]
 [nan]
 [nan]
 [nan]
 [nan]
 [nan]
 [nan]
 [nan]
 [nan]]
Cost for size: 0.03 is equal nan
Theta is equal: [[nan]
 [nan]
 [nan]
 [nan]
 [nan]
 [nan]
 [nan]
 [nan]
 [nan]
 [nan]
 [nan]
 [nan]
 [nan]
 [nan]
 [nan]
 [nan]
 [nan]
 [nan]
 [nan]
 [nan]
 [nan]
 [nan]
 [nan]
 [nan]
 [nan]
 [nan]
 [nan]
 [nan]
 [nan]
 [nan]
 [nan]
 [nan]
 [nan]
 [nan]
 [nan]
 [nan]
 [nan]
 [nan]
 [nan]
 [nan]
 [nan]
 [nan]
 [nan]
 [nan]
 [nan]
 [nan]
 [nan]
 [nan]
 [nan]]
Cost for size: 0.075 is equal nan
Theta is equal: [[nan]
 [nan]
 [nan]
 [nan]
 [nan]
 [nan]
 [nan]
 [nan]
 [nan]
 [nan]
 [nan]
 [nan]
 [nan]
 [nan]
 [nan]
 [nan]
 [nan]
 [nan]
 [nan]
 [nan]
 [nan]
 [nan]
 [nan]
 [nan]
 [nan]
 [nan]
 [nan]
 [nan]
 [nan]
 [nan]
 [nan]
 [nan]
 [nan]
 [nan]
 [nan]
 [nan]
 [nan]
 [nan]
 [nan]
 [nan]
 [nan]
 [nan]
 [nan]
 [nan]
 [nan]
 [nan]
 [nan]
 [nan]
 [nan]]
Cost for size: 0.125 is equal nan
Theta is equal: [[nan]
 [nan]
 [nan]
 [nan]
 [nan]
 [nan]
 [nan]
 [nan]
 [nan]
 [nan]
 [nan]
 [nan]
 [nan]
 [nan]
 [nan]
 [nan]
 [nan]
 [nan]
 [nan]
 [nan]
 [nan]
 [nan]
 [nan]
 [nan]
 [nan]
 [nan]
 [nan]
 [nan]
 [nan]
 [nan]
 [nan]
 [nan]
 [nan]
 [nan]
 [nan]
 [nan]
 [nan]
 [nan]
 [nan]
 [nan]
 [nan]
 [nan]
 [nan]
 [nan]
 [nan]
 [nan]
 [nan]
 [nan]
 [nan]]
Cost for size: 0.25 is equal nan
Theta is equal: [[nan]
 [nan]
 [nan]
 [nan]
 [nan]
 [nan]
 [nan]
 [nan]
 [nan]
 [nan]
 [nan]
 [nan]
 [nan]
 [nan]
 [nan]
 [nan]
 [nan]
 [nan]
 [nan]
 [nan]
 [nan]
 [nan]
 [nan]
 [nan]
 [nan]
 [nan]
 [nan]
 [nan]
 [nan]
 [nan]
 [nan]
 [nan]
 [nan]
 [nan]
 [nan]
 [nan]
 [nan]
 [nan]
 [nan]
 [nan]
 [nan]
 [nan]
 [nan]
 [nan]
 [nan]
 [nan]
 [nan]
 [nan]
 [nan]]
Cost for size: 0.5 is equal 203877.68772746227
Theta is equal: [[460.705272  ]
 [-50.51027518]
 [ 27.00181754]
 [ 13.62384741]
 [ 14.93540782]
 [  8.48377565]
 [ 30.31314965]
 [-50.51027518]
 [-22.18107899]
 [ -5.29059418]
 [-19.01970844]
 [  7.52104693]
 [-20.94925438]
 [ -5.37846503]
 [ 27.00181754]
 [ -5.29059418]
 [-28.91670669]
 [  8.53663585]
 [-14.42492768]
 [ -4.26486663]
 [-14.83646653]
 [ 13.62384741]
 [-19.01970844]
 [  8.53663585]
 [ -8.47961365]
 [-10.46012207]
 [ 12.96981726]
 [-23.37238289]
 [ 14.93540782]
 [  7.52104693]
 [-14.42492768]
 [-10.46012207]
 [ 32.72489284]
 [ 37.28986323]
 [-15.24077693]
 [  8.48377565]
 [-20.94925438]
 [ -4.26486663]
 [ 12.96981726]
 [ 37.28986323]
 [ 54.92195144]
 [-11.58307503]
 [ 30.31314965]
 [ -5.37846503]
 [-14.83646653]
 [-23.37238289]
 [-15.24077693]
 [-11.58307503]
 [-82.40456078]]
Cost for size: 0.625 is equal 2191210.62113387
Theta is equal: [[ 5.77743464e+02]
 [-3.49395632e+01]
 [ 4.45251067e+01]
 [-1.12537680e+01]
 [ 3.80937156e+00]
 [ 3.61609829e+00]
 [-6.61743912e+01]
 [-3.49395632e+01]
 [ 2.69307470e+01]
 [ 8.35900977e+01]
 [-1.39924577e+01]
 [-3.81079613e+00]
 [-1.94253448e+01]
 [ 1.05700360e+01]
 [ 4.45251067e+01]
 [ 8.35900977e+01]
 [ 7.73929794e+01]
 [ 4.61836760e+01]
 [-3.13601950e+01]
 [-3.05408406e+01]
 [-3.86066392e+01]
 [-1.12537680e+01]
 [-1.39924577e+01]
 [ 4.61836760e+01]
 [-4.24818484e-03]
 [-2.66167410e+01]
 [-1.15234649e+01]
 [-5.22148243e+01]
 [ 3.80937156e+00]
 [-3.81079613e+00]
 [-3.13601950e+01]
 [-2.66167410e+01]
 [ 4.66227410e+00]
 [ 1.86317505e+01]
 [-1.30489767e+01]
 [ 3.61609829e+00]
 [-1.94253448e+01]
 [-3.05408406e+01]
 [-1.15234649e+01]
 [ 1.86317505e+01]
 [-2.86364996e+01]
 [-4.64398544e+01]
 [-6.61743912e+01]
 [ 1.05700360e+01]
 [-3.86066392e+01]
 [-5.22148243e+01]
 [-1.30489767e+01]
 [-4.64398544e+01]
 [-7.66417441e+01]]
Cost for size: 0.75 is equal 1067873.657865991
Theta is equal: [[573.52049643]
 [ 15.39656722]
 [ 26.24216245]
 [-30.63990563]
 [ 10.63418305]
 [  4.84234847]
 [-48.10234618]
 [ 15.39656722]
 [-37.35566878]
 [ 16.2071642 ]
 [  3.11411375]
 [  5.00069029]
 [ -8.80954464]
 [ 18.94332085]
 [ 26.24216245]
 [ 16.2071642 ]
 [ 70.5526341 ]
 [ 52.50207821]
 [ 32.1501583 ]
 [ -8.72326372]
 [  9.21849355]
 [-30.63990563]
 [  3.11411375]
 [ 52.50207821]
 [ 32.17382067]
 [ -7.48861244]
 [  4.75583255]
 [ -2.14947337]
 [ 10.63418305]
 [  5.00069029]
 [ 32.1501583 ]
 [ -7.48861244]
 [  4.56498603]
 [ 23.93056826]
 [ 36.25068045]
 [  4.84234847]
 [ -8.80954464]
 [ -8.72326372]
 [  4.75583255]
 [ 23.93056826]
 [-39.2098148 ]
 [-19.75876883]
 [-48.10234618]
 [ 18.94332085]
 [  9.21849355]
 [ -2.14947337]
 [ 36.25068045]
 [-19.75876883]
 [-23.91377654]]
Cost for size: 0.875 is equal 246085.0564744316
Theta is equal: [[ 5.02989199e+02]
 [-3.24376041e+01]
 [ 5.36467145e+01]
 [ 1.00630923e+01]
 [-1.34556590e+01]
 [-8.94042429e+00]
 [-1.03230729e+01]
 [-3.24376041e+01]
 [-4.73414460e+00]
 [ 1.98215916e+00]
 [-6.00275777e+00]
 [-7.78426545e-01]
 [-1.41210742e+01]
 [ 1.22394079e+01]
 [ 5.36467145e+01]
 [ 1.98215916e+00]
 [ 1.06494207e+01]
 [ 5.47532692e+00]
 [ 2.21125100e+00]
 [-5.09308884e+00]
 [ 7.45413128e-01]
 [ 1.00630923e+01]
 [-6.00275777e+00]
 [ 5.47532692e+00]
 [ 1.32483084e+01]
 [ 7.32645888e+00]
 [ 4.59488016e+00]
 [-9.70417202e+00]
 [-1.34556590e+01]
 [-7.78426545e-01]
 [ 2.21125100e+00]
 [ 7.32645888e+00]
 [ 2.07078579e+01]
 [ 1.47673810e-01]
 [-5.20493566e+00]
 [-8.94042429e+00]
 [-1.41210742e+01]
 [-5.09308884e+00]
 [ 4.59488016e+00]
 [ 1.47673810e-01]
 [-2.66729024e+01]
 [ 5.49307307e+00]
 [-1.03230729e+01]
 [ 1.22394079e+01]
 [ 7.45413128e-01]
 [-9.70417202e+00]
 [-5.20493566e+00]
 [ 5.49307307e+00]
 [-5.12019988e+01]]
Cost for size: 1 is equal 195501.2961690245
Theta is equal: [[498.11399973]
 [-22.20566482]
 [ 33.88092421]
 [ 18.15332478]
 [-18.84923834]
 [-14.62630872]
 [-21.01948215]
 [-22.20566482]
 [ -4.74454142]
 [  6.24736296]
 [ -9.4006705 ]
 [  7.19409761]
 [-12.12108292]
 [  5.46627203]
 [ 33.88092421]
 [  6.24736296]
 [  8.7729673 ]
 [  1.12095353]
 [  3.66846901]
 [  4.11863124]
 [ -6.16671091]
 [ 18.15332478]
 [ -9.4006705 ]
 [  1.12095353]
 [ -8.16755894]
 [ -0.99111522]
 [  7.77993759]
 [ -6.64631051]
 [-18.84923834]
 [  7.19409761]
 [  3.66846901]
 [ -0.99111522]
 [ 28.33500714]
 [ -2.78644203]
 [  5.59814421]
 [-14.62630872]
 [-12.12108292]
 [  4.11863124]
 [  7.77993759]
 [ -2.78644203]
 [ -4.53143918]
 [  1.52138894]
 [-21.01948215]
 [  5.46627203]
 [ -6.16671091]
 [ -6.64631051]
 [  5.59814421]
 [  1.52138894]
 [-46.78387626]]

