Minimal lambda 8.189468534770324
Minimal alpha 5e-10 
Cost for size: 0.01 is equal 301832.1561190665
Theta is equal: [[ 1057.85814951]
 [    0.        ]
 [    0.        ]
 [    0.        ]
 [    0.        ]
 [ -560.820979  ]
 [    0.        ]
 [    0.        ]
 [    0.        ]
 [    0.        ]
 [    0.        ]
 [    0.        ]
 [    0.        ]
 [ -287.18056807]
 [ -141.74443696]
 [-1405.12740131]
 [    0.        ]
 [    0.        ]
 [    0.        ]
 [  -50.81192497]
 [    0.        ]
 [ -351.07058703]]
Cost for size: 0.02 is equal 172509.65682253265
Theta is equal: [[ 732.41031838]
 [   0.        ]
 [ 222.73520447]
 [-522.62271111]
 [   0.        ]
 [-508.28329019]
 [   0.        ]
 [   0.        ]
 [   0.        ]
 [   0.        ]
 [   0.        ]
 [   0.        ]
 [-113.93203356]
 [   0.        ]
 [ -24.85777093]
 [   0.        ]
 [ 168.58644056]
 [   0.        ]
 [   0.        ]
 [   0.        ]
 [   0.        ]
 [-114.81362072]]
Cost for size: 0.03 is equal 199304.06489766375
Theta is equal: [[ 838.09899674]
 [-605.60022473]
 [   0.        ]
 [-237.02431516]
 [   0.        ]
 [   0.        ]
 [ -94.70120593]
 [   0.        ]
 [   0.        ]
 [   0.        ]
 [   0.        ]
 [   0.        ]
 [-137.34420643]
 [   0.        ]
 [-260.91848745]
 [-147.0539903 ]
 [ 258.15280821]
 [   0.        ]
 [   0.        ]
 [   0.        ]
 [   0.        ]
 [   0.        ]]
Cost for size: 0.075 is equal 152468.73438327457
Theta is equal: [[ 769.3413942 ]
 [-413.52094554]
 [   0.        ]
 [   0.        ]
 [   0.        ]
 [   0.        ]
 [   0.        ]
 [   0.        ]
 [-153.84235057]
 [   0.        ]
 [   0.        ]
 [ -35.76238587]
 [ -89.3050426 ]
 [   0.        ]
 [   0.        ]
 [-389.33243559]
 [   0.        ]
 [   0.        ]
 [   0.        ]
 [ -19.48481903]
 [   0.        ]
 [   0.        ]]
Cost for size: 0.125 is equal 139241.49352547672
Theta is equal: [[ 639.62035576]
 [-353.89887232]
 [   0.        ]
 [   0.        ]
 [   0.        ]
 [   0.        ]
 [   0.        ]
 [   0.        ]
 [-152.26110871]
 [   0.        ]
 [   0.        ]
 [ -76.43823641]
 [   0.        ]
 [   0.        ]
 [  15.27269587]
 [   0.        ]
 [   0.        ]
 [   0.        ]
 [   0.        ]
 [   0.        ]
 [   0.        ]
 [ -53.87315517]]
Cost for size: 0.25 is equal 137705.58086476105
Theta is equal: [[ 6.13408185e+02]
 [-3.47467617e+02]
 [ 0.00000000e+00]
 [-1.36070485e+01]
 [ 0.00000000e+00]
 [-2.20009171e+01]
 [ 0.00000000e+00]
 [ 2.40867630e+01]
 [ 0.00000000e+00]
 [ 0.00000000e+00]
 [ 0.00000000e+00]
 [ 0.00000000e+00]
 [-1.18719790e+01]
 [ 0.00000000e+00]
 [ 0.00000000e+00]
 [ 0.00000000e+00]
 [ 0.00000000e+00]
 [ 0.00000000e+00]
 [ 0.00000000e+00]
 [ 0.00000000e+00]
 [-9.56617398e-02]
 [-1.18913178e+02]]
Cost for size: 0.5 is equal 136312.49580567825
Theta is equal: [[ 596.12690009]
 [-279.80202083]
 [   0.        ]
 [ -47.33257013]
 [ -22.87208971]
 [ -36.94915547]
 [   0.        ]
 [  31.80291009]
 [   0.        ]
 [   0.        ]
 [   0.        ]
 [   0.        ]
 [   0.        ]
 [   0.        ]
 [   0.        ]
 [   0.        ]
 [   0.        ]
 [   0.        ]
 [   0.        ]
 [   0.        ]
 [   0.        ]
 [-126.29323549]]
Cost for size: 0.625 is equal 136314.73721908726
Theta is equal: [[ 618.51283145]
 [-279.19300203]
 [   0.        ]
 [ -78.16940346]
 [   0.        ]
 [ -59.51471141]
 [   0.        ]
 [  25.3070587 ]
 [   0.        ]
 [   0.        ]
 [   0.        ]
 [   0.        ]
 [   0.        ]
 [   0.        ]
 [   0.        ]
 [   0.        ]
 [   0.        ]
 [   0.        ]
 [   0.        ]
 [   0.        ]
 [   0.        ]
 [-145.07737374]]
Cost for size: 0.75 is equal 135736.14375084557
Theta is equal: [[ 619.11203958]
 [-247.79765562]
 [   0.        ]
 [ -67.43255376]
 [   0.        ]
 [ -88.09043493]
 [   0.        ]
 [   4.94811968]
 [   0.        ]
 [   0.        ]
 [   0.        ]
 [   0.        ]
 [   0.        ]
 [   0.        ]
 [   0.        ]
 [   0.        ]
 [   1.43165588]
 [   0.        ]
 [   0.        ]
 [   0.        ]
 [   0.        ]
 [-140.67214891]]
Cost for size: 0.875 is equal 136111.93698185286
Theta is equal: [[ 610.99410442]
 [-235.7177344 ]
 [   0.        ]
 [ -55.50882473]
 [   0.        ]
 [-119.66464458]
 [   0.        ]
 [   0.        ]
 [   0.        ]
 [   0.        ]
 [   0.        ]
 [   0.        ]
 [   0.        ]
 [   0.        ]
 [   0.        ]
 [   0.        ]
 [   1.21934341]
 [   0.        ]
 [   0.        ]
 [   0.        ]
 [   0.        ]
 [-110.65982049]]
Cost for size: 1 is equal 136032.30167227678
Theta is equal: [[ 614.50405204]
 [-233.46981642]
 [   0.        ]
 [ -62.4877379 ]
 [   0.        ]
 [-124.24963064]
 [   0.        ]
 [   0.        ]
 [   0.        ]
 [   0.        ]
 [   0.        ]
 [   0.        ]
 [   0.        ]
 [   0.        ]
 [   0.        ]
 [   0.        ]
 [   0.        ]
 [   0.        ]
 [   0.        ]
 [   0.        ]
 [   0.        ]
 [-114.75927229]]

Minimal lambda 8.189468534770324
Minimal alpha 5e-10 
Cost for size: 0.01 is equal 222171.41723779106
Theta is equal: [[  943.75162838]
 [-1206.72886589]
 [ 1284.2721366 ]
 [  674.0264794 ]
 [    0.        ]
 [    0.        ]
 [    0.        ]
 [    0.        ]
 [    0.        ]
 [    0.        ]
 [    0.        ]
 [-1040.80443675]
 [    0.        ]
 [    0.        ]
 [ -718.53083442]
 [    0.        ]
 [    0.        ]
 [    0.        ]
 [    0.        ]
 [    0.        ]
 [  846.92171343]
 [ -661.72317081]]
Cost for size: 0.02 is equal 191238.05384867743
Theta is equal: [[ 487.32564772]
 [   0.        ]
 [ 152.09230744]
 [   0.        ]
 [-796.9546069 ]
 [   0.        ]
 [-201.1134452 ]
 [-214.49944576]
 [-252.41399771]
 [  68.88254584]
 [   0.        ]
 [   0.        ]
 [   0.        ]
 [1037.11478059]
 [ -50.90416752]
 [   0.        ]
 [ -84.13399115]
 [   0.        ]
 [   0.        ]
 [   0.        ]
 [ 504.23458037]
 [-268.1914151 ]]
Cost for size: 0.03 is equal 157965.61426943642
Theta is equal: [[ 591.53374609]
 [-468.01881864]
 [   0.        ]
 [   0.        ]
 [ -93.28615546]
 [   0.        ]
 [-275.81396932]
 [   0.        ]
 [-575.87829288]
 [ 326.81504181]
 [   0.        ]
 [ 347.86245942]
 [ 433.83849881]
 [   0.        ]
 [   0.        ]
 [   0.        ]
 [   0.        ]
 [ 103.55291495]
 [   0.        ]
 [   0.        ]
 [  53.81953911]
 [-223.26113257]]
Cost for size: 0.075 is equal 137029.9156671264
Theta is equal: [[ 616.61712378]
 [-464.01482454]
 [   0.        ]
 [   0.        ]
 [   0.        ]
 [   0.        ]
 [   0.        ]
 [   0.        ]
 [   0.        ]
 [  73.78138213]
 [   0.        ]
 [   0.        ]
 [  50.05132701]
 [   0.        ]
 [  43.36062711]
 [  43.46307835]
 [   0.        ]
 [  83.50191125]
 [   0.        ]
 [   0.        ]
 [   0.        ]
 [-193.79227141]]
Cost for size: 0.125 is equal 135312.91570912703
Theta is equal: [[ 673.58104017]
 [-420.74259679]
 [   0.        ]
 [   0.        ]
 [   0.        ]
 [   0.        ]
 [   0.        ]
 [   0.        ]
 [   0.        ]
 [ 128.43128381]
 [   0.        ]
 [   0.        ]
 [   7.98786836]
 [   0.        ]
 [   0.        ]
 [   0.        ]
 [   0.        ]
 [   0.        ]
 [   0.        ]
 [ -12.89907301]
 [   0.        ]
 [-199.57637295]]
Cost for size: 0.25 is equal 132989.8185826163
Theta is equal: [[ 596.36125671]
 [-284.24652891]
 [   0.        ]
 [ -60.67549019]
 [   0.        ]
 [   0.        ]
 [   0.        ]
 [   0.        ]
 [   0.        ]
 [  14.15934035]
 [   0.        ]
 [   0.        ]
 [   0.        ]
 [   0.        ]
 [   0.        ]
 [   0.        ]
 [  66.80556353]
 [   0.        ]
 [   0.        ]
 [ -29.14599347]
 [   0.        ]
 [-136.94927416]]
Cost for size: 0.5 is equal 133154.38158220716
Theta is equal: [[ 600.73923023]
 [-290.6253585 ]
 [   0.        ]
 [ -26.41195085]
 [   0.        ]
 [ -16.46280824]
 [   0.        ]
 [  21.16961984]
 [   0.        ]
 [   0.        ]
 [   0.        ]
 [   0.        ]
 [   0.        ]
 [   0.        ]
 [   0.        ]
 [   0.        ]
 [  12.07787776]
 [   0.        ]
 [   0.        ]
 [ -49.94570363]
 [   0.        ]
 [-114.58562941]]
Cost for size: 0.625 is equal 133937.59618764653
Theta is equal: [[ 579.70353725]
 [-268.67833732]
 [   0.        ]
 [ -46.6237363 ]
 [ -12.08640434]
 [ -14.93981409]
 [   0.        ]
 [  15.32355393]
 [   0.        ]
 [   0.        ]
 [   0.        ]
 [   0.        ]
 [   0.        ]
 [   0.        ]
 [   0.        ]
 [   0.        ]
 [   0.        ]
 [   0.        ]
 [   0.        ]
 [ -25.45883702]
 [   0.        ]
 [ -88.82977351]]
Cost for size: 0.75 is equal 133816.40819596683
Theta is equal: [[ 578.81380832]
 [-260.29643496]
 [   0.        ]
 [ -36.40722835]
 [ -24.75308087]
 [ -13.38103924]
 [   0.        ]
 [  13.75358579]
 [   0.        ]
 [   0.        ]
 [   0.        ]
 [   0.        ]
 [   0.        ]
 [   0.        ]
 [   0.        ]
 [   0.        ]
 [   0.        ]
 [   0.        ]
 [   0.        ]
 [ -12.96296025]
 [   0.        ]
 [-106.24961882]]
Cost for size: 0.875 is equal 133798.39585315864
Theta is equal: [[ 576.99603954]
 [-225.20623559]
 [   0.        ]
 [ -32.75466069]
 [ -32.19952413]
 [ -53.06555918]
 [   0.        ]
 [   7.56764003]
 [   0.        ]
 [   0.        ]
 [   0.        ]
 [   0.        ]
 [   0.        ]
 [   0.        ]
 [   0.        ]
 [   0.        ]
 [   0.        ]
 [   0.        ]
 [   0.        ]
 [  -4.10641409]
 [   0.        ]
 [-104.21033723]]
Cost for size: 1 is equal 133899.1766485997
Theta is equal: [[ 573.14373875]
 [-221.36360225]
 [   0.        ]
 [ -33.55348394]
 [ -38.53487444]
 [ -49.66583761]
 [   0.        ]
 [  16.15349359]
 [   0.        ]
 [   0.        ]
 [   0.        ]
 [   0.        ]
 [   0.        ]
 [   0.        ]
 [   0.        ]
 [   0.        ]
 [   0.        ]
 [   0.        ]
 [   0.        ]
 [   0.        ]
 [   0.        ]
 [-106.49816395]]

Minimal lambda 8.189468534770324
Minimal alpha 5e-10 
Cost for size: 0.01 is equal 224458.701443578
Theta is equal: [[ 337.47227745]
 [   0.        ]
 [   0.        ]
 [   0.        ]
 [   0.        ]
 [   0.        ]
 [   0.        ]
 [ 187.05122224]
 [-386.36825594]
 [ 157.7135498 ]
 [-279.18482438]
 [ 844.2732144 ]
 [   0.        ]
 [   0.        ]
 [   0.        ]
 [   0.        ]
 [   0.        ]
 [   0.        ]
 [   0.        ]
 [   0.        ]
 [   0.        ]
 [   0.        ]]
Cost for size: 0.02 is equal 210579.43687115528
Theta is equal: [[ 623.03398302]
 [   0.        ]
 [   0.        ]
 [-584.6848789 ]
 [ 111.64959866]
 [   0.        ]
 [ 416.22282494]
 [ -16.16726109]
 [   0.        ]
 [ 586.24005174]
 [  -5.98324134]
 [ 208.19792968]
 [ -72.62914009]
 [   0.        ]
 [1109.36594055]
 [-358.68263212]
 [   0.        ]
 [   0.        ]
 [   0.        ]
 [   0.        ]
 [   0.        ]
 [   0.        ]]
Cost for size: 0.03 is equal 168591.92001298146
Theta is equal: [[ 528.39529875]
 [-319.39525933]
 [   0.        ]
 [ -42.78361793]
 [   0.        ]
 [   0.        ]
 [  24.37107947]
 [ -58.23929791]
 [   0.        ]
 [ 470.09701862]
 [-337.81582135]
 [   0.        ]
 [ -49.43362112]
 [   0.        ]
 [1085.82653446]
 [ -18.70974078]
 [   0.        ]
 [   0.        ]
 [   0.        ]
 [   0.        ]
 [ 660.20906857]
 [   0.        ]]
Cost for size: 0.075 is equal 137760.9512268615
Theta is equal: [[ 468.67193996]
 [-464.82708793]
 [ -55.22308648]
 [   0.        ]
 [   0.        ]
 [   0.        ]
 [   0.        ]
 [ 143.49801056]
 [   0.        ]
 [   0.        ]
 [   0.        ]
 [-197.35053544]
 [   0.        ]
 [   0.        ]
 [ 122.69892013]
 [   0.        ]
 [ 247.82827866]
 [   0.        ]
 [   0.        ]
 [   0.        ]
 [   0.        ]
 [-232.77236118]]
Cost for size: 0.125 is equal 139391.0551382286
Theta is equal: [[ 532.84366905]
 [-362.02540519]
 [   0.        ]
 [   0.        ]
 [   0.        ]
 [   0.        ]
 [   0.        ]
 [  16.64839111]
 [   0.        ]
 [   0.        ]
 [ -12.14366235]
 [-138.05460606]
 [ -69.3198693 ]
 [   0.        ]
 [   0.        ]
 [   0.        ]
 [ 135.08277295]
 [   0.        ]
 [   0.        ]
 [   0.        ]
 [   0.        ]
 [ -15.20839998]]
Cost for size: 0.25 is equal 139231.85669222788
Theta is equal: [[ 533.05608091]
 [-345.38735537]
 [   0.        ]
 [ -86.53894183]
 [   0.        ]
 [   0.        ]
 [   0.        ]
 [   6.67093441]
 [   0.        ]
 [   0.        ]
 [ -22.44185146]
 [-183.82004852]
 [ -14.91624027]
 [   0.        ]
 [   0.        ]
 [   0.        ]
 [ 126.12439017]
 [   0.        ]
 [   0.        ]
 [   0.        ]
 [   0.        ]
 [   0.        ]]
Cost for size: 0.5 is equal 139515.39518853498
Theta is equal: [[ 514.23749179]
 [-292.08557861]
 [-105.12498475]
 [ -95.54051005]
 [   0.        ]
 [   0.        ]
 [   0.        ]
 [  71.97178994]
 [   0.        ]
 [   0.        ]
 [ -73.46998939]
 [-163.39904697]
 [   0.        ]
 [   0.        ]
 [   0.        ]
 [   0.        ]
 [   0.        ]
 [   0.        ]
 [   0.        ]
 [   0.        ]
 [   0.        ]
 [ -15.85411407]]
Cost for size: 0.625 is equal 138926.4298844024
Theta is equal: [[ 505.21909469]
 [-308.99358615]
 [ -75.82498986]
 [ -80.09181015]
 [   0.        ]
 [   0.        ]
 [   0.        ]
 [  62.51921663]
 [   0.        ]
 [   0.        ]
 [ -59.01455129]
 [-140.41730064]
 [   0.        ]
 [   0.        ]
 [   0.        ]
 [   0.        ]
 [   0.        ]
 [   0.        ]
 [   0.        ]
 [   0.        ]
 [   0.        ]
 [   0.        ]]
Cost for size: 0.75 is equal 138821.0764795594
Theta is equal: [[ 502.97353601]
 [-283.46680152]
 [ -95.3080445 ]
 [ -45.58492399]
 [   0.        ]
 [   0.        ]
 [   0.        ]
 [  50.97912033]
 [   0.        ]
 [   0.        ]
 [ -76.55981305]
 [ -96.78929722]
 [   0.        ]
 [   0.        ]
 [   0.        ]
 [   0.        ]
 [   0.        ]
 [   0.        ]
 [   0.        ]
 [   0.        ]
 [   0.        ]
 [ -14.72185514]]
Cost for size: 0.875 is equal 138972.8360597937
Theta is equal: [[ 516.53690137]
 [-349.88674269]
 [ -36.1594656 ]
 [ -54.66608696]
 [   0.        ]
 [   0.        ]
 [   0.        ]
 [  29.093293  ]
 [   0.        ]
 [   0.        ]
 [ -84.7082555 ]
 [-100.61327576]
 [   0.        ]
 [   0.        ]
 [   0.        ]
 [   0.        ]
 [   0.        ]
 [   0.        ]
 [   0.        ]
 [   0.        ]
 [   0.        ]
 [ -10.52275485]]
Cost for size: 1 is equal 138378.60567922576
Theta is equal: [[ 504.52751026]
 [-308.53290409]
 [ -64.93368987]
 [ -59.82766482]
 [   0.        ]
 [   0.        ]
 [   0.        ]
 [  50.45894324]
 [   0.        ]
 [   0.        ]
 [ -68.25324601]
 [-108.10456873]
 [   0.        ]
 [   0.        ]
 [   0.        ]
 [   0.        ]
 [   0.        ]
 [   0.        ]
 [   0.        ]
 [   0.        ]
 [   0.        ]
 [ -62.01239109]]

Minimal lambda 5e-10
Minimal alpha 0.005893843173967939 
Cost for size: 0.01 is equal 241550.66727878727
Theta is equal: [[ 237.23815766]
 [-130.73390669]
 [ -80.61768665]
 [  88.20942528]
 [ 243.02913476]
 [ -71.43804313]
 [   6.2052238 ]
 [ -68.97380686]
 [-146.63190404]
 [  65.49359089]
 [-346.77289962]
 [ 259.20936525]
 [ -30.32214856]
 [  69.18191077]
 [-208.63248068]
 [ 349.89187274]
 [ 315.96882388]
 [ -75.91413895]
 [ 149.33034606]
 [  56.46260165]
 [-142.9510176 ]
 [ 376.86493202]]
Cost for size: 0.02 is equal 193233.4713575228
Theta is equal: [[ 291.0337918 ]
 [ 229.07391515]
 [-683.0906857 ]
 [ 330.35814988]
 [  -2.14380773]
 [ 348.2881023 ]
 [ -27.56076456]
 [ -78.78585704]
 [  42.49736935]
 [ 186.50297781]
 [-440.81720171]
 [ 227.82149235]
 [  34.87746647]
 [-196.60181732]
 [ 489.25077846]
 [-115.50582255]
 [ 257.18571833]
 [-372.83031129]
 [ 701.21482736]
 [ 405.45245384]
 [-410.40429497]
 [ 367.34341855]]
Cost for size: 0.03 is equal 182155.699641755
Theta is equal: [[ 500.13872528]
 [-140.73413369]
 [-650.47687782]
 [ 613.29940396]
 [-173.64144832]
 [ 295.96910877]
 [ 307.95887377]
 [ -38.66410483]
 [-170.75720199]
 [ 159.09346428]
 [-244.03452389]
 [ -10.12556431]
 [ -97.84631703]
 [-375.35951958]
 [ 534.44531831]
 [ 261.45179754]
 [ -32.43379257]
 [-518.04988532]
 [ 542.8815127 ]
 [ 320.88210134]
 [ -21.98272488]
 [ 521.6414189 ]]
Cost for size: 0.075 is equal 143202.526744444
Theta is equal: [[ 464.61848563]
 [-370.12217228]
 [-180.2820717 ]
 [ 267.50484618]
 [  74.34866399]
 [ 206.32648415]
 [  82.5988666 ]
 [  37.26961844]
 [-270.05557218]
 [-116.72540807]
 [-429.27498668]
 [  54.83009757]
 [  94.40992357]
 [-125.87508933]
 [ 322.13748581]
 [ -75.14686796]
 [ 334.88699281]
 [ -55.55638938]
 [ 171.9025536 ]
 [  80.24018023]
 [  -0.52670865]
 [-307.33554924]]
Cost for size: 0.125 is equal 130893.81589726968
Theta is equal: [[ 507.74981881]
 [-343.80769918]
 [-211.53089768]
 [  57.15367203]
 [ 137.84034076]
 [  67.95234368]
 [ 153.09097802]
 [  46.31682089]
 [-179.89540023]
 [-100.39375379]
 [-266.41625247]
 [ -79.06995455]
 [ 108.53676294]
 [  30.96089561]
 [ 217.82389401]
 [-103.06644493]
 [ 366.67149628]
 [ -12.73714092]
 [ -16.29666276]
 [ -91.00468673]
 [  -4.24041485]
 [-326.56271819]]
Cost for size: 0.25 is equal 126047.37351911221
Theta is equal: [[ 496.44693199]
 [-205.34100235]
 [-180.46039113]
 [ -77.18358583]
 [  56.7213154 ]
 [  48.65035329]
 [ -91.99096546]
 [ 125.85268361]
 [-117.52454012]
 [  28.05581635]
 [-215.34771014]
 [-192.33824895]
 [  39.83565461]
 [ -10.43228299]
 [ 150.91903766]
 [  90.74685614]
 [ 205.07844341]
 [  56.58171386]
 [  76.18120539]
 [ -13.34077044]
 [  87.73026709]
 [-541.73470946]]
Cost for size: 0.5 is equal 121898.91303387131
Theta is equal: [[ 531.20987208]
 [-334.90223105]
 [-126.97643431]
 [ -71.57140414]
 [ -32.95144357]
 [ -10.01048626]
 [  24.26734505]
 [  46.17844397]
 [ -60.9485019 ]
 [  65.21371794]
 [ -81.93857438]
 [-179.25822506]
 [  58.72844004]
 [  10.81918936]
 [ -55.57012227]
 [  17.54213467]
 [ 259.66421914]
 [   5.22751676]
 [  39.95924301]
 [ -23.63555677]
 [ -27.61009658]
 [-442.17739818]]
Cost for size: 0.625 is equal 122520.53753112015
Theta is equal: [[ 541.78735546]
 [-394.97367682]
 [ -76.12126341]
 [ -98.72987236]
 [   8.10092886]
 [ -41.56903172]
 [   3.72655491]
 [  49.16265801]
 [ -94.86653077]
 [  31.03490062]
 [ -81.44812149]
 [-166.77594482]
 [  59.18894879]
 [  24.43771532]
 [ -66.54723592]
 [  -3.05392544]
 [ 276.8602602 ]
 [  19.05154813]
 [  20.33869297]
 [ -36.03190845]
 [  16.53175057]
 [-385.15752064]]
Cost for size: 0.75 is equal 122280.39709868435
Theta is equal: [[ 537.29210876]
 [-370.90017716]
 [-121.33370576]
 [-117.92655959]
 [   2.75215202]
 [ -18.31447904]
 [  30.56717046]
 [  71.23116289]
 [ -32.71196208]
 [ -19.70560459]
 [-113.21868352]
 [-153.69259313]
 [  17.72656724]
 [  70.70247962]
 [ -17.68318329]
 [ -81.48704794]
 [ 262.38039892]
 [   7.43819369]
 [  24.82553957]
 [ -23.74301519]
 [   8.37163414]
 [-421.63760386]]
Cost for size: 0.875 is equal 122647.74280625297
Theta is equal: [[ 534.68345593]
 [-344.14086776]
 [-143.43533514]
 [ -98.79117443]
 [  36.41415034]
 [ -34.44324303]
 [  24.6328996 ]
 [  88.35900901]
 [ -62.13816451]
 [ -48.81773817]
 [ -79.33171079]
 [-147.64884397]
 [  22.49242773]
 [  72.57836696]
 [ -27.69630889]
 [ -66.41514547]
 [ 220.59496749]
 [ -47.34940561]
 [  38.30107247]
 [  -3.30389471]
 [   9.89981299]
 [-417.22206147]]
Cost for size: 1 is equal 123434.75715421801
Theta is equal: [[ 534.97713194]
 [-326.71121307]
 [-128.98886426]
 [-103.89642078]
 [  53.59723458]
 [ -47.66136497]
 [   3.52127735]
 [  86.75686873]
 [ -65.79763829]
 [ -59.11785331]
 [ -55.97809573]
 [-128.69983478]
 [   9.45307247]
 [  54.10218475]
 [ -40.9588136 ]
 [ -59.20552618]
 [ 199.63895108]
 [ -34.33825925]
 [  -1.22890515]
 [ -30.78330552]
 [  27.92528156]
 [-407.50686101]]

Minimal lambda 8.189468534770324
Minimal alpha 5e-10 
Cost for size: 0.01 is equal 485312.70408935123
Theta is equal: [[ 580.81225306]
 [ -31.54721983]
 [   0.        ]
 [  61.68240812]
 [   8.68214325]
 [   0.        ]
 [   0.        ]
 [  47.512726  ]
 [ -34.79746271]
 [ -73.54559194]
 [   0.        ]
 [   0.        ]
 [   0.        ]
 [ 167.37239502]
 [ -37.85211763]
 [ 254.08639424]
 [   0.        ]
 [   0.        ]
 [ -96.98386547]
 [  41.10125156]
 [  66.07335139]
 [-182.78849035]]
Cost for size: 0.02 is equal 1487995.839445473
Theta is equal: [[ 275.76819947]
 [-310.77698642]
 [ 314.55123552]
 [ 227.7947717 ]
 [ 290.18753003]
 [-313.18342086]
 [ 125.69574903]
 [   0.82984184]
 [-245.30248709]
 [-434.36271248]
 [ 133.0658989 ]
 [-174.83802373]
 [  41.39994541]
 [  -4.7698711 ]
 [ 284.023466  ]
 [   0.        ]
 [ 163.83855182]
 [ 123.13221796]
 [-238.89516185]
 [  29.7938772 ]
 [ -27.72201006]
 [-154.51147977]]
Cost for size: 0.03 is equal 571987.8117302384
Theta is equal: [[ 273.68113509]
 [-166.44517103]
 [ 185.29963479]
 [  53.703226  ]
 [ 120.68751411]
 [ -92.0642726 ]
 [  85.96096181]
 [  -7.73160516]
 [ -96.6111644 ]
 [-260.63556824]
 [  97.23446136]
 [-115.4613031 ]
 [  49.6060625 ]
 [  60.1484844 ]
 [  88.70648789]
 [  55.35949445]
 [  56.05789104]
 [  87.37475946]
 [-227.3527173 ]
 [ 112.51988381]
 [ -32.76006451]
 [ -78.74093573]]
Cost for size: 0.075 is equal 147772.6513964128
Theta is equal: [[364.31829248]
 [  5.98333659]
 [-49.56925326]
 [  6.34118078]
 [ -2.52394121]
 [ 25.51212504]
 [-19.83702214]
 [ 29.91583479]
 [-12.74466949]
 [  0.        ]
 [-28.45013888]
 [  2.84972103]
 [  3.42796236]
 [  5.49650846]
 [-12.50655293]
 [-29.36324071]
 [ 93.90140116]
 [ 18.52048091]
 [-54.37658973]
 [  0.        ]
 [ -5.49035765]
 [-84.88496368]]
Cost for size: 0.125 is equal 144130.96205114725
Theta is equal: [[464.10718212]
 [ 11.23064581]
 [-43.94509529]
 [-12.63530145]
 [ -6.94530455]
 [-10.87171341]
 [-21.97508452]
 [ 15.65036431]
 [ -3.3761879 ]
 [  3.88233408]
 [-10.3994811 ]
 [  0.        ]
 [ -4.59882173]
 [  0.        ]
 [ 22.92129161]
 [-27.08210472]
 [ 53.80953594]
 [ 14.16717642]
 [-44.42147363]
 [-55.035374  ]
 [-10.13532385]
 [-43.05736163]]
Cost for size: 0.25 is equal 139410.0720076986
Theta is equal: [[492.36373994]
 [-15.60343994]
 [-21.26271973]
 [-12.09093073]
 [-11.08728167]
 [-26.8224728 ]
 [ -8.30607081]
 [ 19.61847195]
 [-17.26721086]
 [ -1.73570519]
 [ -1.52552036]
 [-19.5209944 ]
 [ 10.49510005]
 [ 24.0650639 ]
 [ 22.70676174]
 [-12.45507577]
 [ 38.89117214]
 [  8.97090682]
 [-24.2877532 ]
 [-34.67640082]
 [ -7.25558836]
 [-67.58343491]]
Cost for size: 0.5 is equal 134674.30222646345
Theta is equal: [[ 5.05155739e+02]
 [-6.60987002e+00]
 [-2.10227477e+01]
 [-2.51626451e+01]
 [-1.78201129e+01]
 [ 0.00000000e+00]
 [-5.38392758e+00]
 [ 1.25024325e+01]
 [-1.95444506e+00]
 [-1.95944215e-01]
 [-8.68988326e+00]
 [-1.49331022e+01]
 [ 0.00000000e+00]
 [ 1.82859135e+01]
 [ 6.95216330e+00]
 [-8.99322955e-01]
 [ 2.79268863e+01]
 [-2.27722132e+00]
 [-1.28507465e+01]
 [-1.49489690e+01]
 [-2.42194167e+00]
 [-5.15438343e+01]]
Cost for size: 0.625 is equal 134615.01280168726
Theta is equal: [[510.69700873]
 [-10.58496753]
 [-20.64019794]
 [-19.79823591]
 [-13.13664477]
 [  0.        ]
 [  0.        ]
 [ 11.72194869]
 [  0.        ]
 [  0.        ]
 [ -8.39312602]
 [-14.49962867]
 [  0.66906546]
 [ 18.47541567]
 [ 10.11231176]
 [  0.        ]
 [ 26.4060133 ]
 [  0.        ]
 [ -8.38239178]
 [-17.19743876]
 [  0.        ]
 [-48.69394316]]
Cost for size: 0.75 is equal 134766.37506084383
Theta is equal: [[502.39839833]
 [-13.12240555]
 [-17.52579034]
 [-17.4905066 ]
 [-12.8148323 ]
 [ -2.7901759 ]
 [  0.        ]
 [ 13.22983372]
 [  0.        ]
 [  1.03384138]
 [ -5.81961746]
 [ -7.28686732]
 [  3.03395123]
 [ 16.16119747]
 [  7.01412658]
 [ -3.31570369]
 [ 25.96623584]
 [  0.        ]
 [ -6.02141207]
 [-10.04966887]
 [  0.        ]
 [-55.06876498]]
Cost for size: 0.875 is equal 132940.1167709138
Theta is equal: [[ 5.06656985e+02]
 [-1.57289939e+01]
 [-1.87948358e+01]
 [-1.30038543e+01]
 [-7.40238014e+00]
 [-6.70583310e+00]
 [ 0.00000000e+00]
 [ 1.20238172e+01]
 [-1.42294010e-01]
 [ 0.00000000e+00]
 [-5.88180769e+00]
 [-1.04107784e+01]
 [ 1.47474681e+00]
 [ 9.42607616e+00]
 [ 3.11316009e+00]
 [-4.24874892e+00]
 [ 2.12356949e+01]
 [ 0.00000000e+00]
 [-5.14520503e+00]
 [-2.22385915e+00]
 [ 0.00000000e+00]
 [-4.96822233e+01]]
Cost for size: 1 is equal 133022.1968991676
Theta is equal: [[ 5.09787932e+02]
 [-1.63138367e+01]
 [-1.93664301e+01]
 [-1.08269993e+01]
 [-5.76178468e+00]
 [-4.62055305e+00]
 [ 0.00000000e+00]
 [ 1.20026541e+01]
 [-8.17615574e-01]
 [ 0.00000000e+00]
 [-4.99857983e+00]
 [-1.31669741e+01]
 [ 0.00000000e+00]
 [ 8.22572291e+00]
 [ 4.30125343e-02]
 [-8.88430952e+00]
 [ 2.36109331e+01]
 [ 0.00000000e+00]
 [-2.20982342e+00]
 [-6.35143788e+00]
 [ 0.00000000e+00]
 [-5.10794909e+01]]

Minimal lambda 50.0
Minimal alpha 5e-10 
Cost for size: 0.01 is equal 529397.5810746806
Theta is equal: [[ 456.18985208]
 [  -5.89860971]
 [   0.        ]
 [ -52.28275491]
 [   0.        ]
 [   0.        ]
 [   0.        ]
 [   0.        ]
 [   0.        ]
 [   0.        ]
 [-150.66809704]
 [ 100.53479161]
 [   0.        ]
 [ -21.80631713]
 [ -69.7837673 ]
 [   0.        ]
 [   0.        ]
 [   0.        ]
 [-392.96774119]
 [   0.        ]
 [  60.39495495]
 [   0.        ]]
Cost for size: 0.02 is equal 160348.7828443889
Theta is equal: [[531.59293602]
 [  6.42726482]
 [  0.        ]
 [-93.69685347]
 [  0.        ]
 [-39.86014686]
 [  0.        ]
 [ 21.41919624]
 [ 24.59087214]
 [  0.        ]
 [-15.92075358]
 [-26.37781332]
 [  0.        ]
 [-20.75505876]
 [  0.        ]
 [  0.        ]
 [-82.96509644]
 [-53.35290288]
 [ -8.20629461]
 [  0.        ]
 [  4.34393031]
 [-29.36421874]]
Cost for size: 0.03 is equal 194536.62723658836
Theta is equal: [[ 246.86187811]
 [  44.54241708]
 [   0.        ]
 [ -46.92121332]
 [   0.        ]
 [-137.66895282]
 [   0.        ]
 [  12.35831531]
 [  26.61803548]
 [  14.91117325]
 [  15.36166165]
 [ -38.14252303]
 [   0.        ]
 [  -3.42534609]
 [   0.        ]
 [   0.        ]
 [ -17.84566726]
 [  62.65634283]
 [   1.53973362]
 [   0.        ]
 [   0.        ]
 [  -1.06291278]]
Cost for size: 0.075 is equal 139627.0520156402
Theta is equal: [[505.15096508]
 [-25.16038175]
 [  0.        ]
 [-21.17211555]
 [  0.        ]
 [ -0.63137827]
 [  0.        ]
 [ 24.27720189]
 [  0.        ]
 [  0.        ]
 [ -9.69760298]
 [-15.34073633]
 [  0.        ]
 [ -3.73822469]
 [-31.3834893 ]
 [ 10.88566072]
 [  0.        ]
 [ 31.40405768]
 [  5.354831  ]
 [  0.        ]
 [  0.        ]
 [-86.79277243]]
Cost for size: 0.125 is equal 132396.51306312546
Theta is equal: [[456.73411144]
 [-29.67466269]
 [  0.        ]
 [-18.05369255]
 [  0.        ]
 [  0.        ]
 [  0.        ]
 [ 19.26675605]
 [  0.        ]
 [  0.        ]
 [ -3.61781415]
 [-13.92283282]
 [  5.35475905]
 [ -2.6428149 ]
 [-26.69387628]
 [ 18.43177826]
 [  0.        ]
 [  5.9088817 ]
 [  0.        ]
 [  0.        ]
 [  0.        ]
 [-35.41633074]]
Cost for size: 0.25 is equal 128005.40184361841
Theta is equal: [[453.58991536]
 [-17.84302016]
 [ -2.91939609]
 [-13.54240729]
 [  0.        ]
 [  0.        ]
 [  0.        ]
 [ 14.9920479 ]
 [  0.        ]
 [  0.        ]
 [  0.        ]
 [-23.3423907 ]
 [  2.4837477 ]
 [ -3.00432327]
 [-21.72491722]
 [  4.85978232]
 [  0.        ]
 [  0.        ]
 [  0.        ]
 [  0.        ]
 [  0.        ]
 [-27.27269232]]
Cost for size: 0.5 is equal 127887.87930372049
Theta is equal: [[383.71469315]
 [ -6.72022218]
 [-23.93430206]
 [ -7.46617633]
 [  0.        ]
 [  0.        ]
 [  0.        ]
 [ 18.91364577]
 [  0.        ]
 [  0.        ]
 [ -5.94572049]
 [ -5.80886922]
 [  8.76306476]
 [  0.        ]
 [  0.        ]
 [  0.        ]
 [ 28.61529555]
 [  0.        ]
 [  0.        ]
 [  0.        ]
 [  0.        ]
 [-24.49737255]]
Cost for size: 0.625 is equal 127224.63924777474
Theta is equal: [[380.63683142]
 [ -8.56445614]
 [-24.90511749]
 [ -2.25926975]
 [  0.        ]
 [ -2.2581415 ]
 [  0.        ]
 [ 17.27328545]
 [  0.        ]
 [  0.        ]
 [ -2.95584503]
 [-10.76025239]
 [  5.87977572]
 [  0.        ]
 [  0.        ]
 [  0.        ]
 [ 39.08170646]
 [  0.        ]
 [  0.        ]
 [  0.        ]
 [  0.        ]
 [-20.86602116]]
Cost for size: 0.75 is equal 127591.04688622388
Theta is equal: [[369.8448268 ]
 [ -7.67249813]
 [-21.31277796]
 [ -7.70252751]
 [  0.        ]
 [  0.        ]
 [  0.        ]
 [ 16.81525238]
 [  0.        ]
 [  0.        ]
 [ -6.56242948]
 [-10.58313905]
 [  5.86736045]
 [  0.        ]
 [  0.        ]
 [  0.        ]
 [ 45.63942447]
 [  0.        ]
 [  0.        ]
 [  0.        ]
 [  0.        ]
 [-20.77069895]]
Cost for size: 0.875 is equal 126988.6192542844
Theta is equal: [[378.53771214]
 [-10.58811263]
 [-18.90575001]
 [ -4.65537696]
 [  0.        ]
 [ -4.08883335]
 [  0.        ]
 [ 14.29125175]
 [  0.        ]
 [  0.        ]
 [ -5.15991303]
 [-12.48932661]
 [  3.93387241]
 [  0.        ]
 [  0.        ]
 [  0.        ]
 [ 44.30179951]
 [  0.        ]
 [  0.        ]
 [  0.76666978]
 [  0.        ]
 [-16.00441876]]
Cost for size: 1 is equal 126544.83678396796
Theta is equal: [[383.43621086]
 [-11.86664959]
 [-17.96798434]
 [ -5.98418456]
 [  0.        ]
 [ -2.4668135 ]
 [  0.        ]
 [ 14.42352593]
 [  0.        ]
 [  0.        ]
 [ -4.53091306]
 [-12.05779852]
 [  5.09148454]
 [  0.        ]
 [  0.        ]
 [  0.        ]
 [ 38.51767072]
 [  0.        ]
 [  0.        ]
 [  0.        ]
 [  0.        ]
 [-11.9533898 ]]

