Minimal lambda 8.189468534770324
Minimal alpha 5e-10 
Cost for size: 0.01 is equal 303299.5852905454
Theta is equal: [[ 7.46351143e+02]
 [-8.99645936e+02]
 [ 0.00000000e+00]
 [ 0.00000000e+00]
 [ 0.00000000e+00]
 [-3.55837663e+02]
 [ 5.43334588e+02]
 [-2.47653995e+02]
 [ 0.00000000e+00]
 [ 0.00000000e+00]
 [ 0.00000000e+00]
 [-4.10468178e+02]
 [ 0.00000000e+00]
 [ 0.00000000e+00]
 [ 0.00000000e+00]
 [ 0.00000000e+00]
 [ 0.00000000e+00]
 [ 0.00000000e+00]
 [ 1.31372392e+02]
 [ 0.00000000e+00]
 [ 0.00000000e+00]
 [ 0.00000000e+00]
 [ 0.00000000e+00]
 [ 0.00000000e+00]
 [ 2.68399273e+02]
 [ 0.00000000e+00]
 [ 0.00000000e+00]
 [ 0.00000000e+00]
 [ 0.00000000e+00]
 [-2.19061976e-03]
 [ 4.01803401e+01]
 [ 0.00000000e+00]
 [-3.14291688e+01]
 [-1.36203326e+03]
 [ 0.00000000e+00]
 [-1.44374363e+01]
 [ 0.00000000e+00]
 [ 0.00000000e+00]
 [ 0.00000000e+00]
 [-6.11391744e+00]
 [ 0.00000000e+00]
 [ 0.00000000e+00]
 [ 2.64894028e+02]
 [ 0.00000000e+00]
 [ 0.00000000e+00]
 [ 0.00000000e+00]
 [ 0.00000000e+00]
 [ 0.00000000e+00]
 [ 0.00000000e+00]]
Cost for size: 0.02 is equal 181180.15382456544
Theta is equal: [[ 353.51664623]
 [   0.        ]
 [ 345.35584359]
 [   0.        ]
 [   0.        ]
 [   0.        ]
 [ 315.56906   ]
 [-276.93589282]
 [   0.        ]
 [-275.75638396]
 [   0.        ]
 [   0.        ]
 [   0.        ]
 [   0.        ]
 [ 165.06313513]
 [-253.55270717]
 [   0.        ]
 [   0.        ]
 [   0.        ]
 [ -99.5195554 ]
 [   0.        ]
 [   0.        ]
 [   0.        ]
 [   0.        ]
 [ 137.20837503]
 [ -54.12324978]
 [   0.        ]
 [-281.37919745]
 [   0.        ]
 [   0.        ]
 [   0.        ]
 [ -11.85587291]
 [-562.70574298]
 [   0.        ]
 [   0.        ]
 [   0.        ]
 [   0.        ]
 [ -57.06412355]
 [   0.        ]
 [   0.        ]
 [   0.        ]
 [   0.        ]
 [ 129.9345571 ]
 [   0.        ]
 [   0.        ]
 [-212.63878089]
 [   0.        ]
 [   0.        ]
 [   0.        ]]
Cost for size: 0.03 is equal 158196.3168573948
Theta is equal: [[ 275.79292734]
 [   0.        ]
 [ 294.95642074]
 [   0.        ]
 [   0.        ]
 [   0.        ]
 [   0.        ]
 [-190.52836943]
 [   0.        ]
 [-265.24985319]
 [   0.        ]
 [   0.        ]
 [   0.        ]
 [   0.        ]
 [ 169.48907676]
 [-279.70059795]
 [   0.        ]
 [   0.        ]
 [   0.        ]
 [-226.02426854]
 [ 149.85372366]
 [   0.        ]
 [   0.        ]
 [   0.        ]
 [ 151.77456675]
 [   0.        ]
 [   0.        ]
 [   0.        ]
 [   0.        ]
 [   0.        ]
 [   0.        ]
 [   0.        ]
 [ -40.68216325]
 [ -72.6080427 ]
 [   0.        ]
 [   0.        ]
 [   0.        ]
 [ -33.65079181]
 [   0.        ]
 [ -20.81810743]
 [   0.        ]
 [   0.        ]
 [   0.        ]
 [   0.        ]
 [   6.99638301]
 [   0.        ]
 [   0.        ]
 [   0.        ]
 [   0.        ]]
Cost for size: 0.075 is equal 152975.13550993457
Theta is equal: [[ 4.55195545e+02]
 [-2.61879494e+02]
 [ 0.00000000e+00]
 [ 0.00000000e+00]
 [ 0.00000000e+00]
 [-1.64741553e+02]
 [ 0.00000000e+00]
 [-2.82148692e-01]
 [ 0.00000000e+00]
 [-1.83164946e+02]
 [-1.66180682e+01]
 [ 0.00000000e+00]
 [ 0.00000000e+00]
 [-2.16355430e+02]
 [ 0.00000000e+00]
 [-8.19315343e-02]
 [ 3.23802016e+02]
 [ 0.00000000e+00]
 [ 3.43175199e+01]
 [ 0.00000000e+00]
 [ 0.00000000e+00]
 [ 0.00000000e+00]
 [-8.33686909e+00]
 [ 0.00000000e+00]
 [-3.60596331e+01]
 [ 0.00000000e+00]
 [ 0.00000000e+00]
 [ 0.00000000e+00]
 [ 0.00000000e+00]
 [ 0.00000000e+00]
 [ 5.90612896e+00]
 [ 0.00000000e+00]
 [ 0.00000000e+00]
 [ 0.00000000e+00]
 [ 0.00000000e+00]
 [-3.42250809e-01]
 [ 0.00000000e+00]
 [ 0.00000000e+00]
 [ 0.00000000e+00]
 [ 0.00000000e+00]
 [ 0.00000000e+00]
 [ 0.00000000e+00]
 [ 0.00000000e+00]
 [-7.85177053e+01]
 [ 0.00000000e+00]
 [ 0.00000000e+00]
 [ 0.00000000e+00]
 [ 0.00000000e+00]
 [ 0.00000000e+00]]
Cost for size: 0.125 is equal 144800.91909755662
Theta is equal: [[ 423.53282951]
 [-114.77991455]
 [  86.10956923]
 [   0.        ]
 [   0.        ]
 [ -42.58909907]
 [  -2.60676488]
 [ -82.73863087]
 [   0.        ]
 [-107.0566415 ]
 [ -12.1719197 ]
 [   0.        ]
 [   0.        ]
 [   0.        ]
 [  75.16802033]
 [-104.39650699]
 [ 110.96406508]
 [   0.        ]
 [   0.        ]
 [   0.        ]
 [   0.        ]
 [   0.        ]
 [-118.42825739]
 [   3.72824772]
 [   0.        ]
 [   0.        ]
 [   0.        ]
 [   0.        ]
 [   0.        ]
 [   0.        ]
 [   0.        ]
 [   0.        ]
 [   0.        ]
 [   0.        ]
 [   0.        ]
 [   0.        ]
 [   0.        ]
 [   0.        ]
 [   0.        ]
 [   0.        ]
 [   0.        ]
 [   0.        ]
 [   0.        ]
 [   0.        ]
 [   0.        ]
 [   0.        ]
 [   0.        ]
 [   0.        ]
 [   0.        ]]
Cost for size: 0.25 is equal 140365.07199374336
Theta is equal: [[ 4.57021682e+02]
 [-1.68698511e+02]
 [ 6.91843090e+01]
 [ 0.00000000e+00]
 [ 0.00000000e+00]
 [-6.00304010e+01]
 [-7.61865437e+01]
 [-7.69686630e+01]
 [ 0.00000000e+00]
 [ 0.00000000e+00]
 [-8.23938853e+01]
 [ 0.00000000e+00]
 [ 0.00000000e+00]
 [ 0.00000000e+00]
 [ 4.66968215e+01]
 [ 0.00000000e+00]
 [ 0.00000000e+00]
 [ 0.00000000e+00]
 [ 0.00000000e+00]
 [ 0.00000000e+00]
 [ 0.00000000e+00]
 [ 0.00000000e+00]
 [-6.70428250e+01]
 [ 0.00000000e+00]
 [ 0.00000000e+00]
 [ 0.00000000e+00]
 [ 0.00000000e+00]
 [ 0.00000000e+00]
 [ 0.00000000e+00]
 [ 0.00000000e+00]
 [ 0.00000000e+00]
 [ 0.00000000e+00]
 [ 0.00000000e+00]
 [ 0.00000000e+00]
 [ 0.00000000e+00]
 [-1.02765237e-02]
 [ 0.00000000e+00]
 [ 0.00000000e+00]
 [ 0.00000000e+00]
 [ 0.00000000e+00]
 [ 0.00000000e+00]
 [ 0.00000000e+00]
 [-1.43066694e+01]
 [ 0.00000000e+00]
 [ 0.00000000e+00]
 [ 0.00000000e+00]
 [ 0.00000000e+00]
 [ 0.00000000e+00]
 [ 0.00000000e+00]]
Cost for size: 0.5 is equal 140167.11651059374
Theta is equal: [[ 500.24770866]
 [-230.16974006]
 [  25.63282043]
 [   0.        ]
 [   0.        ]
 [ -67.97523405]
 [ -28.99564846]
 [ -31.23047919]
 [   0.        ]
 [   0.        ]
 [ -78.29313308]
 [   0.        ]
 [   0.        ]
 [   0.        ]
 [  22.45183594]
 [   0.        ]
 [   0.        ]
 [   0.        ]
 [   0.        ]
 [   0.        ]
 [   0.        ]
 [   0.        ]
 [ -33.66431176]
 [   0.        ]
 [   0.        ]
 [   0.        ]
 [   0.        ]
 [   0.        ]
 [   0.        ]
 [   0.        ]
 [   0.        ]
 [   0.        ]
 [   0.        ]
 [   0.        ]
 [   0.        ]
 [  -1.88873702]
 [   0.        ]
 [   0.        ]
 [   0.        ]
 [   0.        ]
 [   0.        ]
 [   0.        ]
 [  -3.3335185 ]
 [   0.        ]
 [   0.        ]
 [   0.        ]
 [   0.        ]
 [   0.        ]
 [   0.        ]]
Cost for size: 0.625 is equal 140268.71439730338
Theta is equal: [[ 5.38930357e+02]
 [-2.69101206e+02]
 [ 5.76501769e+00]
 [-1.38981768e+01]
 [-1.54902255e+00]
 [-4.96717195e+01]
 [-5.52924305e+01]
 [-1.66968102e+00]
 [ 0.00000000e+00]
 [ 0.00000000e+00]
 [-8.61721995e+01]
 [ 0.00000000e+00]
 [ 0.00000000e+00]
 [ 0.00000000e+00]
 [ 1.73700266e+01]
 [ 0.00000000e+00]
 [ 0.00000000e+00]
 [ 0.00000000e+00]
 [ 0.00000000e+00]
 [ 0.00000000e+00]
 [ 0.00000000e+00]
 [-1.01892186e+01]
 [-9.63527409e+00]
 [ 0.00000000e+00]
 [ 0.00000000e+00]
 [ 0.00000000e+00]
 [ 0.00000000e+00]
 [ 0.00000000e+00]
 [-1.88429978e-05]
 [ 0.00000000e+00]
 [ 0.00000000e+00]
 [ 0.00000000e+00]
 [ 0.00000000e+00]
 [ 0.00000000e+00]
 [ 0.00000000e+00]
 [-1.04693758e+00]
 [ 0.00000000e+00]
 [ 0.00000000e+00]
 [ 0.00000000e+00]
 [ 0.00000000e+00]
 [ 0.00000000e+00]
 [ 0.00000000e+00]
 [-2.26661766e+00]
 [ 0.00000000e+00]
 [ 0.00000000e+00]
 [ 0.00000000e+00]
 [ 0.00000000e+00]
 [ 0.00000000e+00]
 [ 0.00000000e+00]]
Cost for size: 0.75 is equal 139774.9484406878
Theta is equal: [[ 5.39012754e+02]
 [-2.90967044e+02]
 [ 8.24013125e-02]
 [-1.61296951e+01]
 [ 0.00000000e+00]
 [-3.68413049e+01]
 [-7.83194161e+01]
 [-2.43781000e-04]
 [ 0.00000000e+00]
 [ 0.00000000e+00]
 [-3.78532258e+01]
 [ 0.00000000e+00]
 [ 0.00000000e+00]
 [ 0.00000000e+00]
 [ 1.04084475e+01]
 [ 0.00000000e+00]
 [ 0.00000000e+00]
 [ 0.00000000e+00]
 [ 0.00000000e+00]
 [ 0.00000000e+00]
 [ 0.00000000e+00]
 [-1.30247024e+01]
 [-8.10098813e-04]
 [ 0.00000000e+00]
 [ 0.00000000e+00]
 [ 0.00000000e+00]
 [ 0.00000000e+00]
 [ 0.00000000e+00]
 [ 0.00000000e+00]
 [ 0.00000000e+00]
 [ 0.00000000e+00]
 [ 0.00000000e+00]
 [ 0.00000000e+00]
 [ 0.00000000e+00]
 [ 0.00000000e+00]
 [-5.32326574e+00]
 [ 0.00000000e+00]
 [ 0.00000000e+00]
 [ 0.00000000e+00]
 [ 0.00000000e+00]
 [ 0.00000000e+00]
 [ 0.00000000e+00]
 [-1.77087567e+00]
 [ 0.00000000e+00]
 [ 0.00000000e+00]
 [ 0.00000000e+00]
 [ 0.00000000e+00]
 [ 0.00000000e+00]
 [ 0.00000000e+00]]
Cost for size: 0.875 is equal 139333.64653921366
Theta is equal: [[ 5.33839631e+02]
 [-2.97577552e+02]
 [ 1.61686752e+01]
 [-1.63359863e+01]
 [ 0.00000000e+00]
 [-4.64789001e+01]
 [-9.12199146e+01]
 [-1.15116247e+01]
 [ 0.00000000e+00]
 [ 0.00000000e+00]
 [-1.04767902e+00]
 [ 0.00000000e+00]
 [ 0.00000000e+00]
 [ 0.00000000e+00]
 [ 9.86802224e+00]
 [ 0.00000000e+00]
 [ 0.00000000e+00]
 [ 0.00000000e+00]
 [ 0.00000000e+00]
 [ 0.00000000e+00]
 [ 0.00000000e+00]
 [-1.32786337e+01]
 [-1.10421137e-04]
 [ 0.00000000e+00]
 [ 0.00000000e+00]
 [ 0.00000000e+00]
 [ 0.00000000e+00]
 [ 0.00000000e+00]
 [ 0.00000000e+00]
 [ 0.00000000e+00]
 [ 0.00000000e+00]
 [ 0.00000000e+00]
 [ 0.00000000e+00]
 [ 0.00000000e+00]
 [ 0.00000000e+00]
 [-5.96031230e+00]
 [ 0.00000000e+00]
 [ 0.00000000e+00]
 [ 0.00000000e+00]
 [ 0.00000000e+00]
 [ 0.00000000e+00]
 [ 0.00000000e+00]
 [-1.68166461e+00]
 [ 0.00000000e+00]
 [ 0.00000000e+00]
 [ 0.00000000e+00]
 [ 0.00000000e+00]
 [ 0.00000000e+00]
 [ 0.00000000e+00]]
Cost for size: 1 is equal 139334.03351650186
Theta is equal: [[ 5.52997108e+02]
 [-3.22285232e+02]
 [ 0.00000000e+00]
 [-1.62380489e+01]
 [ 0.00000000e+00]
 [-3.89499566e+01]
 [-9.76490013e+01]
 [-2.42456673e-04]
 [ 0.00000000e+00]
 [ 0.00000000e+00]
 [ 0.00000000e+00]
 [ 0.00000000e+00]
 [ 0.00000000e+00]
 [ 0.00000000e+00]
 [ 1.01026031e+00]
 [ 0.00000000e+00]
 [ 0.00000000e+00]
 [ 0.00000000e+00]
 [ 0.00000000e+00]
 [ 0.00000000e+00]
 [ 0.00000000e+00]
 [-8.60875752e+00]
 [ 0.00000000e+00]
 [ 0.00000000e+00]
 [ 0.00000000e+00]
 [ 0.00000000e+00]
 [ 0.00000000e+00]
 [ 0.00000000e+00]
 [ 0.00000000e+00]
 [ 0.00000000e+00]
 [ 0.00000000e+00]
 [ 0.00000000e+00]
 [ 0.00000000e+00]
 [ 0.00000000e+00]
 [ 0.00000000e+00]
 [-4.65972460e+00]
 [ 0.00000000e+00]
 [ 0.00000000e+00]
 [ 0.00000000e+00]
 [ 0.00000000e+00]
 [ 0.00000000e+00]
 [ 0.00000000e+00]
 [-1.16235021e+00]
 [ 0.00000000e+00]
 [ 0.00000000e+00]
 [ 0.00000000e+00]
 [ 0.00000000e+00]
 [ 0.00000000e+00]
 [ 0.00000000e+00]]

Minimal lambda 1.341347897639863
Minimal alpha 0.0009653488644416248 
Cost for size: 0.01 is equal 331623.410387376
Theta is equal: [[ 102.57594689]
 [   0.        ]
 [ 536.38446466]
 [  10.10065211]
 [   0.        ]
 [  22.57139613]
 [ -38.31074124]
 [   0.        ]
 [   0.        ]
 [ -81.07058725]
 [   0.        ]
 [   0.        ]
 [-222.5211405 ]
 [   0.        ]
 [ 360.13640938]
 [-126.60113213]
 [   0.        ]
 [   0.        ]
 [   0.        ]
 [   0.        ]
 [   0.        ]
 [   0.        ]
 [   0.        ]
 [   0.        ]
 [ 135.67915217]
 [ 128.78208284]
 [ 378.8996787 ]
 [-449.96387034]
 [   0.        ]
 [   0.        ]
 [  28.9745295 ]
 [ 108.47129642]
 [ -66.3536277 ]
 [   0.        ]
 [-221.16048746]
 [   0.        ]
 [-237.92538996]
 [   0.        ]
 [ 323.04776958]
 [   0.        ]
 [-224.93624615]
 [   0.        ]
 [-119.5195529 ]
 [   0.        ]
 [   0.        ]
 [-496.01971172]
 [-240.55336885]
 [   0.        ]
 [   0.        ]]
Cost for size: 0.02 is equal 360201.6763603099
Theta is equal: [[  630.02488643]
 [ -158.59068148]
 [   35.55014462]
 [    0.        ]
 [    0.        ]
 [  768.891615  ]
 [  342.23198194]
 [ -454.06773239]
 [    0.        ]
 [  345.77242801]
 [   94.21217194]
 [    0.        ]
 [    0.        ]
 [ -464.51638191]
 [    0.        ]
 [  343.03394555]
 [    0.        ]
 [  336.67936532]
 [   54.20769   ]
 [   47.77014935]
 [ -211.5344637 ]
 [  -50.38607176]
 [    3.63454753]
 [  242.52280763]
 [    0.        ]
 [  314.00522831]
 [    0.        ]
 [ -546.19721142]
 [ -390.18121591]
 [    0.        ]
 [    0.        ]
 [  283.46831581]
 [ -281.57460715]
 [  -45.9276147 ]
 [ -241.24040808]
 [  370.10899204]
 [    0.        ]
 [   38.97813662]
 [    0.        ]
 [  -15.40851928]
 [-1279.64557689]
 [    0.        ]
 [  189.81257353]
 [ -482.60423751]
 [ -179.16460647]
 [ -477.14738574]
 [ -168.92161839]
 [    0.        ]
 [ -170.6476256 ]]
Cost for size: 0.03 is equal 284022.3391194868
Theta is equal: [[ 244.97890899]
 [  -2.80752965]
 [  58.60292875]
 [  83.85165348]
 [   0.        ]
 [ 742.19901393]
 [ 710.35508433]
 [-209.6492049 ]
 [   0.        ]
 [  67.54767673]
 [   0.        ]
 [ 164.05790065]
 [-489.2839158 ]
 [   0.        ]
 [   0.        ]
 [  59.27550414]
 [ 516.01381563]
 [  90.18868621]
 [  98.23669829]
 [  81.29444566]
 [-258.15401956]
 [   0.        ]
 [   0.        ]
 [  29.14091484]
 [ 297.60947161]
 [ 208.66801393]
 [  98.94084239]
 [-567.94251203]
 [-250.37909517]
 [  20.2253313 ]
 [   0.        ]
 [ 138.0300729 ]
 [-137.88030155]
 [   0.        ]
 [-691.0336654 ]
 [ 182.66316711]
 [-549.17571994]
 [  43.24326847]
 [ 152.40578803]
 [   0.        ]
 [-568.09684825]
 [-392.18619308]
 [ 546.27123007]
 [   0.        ]
 [-222.11591017]
 [-469.92615271]
 [-606.46229123]
 [-274.84368949]
 [-138.0570263 ]]
Cost for size: 0.075 is equal 164588.9808888002
Theta is equal: [[ 225.46852822]
 [   0.        ]
 [ 315.44594372]
 [  57.44693869]
 [-213.91087001]
 [ 427.63481134]
 [ 670.12559149]
 [   0.        ]
 [-282.08389362]
 [ -24.08942249]
 [ -77.1724445 ]
 [  88.54866091]
 [-175.94889698]
 [-146.45440423]
 [  54.17041277]
 [-152.28141407]
 [ 229.05781834]
 [   0.        ]
 [ -69.79550137]
 [-148.59900479]
 [-223.10527685]
 [   0.        ]
 [ -80.32366818]
 [   2.15089784]
 [ 503.96219813]
 [  53.66722752]
 [  -1.64122908]
 [-422.55303706]
 [-379.5926395 ]
 [ 117.4519632 ]
 [  -9.56432198]
 [  51.9750012 ]
 [ 211.73571728]
 [ 147.47952203]
 [   0.        ]
 [ 284.19111424]
 [-118.59525457]
 [-133.72780836]
 [ -31.60648155]
 [  79.15584488]
 [-215.02347618]
 [-201.61593881]
 [ 531.12492569]
 [ -89.27199626]
 [-218.59741359]
 [-448.49151944]
 [ -24.69005007]
 [-200.07637899]
 [-606.07972832]]
Cost for size: 0.125 is equal 137320.4111766616
Theta is equal: [[ 417.62015461]
 [   0.        ]
 [   0.        ]
 [ -16.68345971]
 [-160.25703199]
 [ 249.88575237]
 [ 543.05293922]
 [   0.        ]
 [-177.08176894]
 [  -6.32436077]
 [ -91.68927498]
 [   0.        ]
 [ -53.01882912]
 [ -81.8439123 ]
 [   7.24225206]
 [ -74.96420571]
 [ 150.52147052]
 [   0.        ]
 [   0.        ]
 [ -96.02543801]
 [   0.        ]
 [ -14.10954027]
 [-187.18699395]
 [   0.        ]
 [ 197.82961371]
 [ 148.50266501]
 [-104.26372769]
 [ -72.21093018]
 [-271.87536201]
 [   0.        ]
 [   0.        ]
 [ 116.01776244]
 [ 368.47027904]
 [  53.88658365]
 [-146.7693139 ]
 [ 133.17479638]
 [ -90.64041005]
 [ -72.25599531]
 [ -61.89972314]
 [  90.28341041]
 [ -59.0824747 ]
 [-118.50242418]
 [ 403.08722577]
 [ -99.53043204]
 [   0.        ]
 [ -62.12524375]
 [-159.85250856]
 [-137.09795992]
 [-731.29444644]]
Cost for size: 0.25 is equal 135727.96237744286
Theta is equal: [[ 438.21264725]
 [   0.        ]
 [  72.77253649]
 [  20.54711746]
 [   0.        ]
 [   4.26721576]
 [ 375.00741714]
 [   0.        ]
 [-213.59100088]
 [   0.        ]
 [ -94.98861381]
 [   0.        ]
 [ -38.80782337]
 [ -53.52947662]
 [  57.94910309]
 [ -13.03161204]
 [   0.        ]
 [   0.        ]
 [ -10.76299436]
 [ -86.41670712]
 [ -69.42803054]
 [   0.81782735]
 [-132.23483974]
 [   0.        ]
 [ 181.94760927]
 [  39.8530184 ]
 [-139.84408604]
 [ -45.75739712]
 [   0.        ]
 [   0.        ]
 [   0.        ]
 [  53.07801097]
 [   0.        ]
 [  98.13488045]
 [ -68.94217023]
 [   6.12289032]
 [ -47.88073552]
 [ -50.34666695]
 [-124.44775265]
 [ 114.30028659]
 [ 180.08449101]
 [ -38.184414  ]
 [ 334.83219728]
 [ -69.13329015]
 [ -66.775425  ]
 [ -79.50908414]
 [-113.1848723 ]
 [-101.62623194]
 [-610.7060208 ]]
Cost for size: 0.5 is equal 128801.19991669107
Theta is equal: [[ 5.02314957e+02]
 [ 0.00000000e+00]
 [ 9.58417630e+01]
 [ 0.00000000e+00]
 [ 0.00000000e+00]
 [ 4.63105673e+01]
 [ 2.78416509e+02]
 [ 0.00000000e+00]
 [-2.90148407e+02]
 [-5.67623836e-01]
 [-2.25218704e+01]
 [ 3.85213033e+01]
 [-7.48660166e+01]
 [ 0.00000000e+00]
 [ 2.97699991e+01]
 [-4.63318991e+01]
 [ 0.00000000e+00]
 [ 2.68814537e+00]
 [-2.05425482e+01]
 [-1.14493086e+02]
 [-3.37787155e+01]
 [ 0.00000000e+00]
 [-4.99232061e+01]
 [ 1.83728952e+01]
 [ 3.54249970e+01]
 [ 0.00000000e+00]
 [ 0.00000000e+00]
 [-3.17490206e+01]
 [ 0.00000000e+00]
 [ 3.34373795e+01]
 [ 0.00000000e+00]
 [ 0.00000000e+00]
 [ 7.62441188e+00]
 [ 0.00000000e+00]
 [-2.74590303e+00]
 [ 2.01666427e+01]
 [-6.36417885e+01]
 [-8.23498834e+01]
 [ 0.00000000e+00]
 [ 0.00000000e+00]
 [ 4.69778902e+01]
 [-9.86721198e-01]
 [ 2.59788136e+02]
 [ 0.00000000e+00]
 [-1.55305728e+01]
 [-3.07452465e+01]
 [-1.52636837e+01]
 [-1.88470571e+01]
 [-6.42129899e+02]]
Cost for size: 0.625 is equal 127612.7649979679
Theta is equal: [[ 4.98009155e+02]
 [ 0.00000000e+00]
 [ 1.23498731e+02]
 [ 0.00000000e+00]
 [ 0.00000000e+00]
 [ 4.29725988e+01]
 [ 2.67533008e+02]
 [ 0.00000000e+00]
 [-2.13691504e+02]
 [-1.82932877e+00]
 [-2.62988067e+01]
 [ 0.00000000e+00]
 [-7.88992853e+01]
 [ 0.00000000e+00]
 [ 5.01040562e+01]
 [-4.67325514e+01]
 [ 0.00000000e+00]
 [ 0.00000000e+00]
 [-4.62273275e+01]
 [-1.12956926e+02]
 [ 0.00000000e+00]
 [ 0.00000000e+00]
 [-6.54207391e+01]
 [ 0.00000000e+00]
 [ 6.14868874e+00]
 [-7.75390694e+00]
 [ 0.00000000e+00]
 [ 0.00000000e+00]
 [ 0.00000000e+00]
 [ 0.00000000e+00]
 [-4.26925967e+01]
 [-3.37027487e-01]
 [ 7.82323636e+01]
 [ 0.00000000e+00]
 [-3.37812505e+01]
 [ 1.06591368e+00]
 [-7.87208488e+01]
 [-7.17124691e+01]
 [ 3.14675025e+01]
 [ 0.00000000e+00]
 [ 7.41454246e+00]
 [-4.82995864e+00]
 [ 2.52728194e+02]
 [ 0.00000000e+00]
 [ 0.00000000e+00]
 [ 0.00000000e+00]
 [-1.87441344e+01]
 [-1.33154729e+01]
 [-6.51000988e+02]]
Cost for size: 0.75 is equal 127762.43822268385
Theta is equal: [[ 457.83099079]
 [ -10.75600615]
 [ 177.8408294 ]
 [   0.        ]
 [   0.        ]
 [  85.36779758]
 [ 271.97846044]
 [ -30.72669159]
 [-168.03809004]
 [ -16.87847311]
 [ -10.07921589]
 [   0.        ]
 [ -87.33157736]
 [   0.        ]
 [  62.1232923 ]
 [ -57.48129763]
 [   0.        ]
 [   0.        ]
 [ -52.35561832]
 [-109.32596935]
 [   0.        ]
 [   0.        ]
 [ -38.25110393]
 [   0.        ]
 [   0.        ]
 [ -12.13715697]
 [   0.        ]
 [   0.        ]
 [   0.        ]
 [   0.        ]
 [ -48.5009691 ]
 [  -9.9174234 ]
 [  65.58587761]
 [   0.        ]
 [ -12.69812735]
 [   5.43133697]
 [ -86.4524113 ]
 [ -79.8288849 ]
 [   0.        ]
 [   0.        ]
 [   2.93642477]
 [ -25.65734017]
 [ 255.5574493 ]
 [   0.        ]
 [   0.        ]
 [   0.        ]
 [   0.        ]
 [ -19.394506  ]
 [-639.55230008]]
Cost for size: 0.875 is equal 126708.14708020318
Theta is equal: [[ 4.98596209e+02]
 [-3.34808065e+01]
 [ 1.19368877e+02]
 [ 0.00000000e+00]
 [ 0.00000000e+00]
 [ 2.24256520e+01]
 [ 2.86084598e+02]
 [-4.98565214e+01]
 [-1.63672124e+02]
 [-2.44437759e+01]
 [-2.45865858e+01]
 [ 0.00000000e+00]
 [-5.61949333e+01]
 [ 1.02753243e+00]
 [ 3.89375263e+01]
 [-4.80368157e+01]
 [ 0.00000000e+00]
 [ 0.00000000e+00]
 [-4.15057032e+01]
 [-3.68905918e+01]
 [ 0.00000000e+00]
 [ 0.00000000e+00]
 [-3.08559723e+01]
 [ 0.00000000e+00]
 [-8.47317485e+00]
 [ 0.00000000e+00]
 [ 0.00000000e+00]
 [ 0.00000000e+00]
 [ 0.00000000e+00]
 [-1.07702066e-01]
 [-3.40513015e+01]
 [ 0.00000000e+00]
 [ 4.13337975e+01]
 [ 0.00000000e+00]
 [-1.16483498e+01]
 [ 0.00000000e+00]
 [-4.46517141e+01]
 [-2.03553725e+01]
 [ 2.87536171e+00]
 [ 0.00000000e+00]
 [ 0.00000000e+00]
 [-2.72861944e+01]
 [ 2.55197626e+02]
 [ 2.06031924e+01]
 [ 0.00000000e+00]
 [ 0.00000000e+00]
 [-4.90950122e+00]
 [-3.39691818e+01]
 [-6.41508832e+02]]
Cost for size: 1 is equal 127258.23456061067
Theta is equal: [[ 5.22973129e+02]
 [-1.82932158e+01]
 [ 6.65187131e+01]
 [ 0.00000000e+00]
 [ 0.00000000e+00]
 [ 0.00000000e+00]
 [ 2.10695223e+02]
 [-6.74376249e+00]
 [-2.44300354e+02]
 [-1.83908848e+01]
 [-3.51332738e+01]
 [-2.16102907e+01]
 [-4.44373760e+01]
 [ 2.15215083e+01]
 [ 4.28280215e+01]
 [-2.95384170e+01]
 [ 0.00000000e+00]
 [ 0.00000000e+00]
 [-1.44930729e+01]
 [-1.87704806e+01]
 [ 0.00000000e+00]
 [ 0.00000000e+00]
 [-2.76837779e+01]
 [ 0.00000000e+00]
 [-4.33108531e+00]
 [ 0.00000000e+00]
 [ 0.00000000e+00]
 [ 0.00000000e+00]
 [ 0.00000000e+00]
 [-5.14954854e+00]
 [-5.67724231e-02]
 [ 0.00000000e+00]
 [ 6.48552127e+01]
 [ 0.00000000e+00]
 [-1.10461742e+01]
 [ 4.70453998e+00]
 [-1.95079579e+01]
 [-8.95107330e+00]
 [ 0.00000000e+00]
 [ 0.00000000e+00]
 [ 0.00000000e+00]
 [-1.94532739e+01]
 [ 1.87869492e+02]
 [ 2.59599374e+01]
 [ 0.00000000e+00]
 [ 0.00000000e+00]
 [-3.12270655e+01]
 [-4.08230157e+01]
 [-5.07128760e+02]]

Minimal lambda 8.189468534770324
Minimal alpha 5e-10 
Cost for size: 0.01 is equal 527594.546170365
Theta is equal: [[ 1.25697985e+02]
 [-6.73801264e+00]
 [ 0.00000000e+00]
 [ 0.00000000e+00]
 [ 4.66510154e+01]
 [ 0.00000000e+00]
 [ 3.75885507e+01]
 [-2.10385816e+01]
 [-5.73456002e+01]
 [ 0.00000000e+00]
 [ 0.00000000e+00]
 [-7.65838115e-02]
 [-2.19100530e+02]
 [ 0.00000000e+00]
 [ 0.00000000e+00]
 [ 0.00000000e+00]
 [ 3.84535224e+01]
 [ 0.00000000e+00]
 [ 0.00000000e+00]
 [ 0.00000000e+00]
 [ 0.00000000e+00]
 [ 0.00000000e+00]
 [ 0.00000000e+00]
 [ 0.00000000e+00]
 [-4.75280960e+01]
 [ 0.00000000e+00]
 [ 0.00000000e+00]
 [ 0.00000000e+00]
 [ 1.30660014e+01]
 [-3.09980453e+01]
 [ 0.00000000e+00]
 [ 0.00000000e+00]
 [ 3.86502724e+02]
 [ 1.10289306e+01]
 [ 9.12639394e+01]
 [ 0.00000000e+00]
 [-4.57358760e+01]
 [-1.84536536e+00]
 [ 0.00000000e+00]
 [ 2.41597926e+01]
 [ 0.00000000e+00]
 [ 0.00000000e+00]
 [ 2.81646946e+02]
 [ 0.00000000e+00]
 [ 0.00000000e+00]
 [ 0.00000000e+00]
 [ 2.43857675e-01]
 [ 0.00000000e+00]
 [ 0.00000000e+00]]
Cost for size: 0.02 is equal 812451.5278764797
Theta is equal: [[1728.83884747]
 [   0.        ]
 [   1.81960231]
 [   0.        ]
 [-315.10644368]
 [   0.        ]
 [ 123.95177885]
 [   0.        ]
 [-246.46433321]
 [  36.10239431]
 [ -83.26247782]
 [  91.83706651]
 [   0.        ]
 [ -14.62271552]
 [   0.        ]
 [  72.0956629 ]
 [ -75.25686183]
 [ -56.98892831]
 [  54.25784546]
 [  44.56346977]
 [-125.26357628]
 [   0.        ]
 [   0.        ]
 [ -42.75247224]
 [   0.        ]
 [ -16.64218027]
 [   7.70461128]
 [ 145.53170646]
 [ -83.63442461]
 [  96.69732494]
 [  21.05558184]
 [ -10.95191299]
 [ -89.6415045 ]
 [   0.        ]
 [   9.52236679]
 [   0.        ]
 [   0.        ]
 [  43.15334921]
 [  31.15939814]
 [   0.        ]
 [ -55.49491522]
 [   0.        ]
 [   0.        ]
 [ -42.53118204]
 [-104.01292903]
 [ 100.97624947]
 [  31.34651047]
 [   0.        ]
 [  10.93870491]]
Cost for size: 0.03 is equal 535668.9735838517
Theta is equal: [[ 856.62409526]
 [   0.        ]
 [ -10.95452687]
 [   0.        ]
 [ -74.28647611]
 [   0.        ]
 [ 204.83411124]
 [ -10.97349621]
 [   0.        ]
 [-103.89226621]
 [ -34.0202178 ]
 [   0.99331682]
 [   0.        ]
 [ -95.47637326]
 [   0.        ]
 [ -14.98622642]
 [ -23.02346889]
 [  40.92625417]
 [  37.1466044 ]
 [  31.85186526]
 [-111.874155  ]
 [   0.        ]
 [-101.63181422]
 [   0.        ]
 [ -47.71561883]
 [  66.810435  ]
 [   0.90987758]
 [ 101.61966386]
 [  -3.94405632]
 [   0.        ]
 [   1.9755253 ]
 [  29.81736064]
 [   0.        ]
 [ -16.18934948]
 [  94.00985458]
 [   0.        ]
 [   0.        ]
 [  19.50953558]
 [  10.04004942]
 [  -5.06216973]
 [  22.70453788]
 [ -41.00236921]
 [   0.        ]
 [ -13.05941748]
 [-100.88345884]
 [ 103.11853288]
 [  31.28170739]
 [ -11.1677448 ]
 [  83.03976185]]
Cost for size: 0.075 is equal 139150.92633516138
Theta is equal: [[ 6.68386702e+02]
 [ 0.00000000e+00]
 [ 0.00000000e+00]
 [ 0.00000000e+00]
 [-1.34787059e+01]
 [-4.69562023e+00]
 [ 8.49420133e+01]
 [ 0.00000000e+00]
 [-2.79168990e+01]
 [-1.85751706e+01]
 [-1.45956999e+00]
 [ 1.72234420e+01]
 [-1.73334434e+01]
 [ 0.00000000e+00]
 [ 0.00000000e+00]
 [-2.11773284e-01]
 [-1.63497529e+00]
 [ 0.00000000e+00]
 [ 1.03223269e+01]
 [ 1.02931198e+01]
 [-4.07334481e+01]
 [ 0.00000000e+00]
 [-8.07186597e-01]
 [ 0.00000000e+00]
 [-5.49267847e-01]
 [ 1.13219385e+01]
 [ 8.10049594e-01]
 [ 2.29244587e+01]
 [-4.17873685e+01]
 [ 7.65375260e+00]
 [ 7.32278217e+00]
 [ 1.20192996e+01]
 [ 2.08589832e+01]
 [ 2.53797610e+01]
 [ 3.22042375e+01]
 [-1.52234873e+01]
 [-4.86786322e-01]
 [ 8.90774752e+00]
 [ 9.51133031e-01]
 [ 1.42359997e-01]
 [-7.11361287e+01]
 [-5.73588579e+00]
 [ 2.12714764e+01]
 [ 0.00000000e+00]
 [-2.22338579e+01]
 [ 2.63586431e+00]
 [ 1.31757495e+00]
 [-1.66809739e-01]
 [-3.73123179e+01]]
Cost for size: 0.125 is equal 132434.65545667664
Theta is equal: [[ 6.37446609e+02]
 [ 0.00000000e+00]
 [ 0.00000000e+00]
 [ 4.31462398e+00]
 [-7.12826965e+00]
 [ 9.11278871e+00]
 [ 1.50954987e+01]
 [-4.11382741e+00]
 [-3.66659143e+01]
 [ 0.00000000e+00]
 [ 0.00000000e+00]
 [ 6.17194997e+00]
 [-1.49285590e+01]
 [ 1.42452668e+01]
 [ 0.00000000e+00]
 [ 0.00000000e+00]
 [-5.94072548e+00]
 [-4.04881940e-01]
 [ 1.33967125e+00]
 [ 8.27416220e+00]
 [-3.73313890e+01]
 [ 2.25329991e+01]
 [ 0.00000000e+00]
 [-6.07577270e+00]
 [-1.54400924e+01]
 [ 2.27730277e+01]
 [-2.37333865e+01]
 [ 0.00000000e+00]
 [-3.27546016e+01]
 [ 1.23054123e+01]
 [ 3.73035033e+00]
 [ 1.53920097e+01]
 [ 3.78600316e+01]
 [ 1.20772098e+01]
 [ 1.48842639e+01]
 [ 5.60379107e-01]
 [-1.84398934e-06]
 [ 1.47464261e+01]
 [-1.39137795e+01]
 [ 3.74718706e+00]
 [-2.54462403e+01]
 [ 1.08219676e+01]
 [ 2.09030089e+01]
 [ 3.14391576e+01]
 [-2.52036520e+01]
 [ 0.00000000e+00]
 [ 1.61680276e+00]
 [ 3.22755503e+00]
 [-6.25966801e+01]]
Cost for size: 0.25 is equal 119543.22682314277
Theta is equal: [[ 5.50610082e+02]
 [-1.61815417e+01]
 [ 0.00000000e+00]
 [ 1.62653527e+01]
 [ 0.00000000e+00]
 [ 0.00000000e+00]
 [ 7.54168161e+00]
 [-7.19624465e+00]
 [-2.70726714e+01]
 [ 0.00000000e+00]
 [ 0.00000000e+00]
 [ 6.68446852e-01]
 [-7.06192121e+00]
 [ 3.19109959e-01]
 [ 0.00000000e+00]
 [ 0.00000000e+00]
 [ 4.22886554e+00]
 [-8.22679609e+00]
 [ 5.21969173e+00]
 [ 5.53440017e-02]
 [-2.70952242e+01]
 [ 3.17765813e+01]
 [ 0.00000000e+00]
 [-1.36256154e+01]
 [-9.50764830e+00]
 [ 0.00000000e+00]
 [-2.51320045e+01]
 [-8.05425606e+00]
 [ 0.00000000e+00]
 [ 0.00000000e+00]
 [ 6.62315481e-01]
 [ 0.00000000e+00]
 [ 5.09660102e+01]
 [ 6.40600855e+00]
 [ 1.97288181e+01]
 [ 0.00000000e+00]
 [-1.26200218e+00]
 [ 6.78731868e-01]
 [-9.35729948e-07]
 [ 5.83829784e-07]
 [-1.64961581e+01]
 [ 9.45796003e+00]
 [ 3.45632554e+01]
 [ 1.60127015e+01]
 [-1.74391415e+01]
 [-4.98444585e+00]
 [ 1.11751576e+00]
 [ 2.23668341e-01]
 [-5.77753353e+01]]
Cost for size: 0.5 is equal 119598.94017937682
Theta is equal: [[ 4.93974375e+02]
 [-1.43409812e+01]
 [ 1.88362337e+01]
 [ 0.00000000e+00]
 [ 0.00000000e+00]
 [ 0.00000000e+00]
 [ 8.20453870e-01]
 [-1.97109131e+01]
 [-4.21187608e+00]
 [-5.81199401e+00]
 [-1.03659828e+01]
 [-9.32179632e+00]
 [-2.76781265e+00]
 [ 8.73388986e-01]
 [ 2.21445234e+01]
 [-7.54908014e+00]
 [-5.14347610e+00]
 [ 5.53556269e+00]
 [-1.01864166e+00]
 [ 0.00000000e+00]
 [-1.72312080e+01]
 [ 0.00000000e+00]
 [-3.57022825e+00]
 [ 8.99479140e-01]
 [-2.69151210e+00]
 [ 0.00000000e+00]
 [ 0.00000000e+00]
 [ 0.00000000e+00]
 [ 0.00000000e+00]
 [-1.09331414e+00]
 [ 0.00000000e+00]
 [ 3.39017910e-01]
 [ 2.78322390e+01]
 [ 1.86150372e+00]
 [ 1.28292904e+01]
 [ 0.00000000e+00]
 [-2.56218189e-01]
 [ 0.00000000e+00]
 [ 0.00000000e+00]
 [ 0.00000000e+00]
 [-5.09425509e+00]
 [-8.04597817e-01]
 [ 7.23237765e+00]
 [ 1.63393778e+01]
 [-9.09628307e+00]
 [ 0.00000000e+00]
 [ 2.02657786e+00]
 [-4.09188705e-01]
 [-5.06672118e+01]]
Cost for size: 0.625 is equal 116974.63029707568
Theta is equal: [[ 5.06577536e+02]
 [-2.12047209e+00]
 [ 2.90855298e+01]
 [ 0.00000000e+00]
 [ 0.00000000e+00]
 [ 0.00000000e+00]
 [ 0.00000000e+00]
 [-3.05707665e+01]
 [-1.73968642e+01]
 [ 0.00000000e+00]
 [-3.02137911e+00]
 [-4.45415430e+00]
 [-5.87401322e+00]
 [ 3.93724725e-02]
 [ 2.87413284e+01]
 [-7.55046316e+00]
 [-7.57038874e+00]
 [ 7.90644977e+00]
 [-1.25510870e+00]
 [ 0.00000000e+00]
 [-2.30238630e+01]
 [ 2.06950853e+00]
 [ 0.00000000e+00]
 [ 0.00000000e+00]
 [-1.36333503e+01]
 [ 3.02141832e+00]
 [-7.49192889e+00]
 [-8.55834391e-01]
 [ 0.00000000e+00]
 [-2.08147056e+00]
 [-3.27597339e-01]
 [ 1.82937817e+00]
 [ 2.98288515e+01]
 [ 3.87035436e+00]
 [ 7.93334975e+00]
 [ 0.00000000e+00]
 [-1.23730798e+00]
 [ 0.00000000e+00]
 [ 0.00000000e+00]
 [ 0.00000000e+00]
 [-7.82168587e+00]
 [-5.77535747e-01]
 [ 0.00000000e+00]
 [ 9.05203705e+00]
 [-3.27862030e+00]
 [-1.95272705e-01]
 [ 1.10717487e+00]
 [-4.68492684e-03]
 [-5.65499302e+01]]
Cost for size: 0.75 is equal 117546.35942229249
Theta is equal: [[ 5.17348963e+02]
 [-2.49522825e+01]
 [ 3.00850895e+00]
 [ 0.00000000e+00]
 [-2.94395286e+00]
 [ 0.00000000e+00]
 [ 0.00000000e+00]
 [-3.30948619e+00]
 [-2.05988765e+01]
 [-6.73302153e-01]
 [-4.54584941e-01]
 [-3.86429070e+00]
 [-6.58134376e+00]
 [ 8.27348230e-08]
 [ 2.01982490e+01]
 [-6.63252503e+00]
 [ 0.00000000e+00]
 [ 4.76384171e+00]
 [ 0.00000000e+00]
 [ 0.00000000e+00]
 [-1.82139688e+01]
 [ 0.00000000e+00]
 [-6.23917964e+00]
 [ 1.88325752e+00]
 [-9.66073417e+00]
 [ 0.00000000e+00]
 [-1.25894813e+00]
 [-1.27576555e+00]
 [-6.66129151e-01]
 [-9.24296315e-02]
 [ 0.00000000e+00]
 [ 0.00000000e+00]
 [ 2.48350851e+01]
 [ 7.50352648e+00]
 [ 0.00000000e+00]
 [ 0.00000000e+00]
 [-1.80937675e-07]
 [ 0.00000000e+00]
 [ 0.00000000e+00]
 [ 1.49064919e-04]
 [-1.97537287e+00]
 [ 0.00000000e+00]
 [ 0.00000000e+00]
 [ 2.59448421e+00]
 [-5.07879522e-01]
 [-3.06655900e-01]
 [ 0.00000000e+00]
 [ 0.00000000e+00]
 [-4.52779066e+01]]
Cost for size: 0.875 is equal 116314.63526353944
Theta is equal: [[ 5.03264692e+02]
 [-1.51040044e+01]
 [ 1.76409592e+01]
 [ 0.00000000e+00]
 [ 0.00000000e+00]
 [-3.09238157e+00]
 [ 0.00000000e+00]
 [-1.82608491e+01]
 [-1.82510790e+01]
 [-3.08523169e-01]
 [-2.34488752e+00]
 [-3.82714416e+00]
 [-9.87130767e+00]
 [ 1.80275497e-02]
 [ 2.53397274e+01]
 [-6.87923839e+00]
 [-3.14879315e+00]
 [ 4.80502859e-01]
 [-1.95278080e+00]
 [ 0.00000000e+00]
 [-1.75583061e+01]
 [ 4.20488625e-01]
 [-3.18635105e+00]
 [ 6.39468392e-02]
 [-2.21033082e+00]
 [ 0.00000000e+00]
 [ 0.00000000e+00]
 [ 0.00000000e+00]
 [ 0.00000000e+00]
 [-2.55781823e-01]
 [ 0.00000000e+00]
 [ 0.00000000e+00]
 [ 2.69390439e+01]
 [ 3.00604186e+00]
 [-6.87426741e-01]
 [-1.36382445e+00]
 [ 0.00000000e+00]
 [ 0.00000000e+00]
 [ 6.52780548e-01]
 [ 1.51626894e-01]
 [-7.74134626e+00]
 [ 0.00000000e+00]
 [ 0.00000000e+00]
 [ 5.59103516e+00]
 [-2.39491442e+00]
 [ 0.00000000e+00]
 [-4.75797010e-01]
 [ 0.00000000e+00]
 [-5.46077156e+01]]
Cost for size: 1 is equal 116777.20129970124
Theta is equal: [[ 5.28945108e+02]
 [-1.60813588e+01]
 [ 6.52152920e+00]
 [ 0.00000000e+00]
 [ 0.00000000e+00]
 [-1.45194970e+00]
 [ 0.00000000e+00]
 [-6.75288487e+00]
 [-2.36685957e+01]
 [-1.51702828e+00]
 [-4.69119949e-01]
 [-2.43471350e+00]
 [-4.21467272e+00]
 [ 0.00000000e+00]
 [ 2.55364123e+01]
 [-6.04838486e+00]
 [-3.57445080e-01]
 [-1.10966208e+00]
 [-1.90304232e+00]
 [-3.33569720e+00]
 [-1.69454011e+01]
 [ 0.00000000e+00]
 [-4.03331071e+00]
 [-1.16958182e-01]
 [-2.52670513e+00]
 [ 1.41044266e+00]
 [ 3.76145157e+00]
 [ 0.00000000e+00]
 [ 0.00000000e+00]
 [-9.62466555e-03]
 [-4.60506877e-01]
 [ 4.09303410e-01]
 [ 2.49632641e+01]
 [ 0.00000000e+00]
 [ 0.00000000e+00]
 [-9.61299156e-02]
 [ 0.00000000e+00]
 [-2.99777401e-01]
 [ 8.63244505e-01]
 [ 0.00000000e+00]
 [-6.47856635e+00]
 [ 0.00000000e+00]
 [ 0.00000000e+00]
 [ 3.04446054e+00]
 [-1.34195320e+00]
 [ 0.00000000e+00]
 [ 0.00000000e+00]
 [ 0.00000000e+00]
 [-6.59816004e+01]]

